x_l , NLO , dNLO
30.00000000 , 0.000000000000000e+00 , 0.000000000000000e+00
30.16666667 , 0.000000000000000e+00 , 0.000000000000000e+00
30.33333333 , 0.000000000000000e+00 , 0.000000000000000e+00
30.50000000 , 0.000000000000000e+00 , 0.000000000000000e+00
30.66666667 , 0.000000000000000e+00 , 0.000000000000000e+00
30.83333333 , 0.000000000000000e+00 , 0.000000000000000e+00
31.00000000 , 0.000000000000000e+00 , 0.000000000000000e+00
31.16666667 , 0.000000000000000e+00 , 0.000000000000000e+00
31.33333333 , 0.000000000000000e+00 , 0.000000000000000e+00
31.50000000 , 0.000000000000000e+00 , 0.000000000000000e+00
31.66666667 , 0.000000000000000e+00 , 0.000000000000000e+00
31.83333333 , 0.000000000000000e+00 , 0.000000000000000e+00
32.00000000 , 0.000000000000000e+00 , 0.000000000000000e+00
32.16666667 , 0.000000000000000e+00 , 0.000000000000000e+00
32.33333333 , 0.000000000000000e+00 , 0.000000000000000e+00
32.50000000 , 0.000000000000000e+00 , 0.000000000000000e+00
32.66666667 , 0.000000000000000e+00 , 0.000000000000000e+00
32.83333333 , 0.000000000000000e+00 , 0.000000000000000e+00
33.00000000 , 0.000000000000000e+00 , 0.000000000000000e+00
33.16666667 , 0.000000000000000e+00 , 0.000000000000000e+00
33.33333333 , 0.000000000000000e+00 , 0.000000000000000e+00
33.50000000 , 0.000000000000000e+00 , 0.000000000000000e+00
33.66666667 , 0.000000000000000e+00 , 0.000000000000000e+00
33.83333333 , 0.000000000000000e+00 , 0.000000000000000e+00
34.00000000 , 0.000000000000000e+00 , 0.000000000000000e+00
34.16666667 , 0.000000000000000e+00 , 0.000000000000000e+00
34.33333333 , 0.000000000000000e+00 , 0.000000000000000e+00
34.50000000 , 0.000000000000000e+00 , 0.000000000000000e+00
34.66666667 , 0.000000000000000e+00 , 0.000000000000000e+00
34.83333333 , 0.000000000000000e+00 , 0.000000000000000e+00
35.00000000 , 0.000000000000000e+00 , 0.000000000000000e+00
35.16666667 , 0.000000000000000e+00 , 0.000000000000000e+00
35.33333333 , 0.000000000000000e+00 , 0.000000000000000e+00
35.50000000 , 0.000000000000000e+00 , 0.000000000000000e+00
35.66666667 , 0.000000000000000e+00 , 0.000000000000000e+00
35.83333333 , 0.000000000000000e+00 , 0.000000000000000e+00
36.00000000 , 0.000000000000000e+00 , 0.000000000000000e+00
36.16666667 , 0.000000000000000e+00 , 0.000000000000000e+00
36.33333333 , 0.000000000000000e+00 , 0.000000000000000e+00
36.50000000 , 0.000000000000000e+00 , 0.000000000000000e+00
36.66666667 , 0.000000000000000e+00 , 0.000000000000000e+00
36.83333333 , 0.000000000000000e+00 , 0.000000000000000e+00
37.00000000 , 0.000000000000000e+00 , 0.000000000000000e+00
37.16666667 , 0.000000000000000e+00 , 0.000000000000000e+00
37.33333333 , 0.000000000000000e+00 , 0.000000000000000e+00
37.50000000 , 0.000000000000000e+00 , 0.000000000000000e+00
37.66666667 , 0.000000000000000e+00 , 0.000000000000000e+00
37.83333333 , 0.000000000000000e+00 , 0.000000000000000e+00
38.00000000 , 0.000000000000000e+00 , 0.000000000000000e+00
38.16666667 , 0.000000000000000e+00 , 0.000000000000000e+00
38.33333333 , 0.000000000000000e+00 , 0.000000000000000e+00
38.50000000 , 0.000000000000000e+00 , 0.000000000000000e+00
38.66666667 , 0.000000000000000e+00 , 0.000000000000000e+00
38.83333333 , 0.000000000000000e+00 , 0.000000000000000e+00
39.00000000 , 0.000000000000000e+00 , 0.000000000000000e+00
39.16666667 , 0.000000000000000e+00 , 0.000000000000000e+00
39.33333333 , 0.000000000000000e+00 , 0.000000000000000e+00
39.50000000 , 0.000000000000000e+00 , 0.000000000000000e+00
39.66666667 , 0.000000000000000e+00 , 0.000000000000000e+00
39.83333333 , 0.000000000000000e+00 , 0.000000000000000e+00
40.00000000 , 0.000000000000000e+00 , 0.000000000000000e+00
40.16666667 , 0.000000000000000e+00 , 0.000000000000000e+00
40.33333333 , 0.000000000000000e+00 , 0.000000000000000e+00
40.50000000 , 0.000000000000000e+00 , 0.000000000000000e+00
40.66666667 , 0.000000000000000e+00 , 0.000000000000000e+00
40.83333333 , 0.000000000000000e+00 , 0.000000000000000e+00
41.00000000 , 0.000000000000000e+00 , 0.000000000000000e+00
41.16666667 , 0.000000000000000e+00 , 0.000000000000000e+00
41.33333333 , 0.000000000000000e+00 , 0.000000000000000e+00
41.50000000 , 0.000000000000000e+00 , 0.000000000000000e+00
41.66666667 , 0.000000000000000e+00 , 0.000000000000000e+00
41.83333333 , 0.000000000000000e+00 , 0.000000000000000e+00
42.00000000 , 0.000000000000000e+00 , 0.000000000000000e+00
42.16666667 , 0.000000000000000e+00 , 0.000000000000000e+00
42.33333333 , 0.000000000000000e+00 , 0.000000000000000e+00
42.50000000 , 0.000000000000000e+00 , 0.000000000000000e+00
42.66666667 , 0.000000000000000e+00 , 0.000000000000000e+00
42.83333333 , 0.000000000000000e+00 , 0.000000000000000e+00
43.00000000 , 0.000000000000000e+00 , 0.000000000000000e+00
43.16666667 , 0.000000000000000e+00 , 0.000000000000000e+00
43.33333333 , 0.000000000000000e+00 , 0.000000000000000e+00
43.50000000 , 0.000000000000000e+00 , 0.000000000000000e+00
43.66666667 , 0.000000000000000e+00 , 0.000000000000000e+00
43.83333333 , 0.000000000000000e+00 , 0.000000000000000e+00
44.00000000 , 0.000000000000000e+00 , 0.000000000000000e+00
44.16666667 , 0.000000000000000e+00 , 0.000000000000000e+00
44.33333333 , 0.000000000000000e+00 , 0.000000000000000e+00
44.50000000 , 0.000000000000000e+00 , 0.000000000000000e+00
44.66666667 , 0.000000000000000e+00 , 0.000000000000000e+00
44.83333333 , 0.000000000000000e+00 , 0.000000000000000e+00
45.00000000 , 0.000000000000000e+00 , 0.000000000000000e+00
45.16666667 , 0.000000000000000e+00 , 0.000000000000000e+00
45.33333333 , 0.000000000000000e+00 , 0.000000000000000e+00
45.50000000 , 0.000000000000000e+00 , 0.000000000000000e+00
45.66666667 , 0.000000000000000e+00 , 0.000000000000000e+00
45.83333333 , 0.000000000000000e+00 , 0.000000000000000e+00
46.00000000 , 0.000000000000000e+00 , 0.000000000000000e+00
46.16666667 , 0.000000000000000e+00 , 0.000000000000000e+00
46.33333333 , 0.000000000000000e+00 , 0.000000000000000e+00
46.50000000 , 0.000000000000000e+00 , 0.000000000000000e+00
46.66666667 , 0.000000000000000e+00 , 0.000000000000000e+00
46.83333333 , 0.000000000000000e+00 , 0.000000000000000e+00
47.00000000 , 0.000000000000000e+00 , 0.000000000000000e+00
47.16666667 , 0.000000000000000e+00 , 0.000000000000000e+00
47.33333333 , 0.000000000000000e+00 , 0.000000000000000e+00
47.50000000 , 0.000000000000000e+00 , 0.000000000000000e+00
47.66666667 , 0.000000000000000e+00 , 0.000000000000000e+00
47.83333333 , 0.000000000000000e+00 , 0.000000000000000e+00
48.00000000 , 0.000000000000000e+00 , 0.000000000000000e+00
48.16666667 , 0.000000000000000e+00 , 0.000000000000000e+00
48.33333333 , 0.000000000000000e+00 , 0.000000000000000e+00
48.50000000 , 0.000000000000000e+00 , 0.000000000000000e+00
48.66666667 , 0.000000000000000e+00 , 0.000000000000000e+00
48.83333333 , 0.000000000000000e+00 , 0.000000000000000e+00
49.00000000 , 0.000000000000000e+00 , 0.000000000000000e+00
49.16666667 , 0.000000000000000e+00 , 0.000000000000000e+00
49.33333333 , 0.000000000000000e+00 , 0.000000000000000e+00
49.50000000 , 0.000000000000000e+00 , 0.000000000000000e+00
49.66666667 , 0.000000000000000e+00 , 0.000000000000000e+00
49.83333333 , 0.000000000000000e+00 , 0.000000000000000e+00
50.00000000 , 9.002279342146512e-07 , 9.484041665148527e-08
50.16666667 , 5.105146924890828e-06 , 2.127921896374922e-07
50.33333333 , 1.155200061665548e-05 , 3.231756855877496e-07
50.50000000 , 1.986455780198535e-05 , 4.255284468142694e-07
50.66666667 , 2.894394875655622e-05 , 5.159633871948980e-07
50.83333333 , 4.114774949640070e-05 , 6.175329401154258e-07
51.00000000 , 5.562441852249654e-05 , 7.208158007138185e-07
51.16666667 , 7.108497784162603e-05 , 8.165512154375208e-07
51.33333333 , 8.890201169223444e-05 , 9.173205882114993e-07
51.50000000 , 1.110867275710653e-04 , 1.024607202561516e-06
51.66666667 , 1.366500854587120e-04 , 1.147732770687834e-06
51.83333333 , 1.798662237302903e-04 , 1.348334636681754e-06
52.00000000 , 2.646796477498485e-04 , 1.703925459019186e-06
52.16666667 , 5.174694566704409e-04 , 2.524926660394499e-06
52.33333333 , 8.540678627714662e-04 , 3.325278080322938e-06
52.50000000 , 1.172823988006491e-03 , 3.918575692777905e-06
52.66666667 , 1.479384824828411e-03 , 4.415712177725455e-06
52.83333333 , 1.761828088926270e-03 , 4.819347603267831e-06
53.00000000 , 2.045607674835904e-03 , 5.203100487393226e-06
53.16666667 , 2.313188468771500e-03 , 5.529065590970920e-06
53.33333333 , 2.576409874961058e-03 , 5.836154313135000e-06
53.50000000 , 2.823733252150099e-03 , 6.096896647235805e-06
53.66666667 , 3.052358879586227e-03 , 6.332210134313817e-06
53.83333333 , 3.298923764820688e-03 , 6.582908946680423e-06
54.00000000 , 3.510131728903149e-03 , 6.767477122352399e-06
54.16666667 , 3.741359820809958e-03 , 6.985675852487543e-06
54.33333333 , 3.932924656525522e-03 , 7.149723323683909e-06
54.50000000 , 4.166756844502605e-03 , 7.355016931890947e-06
54.66666667 , 4.353736741657940e-03 , 7.504758985321729e-06
54.83333333 , 4.548302987398940e-03 , 7.657276541709021e-06
55.00000000 , 4.742257056134831e-03 , 7.812276920275724e-06
55.16666667 , 4.932791215815370e-03 , 7.951352651869033e-06
55.33333333 , 5.126005555442907e-03 , 8.100012896698106e-06
55.50000000 , 5.310375865996583e-03 , 8.228944844512564e-06
55.66666667 , 5.498426203191119e-03 , 8.361861636365247e-06
55.83333333 , 5.658339323964200e-03 , 8.471965585087429e-06
56.00000000 , 5.824850521809998e-03 , 8.584886661824507e-06
56.16666667 , 6.009422907483304e-03 , 8.707514734070981e-06
56.33333333 , 6.165750263358969e-03 , 8.807863723256126e-06
56.50000000 , 6.330431537774439e-03 , 8.913338338715589e-06
56.66666667 , 6.509156521785098e-03 , 9.028760648393429e-06
56.83333333 , 6.666893331099486e-03 , 9.120444631380248e-06
57.00000000 , 6.832020914393042e-03 , 9.224663374323650e-06
57.16666667 , 6.967715524663112e-03 , 9.296862403370852e-06
57.33333333 , 7.148283204259800e-03 , 9.411097812299820e-06
57.50000000 , 7.293300508664839e-03 , 9.491214365339157e-06
57.66666667 , 7.437027841870473e-03 , 9.566140008573999e-06
57.83333333 , 7.601029974089160e-03 , 9.668300935984524e-06
58.00000000 , 7.746426035705270e-03 , 9.744778765810721e-06
58.16666667 , 7.885274280055162e-03 , 9.813541399705102e-06
58.33333333 , 8.025550953903986e-03 , 9.888474206343830e-06
58.50000000 , 8.203130811887491e-03 , 9.998066095662748e-06
58.66666667 , 8.352273838878703e-03 , 1.006884614089083e-05
58.83333333 , 8.472980981367581e-03 , 1.012720299984316e-05
59.00000000 , 8.621189164069570e-03 , 1.021067022990691e-05
59.16666667 , 8.745258066932360e-03 , 1.026086564124913e-05
59.33333333 , 8.906831966648007e-03 , 1.035016451377748e-05
59.50000000 , 9.056576218410597e-03 , 1.042436069648226e-05
59.66666667 , 9.186155093737132e-03 , 1.048370627399436e-05
59.83333333 , 9.309188903228321e-03 , 1.054798508164910e-05
60.00000000 , 9.451021393479321e-03 , 1.061065676233199e-05
60.16666667 , 9.592915352530500e-03 , 1.068151872551276e-05
60.33333333 , 9.710409874740568e-03 , 1.072068272182336e-05
60.50000000 , 9.870577747379844e-03 , 1.080919946553063e-05
60.66666667 , 9.986964532378103e-03 , 1.086097003788581e-05
60.83333333 , 1.011565486255223e-02 , 1.091267795287876e-05
61.00000000 , 1.025187614604178e-02 , 1.097205697791351e-05
61.16666667 , 1.037437502387554e-02 , 1.102363126071776e-05
61.33333333 , 1.051722340395276e-02 , 1.108578278310493e-05
61.50000000 , 1.063480278373895e-02 , 1.114008311560075e-05
61.66666667 , 1.076393242392157e-02 , 1.119343614662452e-05
61.83333333 , 1.089039919272428e-02 , 1.124331388790313e-05
62.00000000 , 1.103932375311725e-02 , 1.131524158945110e-05
62.16666667 , 1.112791771950182e-02 , 1.133794921055957e-05
62.33333333 , 1.127803365386641e-02 , 1.140150302949317e-05
62.50000000 , 1.138472318472472e-02 , 1.144270435535584e-05
62.66666667 , 1.150435872948019e-02 , 1.149507358879020e-05
62.83333333 , 1.166019371614210e-02 , 1.156018879119902e-05
63.00000000 , 1.176260906100795e-02 , 1.159784811111922e-05
63.16666667 , 1.189817701226614e-02 , 1.165366815484871e-05
63.33333333 , 1.200496661500470e-02 , 1.169224624788356e-05
63.50000000 , 1.212557138454197e-02 , 1.174021856198621e-05
63.66666667 , 1.225923841929295e-02 , 1.179104630697339e-05
63.83333333 , 1.239143115485745e-02 , 1.184811705219989e-05
64.00000000 , 1.252231646414588e-02 , 1.189256137724239e-05
64.16666667 , 1.261594659586488e-02 , 1.192159908666722e-05
64.33333333 , 1.273921127244147e-02 , 1.196867359599153e-05
64.50000000 , 1.285956801512387e-02 , 1.201524453639407e-05
64.66666667 , 1.298150427187642e-02 , 1.205757609110636e-05
64.83333333 , 1.310394324767077e-02 , 1.209957955756074e-05
65.00000000 , 1.323371890028434e-02 , 1.215001971221467e-05
65.16666667 , 1.334174836662042e-02 , 1.219132216528426e-05
65.33333333 , 1.346568855349941e-02 , 1.223630225168628e-05
65.50000000 , 1.357581954486889e-02 , 1.226914828435820e-05
65.66666667 , 1.367683121853780e-02 , 1.230620532798881e-05
65.83333333 , 1.379741003836535e-02 , 1.234687080409917e-05
66.00000000 , 1.390635794335323e-02 , 1.238228604890639e-05
66.16666667 , 1.399954022317213e-02 , 1.240536249712768e-05
66.33333333 , 1.414670090347056e-02 , 1.246607981055071e-05
66.50000000 , 1.425651824003855e-02 , 1.250224738722328e-05
66.66666667 , 1.438955570279022e-02 , 1.254529381250778e-05
66.83333333 , 1.450966412469683e-02 , 1.259157564469265e-05
67.00000000 , 1.459688906763781e-02 , 1.261207475577343e-05
67.16666667 , 1.470408680871246e-02 , 1.264842482964155e-05
67.33333333 , 1.484018796694068e-02 , 1.269586364463740e-05
67.50000000 , 1.495512257446733e-02 , 1.273759059682133e-05
67.66666667 , 1.504980715929345e-02 , 1.276156154145521e-05
67.83333333 , 1.516145725380973e-02 , 1.280057202698091e-05
68.00000000 , 1.525581414305178e-02 , 1.282348375966327e-05
68.16666667 , 1.539308695763067e-02 , 1.287402212464643e-05
68.33333333 , 1.550315006697692e-02 , 1.290227101445831e-05
68.50000000 , 1.560736754193079e-02 , 1.293510724146900e-05
68.66666667 , 1.572800245963155e-02 , 1.297296019067829e-05
68.83333333 , 1.584316147603824e-02 , 1.300883926855777e-05
69.00000000 , 1.595795874667577e-02 , 1.304269391415557e-05
69.16666667 , 1.602152212948464e-02 , 1.305685247663718e-05
69.33333333 , 1.613675981588901e-02 , 1.308845317010840e-05
69.50000000 , 1.625509128931747e-02 , 1.313049825802894e-05
69.66666667 , 1.636866843582253e-02 , 1.316051194510705e-05
69.83333333 , 1.649639220879063e-02 , 1.320460170185669e-05
70.00000000 , 1.658380400944925e-02 , 1.323098951064680e-05
70.16666667 , 1.669613363674568e-02 , 1.325623645848267e-05
70.33333333 , 1.679703532845165e-02 , 1.328562954818916e-05
70.50000000 , 1.691649589498079e-02 , 1.332106941529150e-05
70.66666667 , 1.699869066669354e-02 , 1.334294102028835e-05
70.83333333 , 1.708147967462064e-02 , 1.336236846982046e-05
71.00000000 , 1.721582233835069e-02 , 1.341024299829369e-05
71.16666667 , 1.732001651810865e-02 , 1.343613832735073e-05
71.33333333 , 1.743127171949513e-02 , 1.346500738665530e-05
71.50000000 , 1.751561452419229e-02 , 1.348594331179666e-05
71.66666667 , 1.762050913677685e-02 , 1.351272829522563e-05
71.83333333 , 1.772858859027808e-02 , 1.354449903254067e-05
72.00000000 , 1.780519366339427e-02 , 1.355959088770236e-05
72.16666667 , 1.796184183673768e-02 , 1.361389237319284e-05
72.33333333 , 1.804037866810335e-02 , 1.362879998589982e-05
72.50000000 , 1.813515153038311e-02 , 1.365413832867227e-05
72.66666667 , 1.824481402670788e-02 , 1.368201379200599e-05
72.83333333 , 1.834443324952435e-02 , 1.370968203464585e-05
73.00000000 , 1.842992936935964e-02 , 1.373066559805628e-05
73.16666667 , 1.854243187618252e-02 , 1.376293269215086e-05
73.33333333 , 1.863751002500780e-02 , 1.378360047423731e-05
73.50000000 , 1.874990610731395e-02 , 1.381593282400754e-05
73.66666667 , 1.882927518458011e-02 , 1.383399951771398e-05
73.83333333 , 1.894384883515303e-02 , 1.386622281718360e-05
74.00000000 , 1.902464178732312e-02 , 1.388173997205800e-05
74.16666667 , 1.911587506248094e-02 , 1.390486464343997e-05
74.33333333 , 1.922603276434245e-02 , 1.393259663419305e-05
74.50000000 , 1.931886113986840e-02 , 1.395401262598401e-05
74.66666667 , 1.942807201883381e-02 , 1.398737049235412e-05
74.83333333 , 1.952866552093774e-02 , 1.400804577763236e-05
75.00000000 , 1.959058221365799e-02 , 1.401948693029236e-05
75.16666667 , 1.969160300861358e-02 , 1.404515295589859e-05
75.33333333 , 1.978414960959104e-02 , 1.406645418838393e-05
75.50000000 , 1.987802307562616e-02 , 1.409075225522334e-05
75.66666667 , 2.001871208194408e-02 , 1.413317763826115e-05
75.83333333 , 2.007591781266674e-02 , 1.413718910460371e-05
76.00000000 , 2.016729531112478e-02 , 1.416131017728137e-05
76.16666667 , 2.025751283887772e-02 , 1.418107247995142e-05
76.33333333 , 2.034377502506749e-02 , 1.419770406125792e-05
76.50000000 , 2.044496100096054e-02 , 1.422317409837381e-05
76.66666667 , 2.052607497273260e-02 , 1.423966188988883e-05
76.83333333 , 2.063213231403038e-02 , 1.426867076293172e-05
77.00000000 , 2.072845423382693e-02 , 1.429201440836969e-05
77.16666667 , 2.079727742106635e-02 , 1.430220922658789e-05
77.33333333 , 2.085140725525781e-02 , 1.430697682715219e-05
77.50000000 , 2.097524135911999e-02 , 1.434580340748726e-05
77.66666667 , 2.105820336269277e-02 , 1.435954993802684e-05
77.83333333 , 2.114792416792545e-02 , 1.438259764363292e-05
78.00000000 , 2.123859691581157e-02 , 1.439937414675122e-05
78.16666667 , 2.130947067703865e-02 , 1.441104324344732e-05
78.33333333 , 2.141814589661142e-02 , 1.444222287086658e-05
78.50000000 , 2.150356609692986e-02 , 1.445879233930170e-05
78.66666667 , 2.159514859658287e-02 , 1.447837048197318e-05
78.83333333 , 2.165262909761296e-02 , 1.448896319142782e-05
79.00000000 , 2.173459479503047e-02 , 1.450010874255482e-05
79.16666667 , 2.181475240946476e-02 , 1.452225930710843e-05
79.33333333 , 2.190082044281440e-02 , 1.453628377352087e-05
79.50000000 , 2.197109107194636e-02 , 1.455339533515784e-05
79.66666667 , 2.211103585026411e-02 , 1.459030869511826e-05
79.83333333 , 2.214934519195735e-02 , 1.458879944202338e-05
80.00000000 , 2.223587079071190e-02 , 1.460634947654424e-05
80.16666667 , 2.227202195176440e-02 , 1.460453657233889e-05
80.33333333 , 2.234838678062714e-02 , 1.461885432480846e-05
80.50000000 , 2.248323946770837e-02 , 1.465800752234607e-05
80.66666667 , 2.251305450181224e-02 , 1.465636601610986e-05
80.83333333 , 2.261473639762774e-02 , 1.468314118075164e-05
81.00000000 , 2.268259896426655e-02 , 1.468944658456020e-05
81.16666667 , 2.276321989075857e-02 , 1.470714717006988e-05
81.33333333 , 2.281214917789482e-02 , 1.471161926352972e-05
81.50000000 , 2.286989725170594e-02 , 1.471971961807568e-05
81.66666667 , 2.298640121906218e-02 , 1.474665017781153e-05
81.83333333 , 2.303041806434063e-02 , 1.475076610310011e-05
82.00000000 , 2.309604425237335e-02 , 1.476465798300980e-05
82.16666667 , 2.315049810730072e-02 , 1.477046052261886e-05
82.33333333 , 2.320450255832850e-02 , 1.478226459970549e-05
82.50000000 , 2.327865423047227e-02 , 1.479474825126368e-05
82.66666667 , 2.331778306943439e-02 , 1.479554644896556e-05
82.83333333 , 2.334016069121212e-02 , 1.479683414608296e-05
83.00000000 , 2.338955455591621e-02 , 1.480254200817527e-05
83.16666667 , 2.342261155040662e-02 , 1.480798937485394e-05
83.33333333 , 2.341265827818585e-02 , 1.479525386438622e-05
83.50000000 , 2.345144363328551e-02 , 1.479997699912280e-05
83.66666667 , 2.349502282924525e-02 , 1.480764461927630e-05
83.83333333 , 2.350030591333418e-02 , 1.480191874503755e-05
84.00000000 , 2.351321450417893e-02 , 1.479701014991357e-05
84.16666667 , 2.354104390561881e-02 , 1.479667722188740e-05
84.33333333 , 2.357035988067202e-02 , 1.480013127280339e-05
84.50000000 , 2.358479160894418e-02 , 1.479702895884069e-05
84.66666667 , 2.359520682841389e-02 , 1.479535204438655e-05
84.83333333 , 2.359402813680553e-02 , 1.478174803998478e-05
85.00000000 , 2.362221546204145e-02 , 1.478537390391102e-05
85.16666667 , 2.366360214026211e-02 , 1.479028481347055e-05
85.33333333 , 2.364833099344623e-02 , 1.477532927660331e-05
85.50000000 , 2.366930219939329e-02 , 1.477754433902636e-05
85.66666667 , 2.368941339270487e-02 , 1.477651153663084e-05
85.83333333 , 2.369079256209925e-02 , 1.476716102459295e-05
86.00000000 , 2.369184708763816e-02 , 1.476465128686387e-05
86.16666667 , 2.372645628203358e-02 , 1.476677733473317e-05
86.33333333 , 2.374484974301516e-02 , 1.476581336073326e-05
86.50000000 , 2.375573327693505e-02 , 1.476310763562117e-05
86.66666667 , 2.377627009015263e-02 , 1.476550862807531e-05
86.83333333 , 2.375988247682569e-02 , 1.474773344130604e-05
87.00000000 , 2.375861534353063e-02 , 1.474084210257904e-05
87.16666667 , 2.377724345620821e-02 , 1.473889725270080e-05
87.33333333 , 2.377285048951532e-02 , 1.473299643122601e-05
87.50000000 , 2.379621539450774e-02 , 1.473251440015331e-05
87.66666667 , 2.384140857439723e-02 , 1.474043951556323e-05
87.83333333 , 2.376990424725355e-02 , 1.471053197169820e-05
88.00000000 , 2.379811486936784e-02 , 1.471241075005094e-05
88.16666667 , 2.382234977033250e-02 , 1.471310463217294e-05
88.33333333 , 2.380636571814380e-02 , 1.469984702175962e-05
88.50000000 , 2.379666946386650e-02 , 1.468867554730460e-05
88.66666667 , 2.381112603304671e-02 , 1.468782189973895e-05
88.83333333 , 2.381714299427820e-02 , 1.468290148868780e-05
89.00000000 , 2.381875753844832e-02 , 1.467719787377744e-05
89.16666667 , 2.381702355854981e-02 , 1.466884501828042e-05
89.33333333 , 2.381165311556364e-02 , 1.466321815964817e-05
89.50000000 , 2.379467237457418e-02 , 1.465142792484022e-05
89.66666667 , 2.381137236061364e-02 , 1.465142340093258e-05
89.83333333 , 2.380380426462507e-02 , 1.463994642819006e-05
90.00000000 , 2.381642159423183e-02 , 1.463881686798360e-05
90.16666667 , 2.379177684251970e-02 , 1.462560136273256e-05
90.33333333 , 2.380487353644437e-02 , 1.462287144168280e-05
90.50000000 , 2.379052841763852e-02 , 1.461323971156803e-05
90.66666667 , 2.379464388766208e-02 , 1.460664677032940e-05
90.83333333 , 2.377056541342929e-02 , 1.459291400884766e-05
91.00000000 , 2.375116712159209e-02 , 1.458352271939630e-05
91.16666667 , 2.376013671416929e-02 , 1.457956133205214e-05
91.33333333 , 2.373688543692441e-02 , 1.456254389210638e-05
91.50000000 , 2.372938938333027e-02 , 1.455586464105396e-05
91.66666667 , 2.372863816511077e-02 , 1.455110855587977e-05
91.83333333 , 2.371919838054292e-02 , 1.454248821260065e-05
92.00000000 , 2.370957983849470e-02 , 1.453674198812969e-05
92.16666667 , 2.367656372856288e-02 , 1.451694031302631e-05
92.33333333 , 2.368609200744799e-02 , 1.451677234285537e-05
92.50000000 , 2.366225098860024e-02 , 1.450192740200081e-05
92.66666667 , 2.365406893965292e-02 , 1.449377897963187e-05
92.83333333 , 2.363580510345455e-02 , 1.448452018563801e-05
93.00000000 , 2.361698760071081e-02 , 1.447516021772041e-05
93.16666667 , 2.361899549655107e-02 , 1.446735952488101e-05
93.33333333 , 2.356505841974545e-02 , 1.444146586318208e-05
93.50000000 , 2.358634987980080e-02 , 1.444389780975492e-05
93.66666667 , 2.356062581445435e-02 , 1.443534712915635e-05
93.83333333 , 2.352800580474815e-02 , 1.441811649869857e-05
94.00000000 , 2.351115621918914e-02 , 1.440757118188602e-05
94.16666667 , 2.349264175502521e-02 , 1.439566751037283e-05
94.33333333 , 2.344294849623535e-02 , 1.437200752099962e-05
94.50000000 , 2.344246094823960e-02 , 1.437254319567461e-05
94.66666667 , 2.342114403812922e-02 , 1.435733909548306e-05
94.83333333 , 2.339869459308629e-02 , 1.434782837021127e-05
95.00000000 , 2.339032775854547e-02 , 1.434293338406605e-05
95.16666667 , 2.338632955419608e-02 , 1.433478114170552e-05
95.33333333 , 2.332006650973090e-02 , 1.430270473266722e-05
95.50000000 , 2.328380121837148e-02 , 1.429025117757099e-05
95.66666667 , 2.325346155238012e-02 , 1.427309190301621e-05
95.83333333 , 2.325125839084593e-02 , 1.427349641333408e-05
96.00000000 , 2.319528532651592e-02 , 1.425025919280710e-05
96.16666667 , 2.316091247789964e-02 , 1.423365477678076e-05
96.33333333 , 2.315424202869745e-02 , 1.422776430475922e-05
96.50000000 , 2.311698451396633e-02 , 1.421380025092838e-05
96.66666667 , 2.306050637040891e-02 , 1.418785277008037e-05
96.83333333 , 2.305377486531375e-02 , 1.418476597827664e-05
97.00000000 , 2.300824673635347e-02 , 1.416149925882682e-05
97.16666667 , 2.298144776621676e-02 , 1.415128991445144e-05
97.33333333 , 2.295415690178789e-02 , 1.414259378690271e-05
97.50000000 , 2.288963790720798e-02 , 1.411837869580075e-05
97.66666667 , 2.280909503855796e-02 , 1.408823643669877e-05
97.83333333 , 2.271456277067167e-02 , 1.405823041998267e-05
98.00000000 , 2.267101716291275e-02 , 1.404135655180180e-05
98.16666667 , 2.258936676275865e-02 , 1.401369290034062e-05
98.33333333 , 2.251729220889830e-02 , 1.399201643805918e-05
98.50000000 , 2.241747328706198e-02 , 1.395682298309153e-05
98.66666667 , 2.235461781881607e-02 , 1.393670403277713e-05
98.83333333 , 2.226256064629565e-02 , 1.390383686367667e-05
99.00000000 , 2.218824552554438e-02 , 1.387937601354556e-05
99.16666667 , 2.210949267569340e-02 , 1.385170810211449e-05
99.33333333 , 2.201677283726105e-02 , 1.382147777003371e-05
99.50000000 , 2.196189506863519e-02 , 1.380587492578775e-05
99.66666667 , 2.185185242789869e-02 , 1.376460502354857e-05
99.83333333 , 2.179724570332681e-02 , 1.375079725819734e-05
100.00000000 , 2.171193545810243e-02 , 1.371894834406188e-05
100.16666667 , 2.162978344756504e-02 , 1.368669943010695e-05
100.33333333 , 2.152848865961072e-02 , 1.365895250675439e-05
100.50000000 , 2.144270842140740e-02 , 1.362751326725594e-05
100.66666667 , 2.137223227779584e-02 , 1.360317352041722e-05
100.83333333 , 2.129927119667353e-02 , 1.357916538675876e-05
101.00000000 , 2.117596592171670e-02 , 1.353584949800009e-05
101.16666667 , 2.109697023915623e-02 , 1.351231272658824e-05
101.33333333 , 2.099936320972074e-02 , 1.347996355822177e-05
101.50000000 , 2.089563850864525e-02 , 1.344359705608259e-05
101.66666667 , 2.083256091440971e-02 , 1.342511826004214e-05
101.83333333 , 2.073756554184209e-02 , 1.339561414328832e-05
102.00000000 , 2.063919860318493e-02 , 1.335898997838243e-05
102.16666667 , 2.054989080357828e-02 , 1.332964980240848e-05
102.33333333 , 2.045109467636930e-02 , 1.329427049564002e-05
102.50000000 , 2.037956882635737e-02 , 1.327171508822682e-05
102.66666667 , 2.027014583511097e-02 , 1.323639492112270e-05
102.83333333 , 2.016768457125720e-02 , 1.320294922088361e-05
103.00000000 , 2.005564183525892e-02 , 1.316561566487270e-05
103.16666667 , 1.998047090764877e-02 , 1.314053747426396e-05
103.33333333 , 1.988059983098440e-02 , 1.310108626782732e-05
103.50000000 , 1.981086614302304e-02 , 1.308180530810141e-05
103.66666667 , 1.968222466896076e-02 , 1.303992374127963e-05
103.83333333 , 1.960857078720281e-02 , 1.301403711375493e-05
104.00000000 , 1.951049778514743e-02 , 1.298218472494816e-05
104.16666667 , 1.941700843806849e-02 , 1.295140941367484e-05
104.33333333 , 1.930892101142983e-02 , 1.291301339884942e-05
104.50000000 , 1.919249947030770e-02 , 1.287055109095784e-05
104.66666667 , 1.912302041803670e-02 , 1.285059097193846e-05
104.83333333 , 1.900045485470601e-02 , 1.280422524350272e-05
105.00000000 , 1.893181162914753e-02 , 1.278346475365838e-05
105.16666667 , 1.879791255368138e-02 , 1.273454178474075e-05
105.33333333 , 1.869417785714547e-02 , 1.269871051198902e-05
105.50000000 , 1.860605499157978e-02 , 1.267280328204312e-05
105.66666667 , 1.851185359493829e-02 , 1.264366207838129e-05
105.83333333 , 1.841262841988622e-02 , 1.260428060535957e-05
106.00000000 , 1.832472782672712e-02 , 1.257786078453104e-05
106.16666667 , 1.821520068786834e-02 , 1.254003953505703e-05
106.33333333 , 1.811785864541712e-02 , 1.250416294231871e-05
106.50000000 , 1.799543359181215e-02 , 1.246106202843113e-05
106.66666667 , 1.791852563218380e-02 , 1.243586066419138e-05
106.83333333 , 1.780900148144603e-02 , 1.239905624171001e-05
107.00000000 , 1.769989781345297e-02 , 1.236235374967358e-05
107.16666667 , 1.760364534701413e-02 , 1.232684083858405e-05
107.33333333 , 1.749040141718053e-02 , 1.228549961512665e-05
107.50000000 , 1.738602751701123e-02 , 1.225196234796761e-05
107.66666667 , 1.730660530522174e-02 , 1.222525790482585e-05
107.83333333 , 1.719163427960746e-02 , 1.218617916626456e-05
108.00000000 , 1.708311002758306e-02 , 1.214612882280435e-05
108.16666667 , 1.698759900629795e-02 , 1.211225736944336e-05
108.33333333 , 1.686673323103392e-02 , 1.207361212599384e-05
108.50000000 , 1.675134400089298e-02 , 1.202783876912855e-05
108.66666667 , 1.667849880154166e-02 , 1.200450504363278e-05
108.83333333 , 1.655068150437006e-02 , 1.195776231794945e-05
109.00000000 , 1.646595093184588e-02 , 1.192845554161138e-05
109.16666667 , 1.634389835304664e-02 , 1.188373430743471e-05
109.33333333 , 1.624701197149020e-02 , 1.185202982971663e-05
109.50000000 , 1.612637715293051e-02 , 1.180942495692499e-05
109.66666667 , 1.600792631262948e-02 , 1.176526582404345e-05
109.83333333 , 1.591801895987678e-02 , 1.173443963571177e-05
110.00000000 , 1.577755609551883e-02 , 1.167833336552578e-05
110.16666667 , 1.567778968777984e-02 , 1.164353906267561e-05
110.33333333 , 1.556426571005455e-02 , 1.160061457905560e-05
110.50000000 , 1.548081920113412e-02 , 1.157522414826702e-05
110.66666667 , 1.538057900206251e-02 , 1.153995397838092e-05
110.83333333 , 1.523905246366764e-02 , 1.148862709280683e-05
111.00000000 , 1.514401674270771e-02 , 1.145490402128683e-05
111.16666667 , 1.503547814635820e-02 , 1.141507086355942e-05
111.33333333 , 1.492801178134911e-02 , 1.137405047402246e-05
111.50000000 , 1.479375328201332e-02 , 1.132502029954873e-05
111.66666667 , 1.468280878442066e-02 , 1.128304169882603e-05
111.83333333 , 1.458962978751109e-02 , 1.124925599223063e-05
112.00000000 , 1.447563515311350e-02 , 1.120622257198962e-05
112.16666667 , 1.436147262039827e-02 , 1.116158837312996e-05
112.33333333 , 1.422201492704838e-02 , 1.111337869471895e-05
112.50000000 , 1.411704283140148e-02 , 1.106843960651189e-05
112.66666667 , 1.403171042145112e-02 , 1.104270078523778e-05
112.83333333 , 1.390823856433948e-02 , 1.099659147296401e-05
113.00000000 , 1.380330336091938e-02 , 1.095617120292885e-05
113.16666667 , 1.368236386079214e-02 , 1.091125979272926e-05
113.33333333 , 1.356926637633122e-02 , 1.086812330981285e-05
113.50000000 , 1.342607340968071e-02 , 1.080325332637162e-05
113.66666667 , 1.332735998064255e-02 , 1.077210877074327e-05
113.83333333 , 1.321809753908568e-02 , 1.072868361739815e-05
114.00000000 , 1.309535826149678e-02 , 1.068259787106460e-05
114.16666667 , 1.299121214712567e-02 , 1.064545817047237e-05
114.33333333 , 1.287762619934635e-02 , 1.060108797422261e-05
114.50000000 , 1.274508905443872e-02 , 1.054291899038594e-05
114.66666667 , 1.262696307542576e-02 , 1.049906455786510e-05
114.83333333 , 1.252928539630549e-02 , 1.046330741346467e-05
115.00000000 , 1.240068626058172e-02 , 1.041062154085054e-05
115.16666667 , 1.228282663183431e-02 , 1.036214212705210e-05
115.33333333 , 1.214703795161352e-02 , 1.030570982786992e-05
115.50000000 , 1.204597526737889e-02 , 1.026731886789708e-05
115.66666667 , 1.190612788921355e-02 , 1.020529481789949e-05
115.83333333 , 1.179331210317607e-02 , 1.016369541705189e-05
116.00000000 , 1.167349992542683e-02 , 1.011491903682129e-05
116.16666667 , 1.157671237520531e-02 , 1.007861903229765e-05
116.33333333 , 1.144645344726338e-02 , 1.002147638126367e-05
116.50000000 , 1.134028010639337e-02 , 9.981816645403075e-06
116.66666667 , 1.119914333755580e-02 , 9.919112975103025e-06
116.83333333 , 1.108253595908954e-02 , 9.872972913956348e-06
117.00000000 , 1.096791860390348e-02 , 9.824906975138886e-06
117.16666667 , 1.086041232324203e-02 , 9.779316131135517e-06
117.33333333 , 1.072564528288519e-02 , 9.719190056733677e-06
117.50000000 , 1.059316037644204e-02 , 9.661135029800944e-06
117.66666667 , 1.045694836547244e-02 , 9.598072195365280e-06
117.83333333 , 1.033844589895246e-02 , 9.552619118621480e-06
118.00000000 , 1.018572896831252e-02 , 9.484150196453754e-06
118.16666667 , 1.009764909635269e-02 , 9.449541369347463e-06
118.33333333 , 9.964535860810171e-03 , 9.389877640819932e-06
118.50000000 , 9.840628341960445e-03 , 9.331645241825791e-06
118.66666667 , 9.703982162152104e-03 , 9.274935238655550e-06
118.83333333 , 9.586175007103678e-03 , 9.216872721296081e-06
119.00000000 , 9.469137195759423e-03 , 9.166981310827173e-06
119.16666667 , 9.315642223089253e-03 , 9.095066432808517e-06
119.33333333 , 9.182863404544507e-03 , 9.030225846521589e-06
119.50000000 , 9.094663411814233e-03 , 8.994190593507699e-06
119.66666667 , 8.941539640521837e-03 , 8.921306939778334e-06
119.83333333 , 8.800313843999099e-03 , 8.854113371347971e-06
120.00000000 , 8.674014783971814e-03 , 8.794918093918805e-06
120.16666667 , 8.545744940544378e-03 , 8.734043570732229e-06
120.33333333 , 8.409324383015920e-03 , 8.669310809448068e-06
120.50000000 , 8.297989741687585e-03 , 8.617762857252800e-06
120.66666667 , 8.133286555435609e-03 , 8.529080404083599e-06
120.83333333 , 8.005017419375015e-03 , 8.465313543775100e-06
121.00000000 , 7.860007993717468e-03 , 8.390613471095637e-06
121.16666667 , 7.729008548979478e-03 , 8.328560116645143e-06
121.33333333 , 7.588731321439047e-03 , 8.250878959384323e-06
121.50000000 , 7.449290554839462e-03 , 8.184205593919088e-06
121.66666667 , 7.309441455941095e-03 , 8.109381738376874e-06
121.83333333 , 7.164999654703257e-03 , 8.031429717208966e-06
122.00000000 , 7.014240280888764e-03 , 7.953341692401873e-06
122.16666667 , 6.894382721123635e-03 , 7.888010445556863e-06
122.33333333 , 6.729670974617497e-03 , 7.799318081836118e-06
122.50000000 , 6.593460426102747e-03 , 7.723907616758309e-06
122.66666667 , 6.442236141395675e-03 , 7.639511144228659e-06
122.83333333 , 6.293129690592741e-03 , 7.556309017951798e-06
123.00000000 , 6.130164865279328e-03 , 7.461037640735906e-06
123.16666667 , 5.982722556033113e-03 , 7.376946661100869e-06
123.33333333 , 5.820949815227881e-03 , 7.277657613524575e-06
123.50000000 , 5.664539320208169e-03 , 7.181660070996023e-06
123.66666667 , 5.511558275039002e-03 , 7.092845036987739e-06
123.83333333 , 5.349493003110205e-03 , 6.991836847430184e-06
124.00000000 , 5.186444611724267e-03 , 6.890513074404586e-06
124.16666667 , 5.029293927338887e-03 , 6.788544125183894e-06
124.33333333 , 4.849979885248238e-03 , 6.669143199174224e-06
124.50000000 , 4.684986812391863e-03 , 6.558804425094631e-06
124.66666667 , 4.513746695016882e-03 , 6.438925175743180e-06
124.83333333 , 4.343176611115196e-03 , 6.323780695861355e-06
125.00000000 , 4.150498014093063e-03 , 6.179167387269427e-06
125.16666667 , 3.971929749653500e-03 , 6.054203504830905e-06
125.33333333 , 3.787519627298167e-03 , 5.920019512852012e-06
125.50000000 , 3.593327744923770e-03 , 5.769250012730358e-06
125.66666667 , 3.388535251386287e-03 , 5.600689097699120e-06
125.83333333 , 3.186475306378960e-03 , 5.434476686192431e-06
126.00000000 , 2.987601641110793e-03 , 5.271965165416919e-06
126.16666667 , 2.762068866382883e-03 , 5.073266328370426e-06
126.33333333 , 2.548737726752853e-03 , 4.869917946567850e-06
126.50000000 , 2.330455611835676e-03 , 4.664485514608982e-06
126.66666667 , 2.091593987304414e-03 , 4.418919039268276e-06
126.83333333 , 1.848075172755630e-03 , 4.152076198239416e-06
127.00000000 , 1.597304287818459e-03 , 3.866795811671741e-06
127.16666667 , 1.334076942214984e-03 , 3.531295077241769e-06
127.33333333 , 1.059606421229725e-03 , 3.141501803032985e-06
127.50000000 , 7.742108552747245e-04 , 2.682981796981203e-06
127.66666667 , 4.815211122848645e-04 , 2.115492630948433e-06
127.83333333 , 2.640135142242922e-04 , 1.570871438526244e-06
128.00000000 , 1.876674496344829e-04 , 1.338638217882865e-06
128.16666667 , 1.442480921055795e-04 , 1.182136611282071e-06
128.33333333 , 1.163351870963404e-04 , 1.062762532467362e-06
128.50000000 , 9.135977958814938e-05 , 9.379561623087776e-07
128.66666667 , 7.144693675771273e-05 , 8.278602607239856e-07
128.83333333 , 5.655016927312088e-05 , 7.304908620415259e-07
129.00000000 , 4.174204742704637e-05 , 6.256704616875338e-07
129.16666667 , 2.926668563697210e-05 , 5.201689747930682e-07
129.33333333 , 1.990114949822838e-05 , 4.290099175968458e-07
129.50000000 , 1.099595670783523e-05 , 3.150545432774780e-07
129.66666667 , 4.649771418346229e-06 , 2.027868055959070e-07
129.83333333 , 7.653824478675231e-07 , 8.627990218148346e-08
