x_l , NLO , dNLO
0.00000000 , 1.528409230034285e-04 , 1.365965347591214e-06
0.10000000 , 5.738774397418350e-04 , 2.777817753675550e-06
0.20000000 , 9.398194222876115e-04 , 3.641015774139331e-06
0.30000000 , 1.244273677360138e-03 , 4.245762800707559e-06
0.40000000 , 1.505392513551912e-03 , 4.711918647837594e-06
0.50000000 , 1.734290829004462e-03 , 5.086789445576606e-06
0.60000000 , 1.936937695106538e-03 , 5.395186145466961e-06
0.70000000 , 2.124934030977806e-03 , 5.678773116936841e-06
0.80000000 , 2.295246994793879e-03 , 5.920209927995452e-06
0.90000000 , 2.460315461850190e-03 , 6.144355536642056e-06
1.00000000 , 2.618212077648709e-03 , 6.353848680290943e-06
1.10000000 , 2.773694552633588e-03 , 6.551907209265638e-06
1.20000000 , 2.921697590325128e-03 , 6.738849471871261e-06
1.30000000 , 3.050171636696855e-03 , 6.898622774425339e-06
1.40000000 , 3.195467676384714e-03 , 7.068672906659306e-06
1.50000000 , 3.310343794664330e-03 , 7.204230420888531e-06
1.60000000 , 3.453362243218837e-03 , 7.374407236457056e-06
1.70000000 , 3.594770000030615e-03 , 7.534945446806706e-06
1.80000000 , 3.729189682193003e-03 , 7.682438414828890e-06
1.90000000 , 3.866896341879417e-03 , 7.832369393731129e-06
2.00000000 , 3.992557602730886e-03 , 7.969913068332754e-06
2.10000000 , 4.131382081200765e-03 , 8.118514843549741e-06
2.20000000 , 4.269675581703526e-03 , 8.259412087045500e-06
2.30000000 , 4.394659554218089e-03 , 8.387349712660571e-06
2.40000000 , 4.560181451057651e-03 , 8.554540440496400e-06
2.50000000 , 4.708052286051893e-03 , 8.701892449535227e-06
2.60000000 , 4.872097369095633e-03 , 8.856625858560131e-06
2.70000000 , 5.024681965538479e-03 , 9.004006793097542e-06
2.80000000 , 5.200665503596961e-03 , 9.170204788000744e-06
2.90000000 , 5.380361151221313e-03 , 9.332837987206147e-06
3.00000000 , 5.573609327030969e-03 , 9.500112187726088e-06
3.10000000 , 5.779859655915720e-03 , 9.676505754720901e-06
3.20000000 , 6.016906623383994e-03 , 9.884291347428317e-06
3.30000000 , 6.273074622396306e-03 , 1.008495976004481e-05
3.40000000 , 6.565953809481117e-03 , 1.032179675891700e-05
3.50000000 , 6.893031223790656e-03 , 1.058049354125429e-05
3.60000000 , 7.295889725693090e-03 , 1.089508975730042e-05
3.70000000 , 7.746671444736816e-03 , 1.123336514552785e-05
3.80000000 , 8.310075314044539e-03 , 1.166504339047418e-05
3.90000000 , 8.971089615363706e-03 , 1.213402696210699e-05
4.00000000 , 9.763717927328336e-03 , 1.268486493084979e-05
4.10000000 , 1.082799299715276e-02 , 1.338780133566529e-05
4.20000000 , 1.228254697944086e-02 , 1.431192417666987e-05
4.30000000 , 1.492801205043781e-02 , 1.591811261993919e-05
4.40000000 , 1.861053146279434e-02 , 1.794720998614180e-05
4.50000000 , 2.266284292613045e-02 , 1.990778867330095e-05
4.60000000 , 2.721363860994144e-02 , 2.187344530867886e-05
4.70000000 , 3.219569490117828e-02 , 2.382542236322497e-05
4.80000000 , 3.768003749730477e-02 , 2.576501534971944e-05
4.90000000 , 4.379996501131830e-02 , 2.772188629386695e-05
5.00000000 , 5.085834079572317e-02 , 2.983788381838249e-05
5.10000000 , 5.899632926281052e-02 , 3.202917675111304e-05
5.20000000 , 6.902983728144260e-02 , 3.454372914120179e-05
5.30000000 , 8.293240052855713e-02 , 3.774205277435970e-05
5.40000000 , 1.010699969052671e-01 , 4.152457320751770e-05
5.50000000 , 1.016178431977295e-01 , 4.161707853239085e-05
5.60000000 , 9.980808815808140e-02 , 4.123195889132091e-05
5.70000000 , 9.802783184436364e-02 , 4.082992276061038e-05
5.80000000 , 9.633237150984079e-02 , 4.046738387590924e-05
5.90000000 , 9.474245958708598e-02 , 4.011894785178077e-05
6.00000000 , 9.306863002460268e-02 , 3.973660696941974e-05
6.10000000 , 9.157844544819259e-02 , 3.940065072479837e-05
6.20000000 , 9.002911234339780e-02 , 3.905848989466202e-05
6.30000000 , 8.864393351045208e-02 , 3.874382683449805e-05
6.40000000 , 8.721382839099516e-02 , 3.840979035634040e-05
6.50000000 , 8.585588595529543e-02 , 3.809314421585297e-05
6.60000000 , 8.446476898352362e-02 , 3.776668113356902e-05
6.70000000 , 8.321379980786313e-02 , 3.748167189564162e-05
6.80000000 , 8.183974696653190e-02 , 3.714419912818966e-05
6.90000000 , 8.069900553263282e-02 , 3.686945102290110e-05
7.00000000 , 7.942258265546717e-02 , 3.656191860472846e-05
7.10000000 , 7.830467938021669e-02 , 3.629273191947452e-05
7.20000000 , 7.722632583064512e-02 , 3.602647671042734e-05
7.30000000 , 7.608289993594401e-02 , 3.574123376248148e-05
7.40000000 , 7.503658182982087e-02 , 3.548256866644706e-05
7.50000000 , 7.396559996441472e-02 , 3.521518611981080e-05
7.60000000 , 7.296832650311552e-02 , 3.497018711608166e-05
7.70000000 , 7.195266181581160e-02 , 3.470945091657212e-05
7.80000000 , 7.106156933084877e-02 , 3.447580995843004e-05
7.90000000 , 7.006547172149540e-02 , 3.423074202530328e-05
8.00000000 , 6.916568290930578e-02 , 3.398750561718613e-05
8.10000000 , 6.826806451495306e-02 , 3.375345343626343e-05
8.20000000 , 6.735477856872779e-02 , 3.351688192386813e-05
8.30000000 , 6.646288811489102e-02 , 3.328097724358514e-05
8.40000000 , 6.570368629835001e-02 , 3.307741171208631e-05
8.50000000 , 6.483131913549070e-02 , 3.284730665116172e-05
8.60000000 , 6.406530150559471e-02 , 3.264576084519876e-05
8.70000000 , 6.323210043162218e-02 , 3.242106751035564e-05
8.80000000 , 6.247996967096552e-02 , 3.221633436201655e-05
8.90000000 , 6.175166060175152e-02 , 3.201941419655832e-05
9.00000000 , 6.099862221440194e-02 , 3.180616014620307e-05
9.10000000 , 6.024315772589348e-02 , 3.159343286167989e-05
9.20000000 , 5.955946285344782e-02 , 3.140916828059176e-05
9.30000000 , 5.884688290797054e-02 , 3.120537493527549e-05
9.40000000 , 5.826365213600540e-02 , 3.105048782215527e-05
9.50000000 , 5.760056957496423e-02 , 3.085684305067174e-05
9.60000000 , 5.691549860449137e-02 , 3.065684216111480e-05
9.70000000 , 5.627613040608113e-02 , 3.047233005156915e-05
9.80000000 , 5.567344335856965e-02 , 3.029932383390898e-05
9.90000000 , 5.503861982531399e-02 , 3.011074083885573e-05
10.00000000 , 5.443235302612708e-02 , 2.993811959280200e-05
10.10000000 , 5.383775454304199e-02 , 2.976344623592055e-05
10.20000000 , 5.322666550679788e-02 , 2.958425157557610e-05
10.30000000 , 5.268359510047144e-02 , 2.942310056247530e-05
10.40000000 , 5.220262628118431e-02 , 2.927941793391850e-05
10.50000000 , 5.155720696532176e-02 , 2.908513169303714e-05
10.60000000 , 5.099477077062763e-02 , 2.891023982809094e-05
10.70000000 , 5.048390226701963e-02 , 2.876072717511516e-05
10.80000000 , 5.002630028284771e-02 , 2.862527206770807e-05
10.90000000 , 4.949748152397426e-02 , 2.846128245340444e-05
11.00000000 , 4.896966057019785e-02 , 2.829890439198504e-05
11.10000000 , 4.847850541020839e-02 , 2.815040810402549e-05
11.20000000 , 4.801667015921667e-02 , 2.800589182777664e-05
11.30000000 , 4.749877817763837e-02 , 2.784282209425958e-05
11.40000000 , 4.707371974519006e-02 , 2.770778368554027e-05
11.50000000 , 4.661710586436783e-02 , 2.756573948699270e-05
11.60000000 , 4.613527981826937e-02 , 2.740861911771417e-05
11.70000000 , 4.569743726358875e-02 , 2.727318552423690e-05
11.80000000 , 4.528435531221958e-02 , 2.714105125625381e-05
11.90000000 , 4.484957158155815e-02 , 2.700212869483590e-05
12.00000000 , 4.443570521200577e-02 , 2.686925530671064e-05
12.10000000 , 4.399403773108858e-02 , 2.672815162064844e-05
12.20000000 , 4.359809153329349e-02 , 2.659325174784506e-05
12.30000000 , 4.321164977540332e-02 , 2.647030191817619e-05
12.40000000 , 4.282725839571921e-02 , 2.634398174727123e-05
12.50000000 , 4.242151727576007e-02 , 2.621146925181861e-05
12.60000000 , 4.203977664880263e-02 , 2.608557662586167e-05
12.70000000 , 4.168004408801924e-02 , 2.596959814149385e-05
12.80000000 , 4.128652993140483e-02 , 2.582839507223702e-05
12.90000000 , 4.098370836428483e-02 , 2.574328437615393e-05
13.00000000 , 4.057680632961045e-02 , 2.559482761806034e-05
13.10000000 , 4.017922313280724e-02 , 2.545318021949371e-05
13.20000000 , 3.986692803437263e-02 , 2.534698161273662e-05
13.30000000 , 3.953398595218535e-02 , 2.523951924228952e-05
13.40000000 , 3.916118791545596e-02 , 2.510685070905512e-05
13.50000000 , 3.888961435635331e-02 , 2.501674957116011e-05
13.60000000 , 3.852358702265601e-02 , 2.489199929483771e-05
13.70000000 , 3.819837328731170e-02 , 2.478253285742464e-05
13.80000000 , 3.787670872397526e-02 , 2.466046687356284e-05
13.90000000 , 3.755956673323405e-02 , 2.455342410085516e-05
14.00000000 , 3.721160689186508e-02 , 2.443488616806259e-05
14.10000000 , 3.697654231364667e-02 , 2.435173968167989e-05
14.20000000 , 3.663628847489476e-02 , 2.422775638697061e-05
14.30000000 , 3.631478957283783e-02 , 2.411572115604031e-05
14.40000000 , 3.600866112563886e-02 , 2.400543568390189e-05
14.50000000 , 3.573436672413322e-02 , 2.390294934094942e-05
14.60000000 , 3.538708599423185e-02 , 2.378181624845956e-05
14.70000000 , 3.515886146023629e-02 , 2.370342879207101e-05
14.80000000 , 3.491546750426582e-02 , 2.361853990770628e-05
14.90000000 , 3.463323837342139e-02 , 2.351203490429811e-05
15.00000000 , 3.434330607115392e-02 , 2.340059953615196e-05
15.10000000 , 3.404680383179477e-02 , 2.328764667187679e-05
15.20000000 , 3.382079345156419e-02 , 2.320821991677394e-05
15.30000000 , 3.352817847905712e-02 , 2.309748949167672e-05
15.40000000 , 3.327897435037278e-02 , 2.300544545529612e-05
15.50000000 , 3.299010077937960e-02 , 2.289494255919877e-05
15.60000000 , 3.279819849136551e-02 , 2.282962598144312e-05
15.70000000 , 3.256478953727620e-02 , 2.273659848544910e-05
15.80000000 , 3.228484183899539e-02 , 2.263379353373566e-05
15.90000000 , 3.202447249861026e-02 , 2.252975462518506e-05
16.00000000 , 3.177107876800917e-02 , 2.243804436643655e-05
16.10000000 , 3.156009856435084e-02 , 2.235660426866507e-05
16.20000000 , 3.138903750043915e-02 , 2.229661867352299e-05
16.30000000 , 3.108531060375835e-02 , 2.217451926566007e-05
16.40000000 , 3.080756973685465e-02 , 2.207183326418438e-05
16.50000000 , 3.064542640104695e-02 , 2.200417863036950e-05
16.60000000 , 3.041929443342821e-02 , 2.191916334448271e-05
16.70000000 , 3.020641152452938e-02 , 2.183902999344220e-05
16.80000000 , 2.996619780739116e-02 , 2.174600330714002e-05
16.90000000 , 2.979681571793550e-02 , 2.167552628531193e-05
17.00000000 , 2.953313380264591e-02 , 2.156923914655829e-05
17.10000000 , 2.933242927812946e-02 , 2.149671971857593e-05
17.20000000 , 2.913106453274884e-02 , 2.141612594566333e-05
17.30000000 , 2.892236995701969e-02 , 2.133136961965956e-05
17.40000000 , 2.867401434320136e-02 , 2.123171765204380e-05
17.50000000 , 2.851772394413515e-02 , 2.116817669426512e-05
17.60000000 , 2.827373979707488e-02 , 2.106897612251354e-05
17.70000000 , 2.812270456089686e-02 , 2.101499304935508e-05
17.80000000 , 2.791023864161893e-02 , 2.092453218863584e-05
17.90000000 , 2.775659240254377e-02 , 2.086758229907546e-05
18.00000000 , 2.755064302283110e-02 , 2.078142536606397e-05
18.10000000 , 2.734185953509618e-02 , 2.068939221471736e-05
18.20000000 , 2.714451479907543e-02 , 2.060934705909901e-05
18.30000000 , 2.695172018974262e-02 , 2.052897906906393e-05
18.40000000 , 2.677954662083564e-02 , 2.045674010428218e-05
18.50000000 , 2.661809704208316e-02 , 2.039471897838289e-05
18.60000000 , 2.646378890055541e-02 , 2.034078090664936e-05
18.70000000 , 2.628056440716276e-02 , 2.025569882114628e-05
18.80000000 , 2.604754007029757e-02 , 2.015305390959790e-05
18.90000000 , 2.589583196253808e-02 , 2.009065896507773e-05
19.00000000 , 2.572479222598934e-02 , 2.001611885213968e-05
19.10000000 , 2.558509411166932e-02 , 1.995982438085377e-05
19.20000000 , 2.539998597620747e-02 , 1.988966846815045e-05
19.30000000 , 2.524101300442454e-02 , 1.981894012103441e-05
19.40000000 , 2.507761304029330e-02 , 1.974859992277704e-05
19.50000000 , 2.492732272321090e-02 , 1.968563433475011e-05
19.60000000 , 2.477005799194336e-02 , 1.962007420213328e-05
19.70000000 , 2.460753934267971e-02 , 1.955329214355859e-05
19.80000000 , 2.443515383747469e-02 , 1.947620218769420e-05
19.90000000 , 2.428564696821633e-02 , 1.940564948607477e-05
20.00000000 , 2.414209353144719e-02 , 1.934814425965096e-05
20.10000000 , 2.396708308656698e-02 , 1.927015215661501e-05
20.20000000 , 2.383435121645703e-02 , 1.921119243816893e-05
20.30000000 , 2.366018241074734e-02 , 1.913935442954568e-05
20.40000000 , 2.349551487729018e-02 , 1.906310694911831e-05
20.50000000 , 2.338968942660994e-02 , 1.901905929648418e-05
20.60000000 , 2.321132336980114e-02 , 1.893681876329629e-05
20.70000000 , 2.309928033817891e-02 , 1.889035851966013e-05
20.80000000 , 2.297895860588063e-02 , 1.884264539079345e-05
20.90000000 , 2.278774603728479e-02 , 1.874181075848878e-05
21.00000000 , 2.264391749125266e-02 , 1.868374883761663e-05
21.10000000 , 2.248615876914635e-02 , 1.861281706608175e-05
21.20000000 , 2.237600729249410e-02 , 1.856303797839964e-05
21.30000000 , 2.226837718079170e-02 , 1.851681083667708e-05
21.40000000 , 2.215347723904284e-02 , 1.847065165844804e-05
21.50000000 , 2.196374914388494e-02 , 1.837378938448203e-05
21.60000000 , 2.186189367044413e-02 , 1.832844422614978e-05
21.70000000 , 2.170313984009067e-02 , 1.826233069154712e-05
21.80000000 , 2.159382699677770e-02 , 1.820681442999939e-05
21.90000000 , 2.148617813748564e-02 , 1.815944909317963e-05
22.00000000 , 2.134099147741438e-02 , 1.809174787866223e-05
22.10000000 , 2.120217317682381e-02 , 1.802692805949190e-05
22.20000000 , 2.104921477229906e-02 , 1.796545325667751e-05
22.30000000 , 2.089512854398117e-02 , 1.788342664430259e-05
22.40000000 , 2.087097248207565e-02 , 1.788374494124366e-05
22.50000000 , 2.068797028160680e-02 , 1.779239820484146e-05
22.60000000 , 2.056283003775645e-02 , 1.773045243365393e-05
22.70000000 , 2.044704036649606e-02 , 1.768119975128694e-05
22.80000000 , 2.033880431994027e-02 , 1.762387563922584e-05
22.90000000 , 2.019453802959844e-02 , 1.755336442975087e-05
23.00000000 , 2.010294056169093e-02 , 1.751079743806720e-05
23.10000000 , 1.998472596108903e-02 , 1.746779589512712e-05
23.20000000 , 1.985335928807140e-02 , 1.739763774447268e-05
23.30000000 , 1.972226825884913e-02 , 1.732992950925891e-05
23.40000000 , 1.961937848141036e-02 , 1.728624760138224e-05
23.50000000 , 1.952577501108461e-02 , 1.723946389066038e-05
23.60000000 , 1.942080638112456e-02 , 1.719307444046688e-05
23.70000000 , 1.931835723788159e-02 , 1.714584091408651e-05
23.80000000 , 1.917485850090888e-02 , 1.707052200089738e-05
23.90000000 , 1.909082927276283e-02 , 1.703566186101738e-05
24.00000000 , 1.898654618456673e-02 , 1.698022080052073e-05
24.10000000 , 1.890288032230936e-02 , 1.694270991407504e-05
24.20000000 , 1.875327300898245e-02 , 1.686184388162327e-05
24.30000000 , 1.867590068023148e-02 , 1.682984911738648e-05
24.40000000 , 1.856509664528954e-02 , 1.677602348295725e-05
24.50000000 , 1.846888250163074e-02 , 1.672389646235159e-05
24.60000000 , 1.838920015766448e-02 , 1.668380374336157e-05
24.70000000 , 1.824433226156285e-02 , 1.661409675675765e-05
24.80000000 , 1.811414805178834e-02 , 1.655174018907210e-05
24.90000000 , 1.803789226770475e-02 , 1.650862504042283e-05
25.00000000 , 1.793682493064188e-02 , 1.646078403454608e-05
25.10000000 , 1.782633451112171e-02 , 1.640990348309226e-05
25.20000000 , 1.775644874803191e-02 , 1.637071814033926e-05
25.30000000 , 1.762303038023829e-02 , 1.630551163699130e-05
25.40000000 , 1.759734931045536e-02 , 1.629145038600942e-05
25.50000000 , 1.748722471495565e-02 , 1.623827828322867e-05
25.60000000 , 1.736457820383723e-02 , 1.617385234339344e-05
25.70000000 , 1.730512425742573e-02 , 1.614478796348045e-05
25.80000000 , 1.719159513868064e-02 , 1.609095212827766e-05
25.90000000 , 1.708363756092093e-02 , 1.602688951758376e-05
26.00000000 , 1.701204176702113e-02 , 1.599258972635748e-05
26.10000000 , 1.692505937550401e-02 , 1.595436052748870e-05
26.20000000 , 1.681126532253805e-02 , 1.588810428845011e-05
26.30000000 , 1.672905128529243e-02 , 1.584730583287579e-05
26.40000000 , 1.664248959559017e-02 , 1.580719553288204e-05
26.50000000 , 1.652035496336813e-02 , 1.574545525374703e-05
26.60000000 , 1.645654970675652e-02 , 1.571349020990767e-05
26.70000000 , 1.637397647661571e-02 , 1.566620964327668e-05
26.80000000 , 1.630539814239573e-02 , 1.563222971172303e-05
26.90000000 , 1.619996513517675e-02 , 1.557522769401347e-05
27.00000000 , 1.611540342685292e-02 , 1.553041794110806e-05
27.10000000 , 1.607566672735752e-02 , 1.551517244331069e-05
27.20000000 , 1.593863865502744e-02 , 1.544358529132877e-05
27.30000000 , 1.590255010826490e-02 , 1.541928462598455e-05
27.40000000 , 1.578050243279491e-02 , 1.535010976446924e-05
27.50000000 , 1.571784575220045e-02 , 1.531765448490895e-05
27.60000000 , 1.564315901222146e-02 , 1.527509119661060e-05
27.70000000 , 1.554259000053547e-02 , 1.523381138459578e-05
27.80000000 , 1.546742384085728e-02 , 1.519122807043557e-05
27.90000000 , 1.539331280226017e-02 , 1.515400887082727e-05
28.00000000 , 1.531971446818082e-02 , 1.510454212650614e-05
28.10000000 , 1.523533602823684e-02 , 1.506165809529737e-05
28.20000000 , 1.517073473540962e-02 , 1.503289372674238e-05
28.30000000 , 1.507062481978515e-02 , 1.497305993162667e-05
28.40000000 , 1.501543059909262e-02 , 1.495127111293365e-05
28.50000000 , 1.491120914310158e-02 , 1.488705704283636e-05
28.60000000 , 1.482785418855917e-02 , 1.483827386152216e-05
28.70000000 , 1.477388004064587e-02 , 1.481073067496017e-05
28.80000000 , 1.469399980551118e-02 , 1.476712049273999e-05
28.90000000 , 1.461360688664151e-02 , 1.472597587455620e-05
29.00000000 , 1.455386315918342e-02 , 1.469155077537590e-05
29.10000000 , 1.447741777823980e-02 , 1.465496751442297e-05
29.20000000 , 1.438908362983833e-02 , 1.460305342986562e-05
29.30000000 , 1.433263300469017e-02 , 1.457145268039887e-05
29.40000000 , 1.426516049507014e-02 , 1.452791252488147e-05
29.50000000 , 1.419102083516595e-02 , 1.449259617469090e-05
29.60000000 , 1.410833118211535e-02 , 1.444566871325119e-05
29.70000000 , 1.403567764951335e-02 , 1.440182744109021e-05
29.80000000 , 1.400087023799941e-02 , 1.438738416649166e-05
29.90000000 , 1.389765273777734e-02 , 1.432750459473661e-05
30.00000000 , 1.384308695721263e-02 , 1.429667302931513e-05
30.10000000 , 1.378389518106961e-02 , 1.426389933926286e-05
30.20000000 , 1.367759076367454e-02 , 1.420426903837818e-05
30.30000000 , 1.364490660724466e-02 , 1.418455217038702e-05
30.40000000 , 1.355520107694367e-02 , 1.413495666489500e-05
30.50000000 , 1.349091392169391e-02 , 1.409514725197966e-05
30.60000000 , 1.346226007363576e-02 , 1.408223605684271e-05
30.70000000 , 1.338574933245768e-02 , 1.404319494444472e-05
30.80000000 , 1.330875977031374e-02 , 1.398882477137807e-05
30.90000000 , 1.322450717412107e-02 , 1.394326565868176e-05
31.00000000 , 1.316875729242733e-02 , 1.391382087556846e-05
31.10000000 , 1.311110925790945e-02 , 1.388283606271533e-05
31.20000000 , 1.304140729324010e-02 , 1.384275160033118e-05
31.30000000 , 1.296278833229110e-02 , 1.379763004122925e-05
31.40000000 , 1.290877898840098e-02 , 1.376101683508926e-05
31.50000000 , 1.284444419459310e-02 , 1.373113727285571e-05
31.60000000 , 1.278596933223986e-02 , 1.369363970587145e-05
31.70000000 , 1.274117105533834e-02 , 1.366224831940481e-05
31.80000000 , 1.266360997485602e-02 , 1.362204277360385e-05
31.90000000 , 1.260559773901202e-02 , 1.357744878207794e-05
32.00000000 , 1.253901116091478e-02 , 1.354461367303744e-05
32.10000000 , 1.248728287564770e-02 , 1.351623874812412e-05
32.20000000 , 1.240847379224967e-02 , 1.347168355317869e-05
32.30000000 , 1.235916999527897e-02 , 1.343980104566024e-05
32.40000000 , 1.231293719133923e-02 , 1.341466465733660e-05
32.50000000 , 1.224923921987343e-02 , 1.337726717151629e-05
32.60000000 , 1.217905244998872e-02 , 1.333301886578242e-05
32.70000000 , 1.213530786829596e-02 , 1.330683833208991e-05
32.80000000 , 1.208596664354242e-02 , 1.328019699349477e-05
32.90000000 , 1.201513233973620e-02 , 1.323884407704169e-05
33.00000000 , 1.194936145356515e-02 , 1.319489382621024e-05
33.10000000 , 1.189080806856018e-02 , 1.316778331392276e-05
33.20000000 , 1.186214732806308e-02 , 1.314446308954339e-05
33.30000000 , 1.178638750543191e-02 , 1.309510473752546e-05
33.40000000 , 1.173417124344699e-02 , 1.307108229268952e-05
33.50000000 , 1.167331716434826e-02 , 1.303134020213186e-05
33.60000000 , 1.161905414401013e-02 , 1.299689291328468e-05
33.70000000 , 1.157261221375448e-02 , 1.297000272357914e-05
33.80000000 , 1.152045301057783e-02 , 1.293308377438282e-05
33.90000000 , 1.147249782016668e-02 , 1.290756951500658e-05
34.00000000 , 1.139788785188031e-02 , 1.286239174668990e-05
34.10000000 , 1.133072477361256e-02 , 1.282505442006167e-05
34.20000000 , 1.130872317858468e-02 , 1.280405577131954e-05
34.30000000 , 1.122740540397184e-02 , 1.275185778522387e-05
34.40000000 , 1.118877814703025e-02 , 1.273455203790631e-05
34.50000000 , 1.114567969997841e-02 , 1.270292559655945e-05
34.60000000 , 1.108297127124355e-02 , 1.266400362459813e-05
34.70000000 , 1.101057457738289e-02 , 1.262318398351571e-05
34.80000000 , 1.097837092922876e-02 , 1.260845926913342e-05
34.90000000 , 1.095096545184037e-02 , 1.258641365671864e-05
35.00000000 , 1.087102714588553e-02 , 1.253003897057054e-05
35.10000000 , 1.083226605308812e-02 , 1.250754359394411e-05
35.20000000 , 1.078114490041105e-02 , 1.247385584445022e-05
35.30000000 , 1.072446044028163e-02 , 1.244142367190582e-05
35.40000000 , 1.066895711595433e-02 , 1.240471105313394e-05
35.50000000 , 1.063638250427373e-02 , 1.238848905700584e-05
35.60000000 , 1.058957673154799e-02 , 1.235904140496131e-05
35.70000000 , 1.053421660394608e-02 , 1.232802611249872e-05
35.80000000 , 1.047692313182242e-02 , 1.228646453744833e-05
35.90000000 , 1.044371779801945e-02 , 1.226745971789071e-05
36.00000000 , 1.039029515843305e-02 , 1.222851039646702e-05
36.10000000 , 1.033099328771255e-02 , 1.218791126187514e-05
36.20000000 , 1.029656233024149e-02 , 1.216924172546298e-05
36.30000000 , 1.025173824379240e-02 , 1.213924850189168e-05
36.40000000 , 1.020070920408135e-02 , 1.211691268412654e-05
36.50000000 , 1.016094821695908e-02 , 1.207852409511289e-05
36.60000000 , 1.009711577737023e-02 , 1.203685043892826e-05
36.70000000 , 1.005689027076386e-02 , 1.201128392443420e-05
36.80000000 , 1.000985125643629e-02 , 1.198977257059040e-05
36.90000000 , 9.957330833023015e-03 , 1.194908437395975e-05
37.00000000 , 9.914729922701546e-03 , 1.193140250901592e-05
37.10000000 , 9.864141604816514e-03 , 1.188526962770033e-05
37.20000000 , 9.826783600906580e-03 , 1.186131497903038e-05
37.30000000 , 9.796425045123198e-03 , 1.184515001539543e-05
37.40000000 , 9.739128458302052e-03 , 1.180594919665649e-05
37.50000000 , 9.685721902056516e-03 , 1.176661968303908e-05
37.60000000 , 9.650824858697719e-03 , 1.175112968054065e-05
37.70000000 , 9.622336833829055e-03 , 1.173128772008244e-05
37.80000000 , 9.577001176927644e-03 , 1.170045274134588e-05
37.90000000 , 9.494882479982862e-03 , 1.164154172962969e-05
38.00000000 , 9.472808731355092e-03 , 1.163158767405439e-05
38.10000000 , 9.419322353377764e-03 , 1.159450464118828e-05
38.20000000 , 9.394645024758267e-03 , 1.157965198896864e-05
38.30000000 , 9.336746747088398e-03 , 1.153553230549191e-05
38.40000000 , 9.298504324115190e-03 , 1.151344687322929e-05
38.50000000 , 9.256927377106379e-03 , 1.148934144475312e-05
38.60000000 , 9.208672103569531e-03 , 1.145230593333798e-05
38.70000000 , 9.178427321581696e-03 , 1.143432501106880e-05
38.80000000 , 9.126432961169583e-03 , 1.139706945971602e-05
38.90000000 , 9.102109559393647e-03 , 1.137624945643884e-05
39.00000000 , 9.052830563904790e-03 , 1.134335355418840e-05
39.10000000 , 9.012728183509169e-03 , 1.132458237049420e-05
39.20000000 , 8.974594243083483e-03 , 1.129180501679138e-05
39.30000000 , 8.916332914711772e-03 , 1.125810229013533e-05
39.40000000 , 8.873440008021148e-03 , 1.122428341918942e-05
39.50000000 , 8.846389186576280e-03 , 1.119957973791005e-05
39.60000000 , 8.812840287693578e-03 , 1.118923910110997e-05
39.70000000 , 8.773842009232705e-03 , 1.115278967546013e-05
39.80000000 , 8.721761759419907e-03 , 1.112475027387568e-05
39.90000000 , 8.699261001580994e-03 , 1.110649819442485e-05
40.00000000 , 8.643754730010104e-03 , 1.106167874584521e-05
40.10000000 , 8.595424336222336e-03 , 1.102934953813171e-05
40.20000000 , 8.579223358812903e-03 , 1.102658705926638e-05
40.30000000 , 8.526155266239763e-03 , 1.098145518850773e-05
40.40000000 , 8.488756519632455e-03 , 1.095628776150378e-05
40.50000000 , 8.469511945655260e-03 , 1.094441232040687e-05
40.60000000 , 8.429879311796245e-03 , 1.091277736920979e-05
40.70000000 , 8.382572026102396e-03 , 1.088533929739810e-05
40.80000000 , 8.343367181989631e-03 , 1.085637455376796e-05
40.90000000 , 8.308505389799924e-03 , 1.083079160182272e-05
41.00000000 , 8.237668044035334e-03 , 1.077591540326175e-05
41.10000000 , 8.234067794053225e-03 , 1.077948051591299e-05
41.20000000 , 8.180048504951165e-03 , 1.073404331833330e-05
41.30000000 , 8.135408990321957e-03 , 1.070369679442143e-05
41.40000000 , 8.112659412125368e-03 , 1.069000479340638e-05
41.50000000 , 8.061288280951465e-03 , 1.065449734809178e-05
41.60000000 , 8.029344358595673e-03 , 1.062974166644200e-05
41.70000000 , 8.000527043418672e-03 , 1.060829055625877e-05
41.80000000 , 7.955591904291600e-03 , 1.058045179737697e-05
41.90000000 , 7.921741672502614e-03 , 1.055486011195823e-05
42.00000000 , 7.906987706641075e-03 , 1.054493148707153e-05
42.10000000 , 7.878045266257593e-03 , 1.052162733258330e-05
42.20000000 , 7.817860950000225e-03 , 1.047212505193684e-05
42.30000000 , 7.800768615057793e-03 , 1.047499084741514e-05
42.40000000 , 7.761144734350816e-03 , 1.043313326364707e-05
42.50000000 , 7.717701150981504e-03 , 1.040149146330156e-05
42.60000000 , 7.678915820473625e-03 , 1.037527620049370e-05
42.70000000 , 7.644243359068665e-03 , 1.035234478377589e-05
42.80000000 , 7.619263671503547e-03 , 1.033182792669753e-05
42.90000000 , 7.559216408950624e-03 , 1.029223398839312e-05
43.00000000 , 7.547505244688396e-03 , 1.028185637705770e-05
43.10000000 , 7.498529369956089e-03 , 1.024974380358356e-05
43.20000000 , 7.463689908064690e-03 , 1.021998213823351e-05
43.30000000 , 7.437945238056376e-03 , 1.020437489808334e-05
43.40000000 , 7.398749240535784e-03 , 1.016900674079611e-05
43.50000000 , 7.366519098778747e-03 , 1.014517353107910e-05
43.60000000 , 7.340521475858252e-03 , 1.012296935776679e-05
43.70000000 , 7.301005133553662e-03 , 1.009762237050130e-05
43.80000000 , 7.267784594249458e-03 , 1.006158861332150e-05
43.90000000 , 7.237729560351490e-03 , 1.004729630908828e-05
44.00000000 , 7.223949109448753e-03 , 1.004774232946825e-05
44.10000000 , 7.169670317682940e-03 , 1.000214032119101e-05
44.20000000 , 7.132179776893470e-03 , 9.963489998016011e-06
44.30000000 , 7.103899841344748e-03 , 9.943830548444125e-06
44.40000000 , 7.080787649300220e-03 , 9.933290921560355e-06
44.50000000 , 7.045115591609075e-03 , 9.900635545309676e-06
44.60000000 , 6.998254121001741e-03 , 9.869361353613734e-06
44.70000000 , 6.989571011759233e-03 , 9.862762972124714e-06
44.80000000 , 6.941343379443500e-03 , 9.828184874159619e-06
44.90000000 , 6.924291921313637e-03 , 9.816697817801095e-06
45.00000000 , 6.885839788029490e-03 , 9.782705856307784e-06
45.10000000 , 6.838159966265873e-03 , 9.741322324267715e-06
45.20000000 , 6.827548002305193e-03 , 9.738415432389472e-06
45.30000000 , 6.792228492133521e-03 , 9.708664823664754e-06
45.40000000 , 6.754171107998769e-03 , 9.678196558962523e-06
45.50000000 , 6.727890420443142e-03 , 9.661625564619810e-06
45.60000000 , 6.694869547182710e-03 , 9.635814253499712e-06
45.70000000 , 6.654267672228233e-03 , 9.600861826565172e-06
45.80000000 , 6.622391193283392e-03 , 9.573332785760842e-06
45.90000000 , 6.600791178263335e-03 , 9.566731101897970e-06
46.00000000 , 6.554815548465876e-03 , 9.518471899427230e-06
46.10000000 , 6.555858361654929e-03 , 9.520854166951671e-06
46.20000000 , 6.515154766636861e-03 , 9.496121514635111e-06
46.30000000 , 6.476846195998760e-03 , 9.466948504201004e-06
46.40000000 , 6.449333036739143e-03 , 9.443172069574900e-06
46.50000000 , 6.406105247437041e-03 , 9.403845319123906e-06
46.60000000 , 6.386888589012615e-03 , 9.389385683473458e-06
46.70000000 , 6.347290469387389e-03 , 9.350908583207933e-06
46.80000000 , 6.333332679086928e-03 , 9.351502053564491e-06
46.90000000 , 6.299255812357339e-03 , 9.321059553383449e-06
47.00000000 , 6.264595918979509e-03 , 9.292543034095853e-06
47.10000000 , 6.240728912605732e-03 , 9.273373397265916e-06
47.20000000 , 6.214838093099563e-03 , 9.251784000022338e-06
47.30000000 , 6.180010431372048e-03 , 9.223332159570959e-06
47.40000000 , 6.147784773174804e-03 , 9.193535593783664e-06
47.50000000 , 6.114184181778493e-03 , 9.176054089207578e-06
47.60000000 , 6.089602011342425e-03 , 9.152517693531218e-06
47.70000000 , 6.067131542041779e-03 , 9.135800574260239e-06
47.80000000 , 6.032862429354975e-03 , 9.109524279475616e-06
47.90000000 , 6.008535439168005e-03 , 9.091869821219559e-06
48.00000000 , 5.993237096646347e-03 , 9.074685337717302e-06
48.10000000 , 5.960915639203542e-03 , 9.057887105970350e-06
48.20000000 , 5.918872314983578e-03 , 9.011427189088823e-06
48.30000000 , 5.902744157925822e-03 , 9.002936656179717e-06
48.40000000 , 5.880110521619753e-03 , 8.980847454963989e-06
48.50000000 , 5.828715395402846e-03 , 8.936396677304189e-06
48.60000000 , 5.813143994147174e-03 , 8.929013603916381e-06
48.70000000 , 5.775969763813685e-03 , 8.900932134024891e-06
48.80000000 , 5.740555723517679e-03 , 8.860348391520575e-06
48.90000000 , 5.728179520349200e-03 , 8.859468198759640e-06
49.00000000 , 5.686876530472372e-03 , 8.819258847500003e-06
49.10000000 , 5.673395247043106e-03 , 8.807943728486844e-06
49.20000000 , 5.633965481552852e-03 , 8.771946033961582e-06
49.30000000 , 5.628907383581397e-03 , 8.779428289277162e-06
49.40000000 , 5.613350664764871e-03 , 8.756076757268018e-06
49.50000000 , 5.576077423510337e-03 , 8.729094822038200e-06
49.60000000 , 5.523830496271287e-03 , 8.686568570046599e-06
49.70000000 , 5.515823769087617e-03 , 8.676014320413861e-06
49.80000000 , 5.497993196999199e-03 , 8.667385153949183e-06
49.90000000 , 5.473675413087007e-03 , 8.642722861331197e-06
50.00000000 , 5.426708068418109e-03 , 8.601588119834655e-06
50.10000000 , 5.402795513091421e-03 , 8.579382720448517e-06
50.20000000 , 5.366373527351765e-03 , 8.545137914683539e-06
50.30000000 , 5.351778348148018e-03 , 8.541249541303462e-06
50.40000000 , 5.328451052526342e-03 , 8.520759454538585e-06
50.50000000 , 5.313014470670834e-03 , 8.499957687104063e-06
50.60000000 , 5.266804600362981e-03 , 8.459783346873172e-06
50.70000000 , 5.246785270158082e-03 , 8.445921089106412e-06
50.80000000 , 5.229138969539049e-03 , 8.432052919150253e-06
50.90000000 , 5.196142872443901e-03 , 8.408061159248835e-06
51.00000000 , 5.166777425148622e-03 , 8.378052320444765e-06
51.10000000 , 5.143136867394114e-03 , 8.362189787726998e-06
51.20000000 , 5.113509620776609e-03 , 8.333126606043345e-06
51.30000000 , 5.086150020893845e-03 , 8.305703032927127e-06
51.40000000 , 5.070066330605468e-03 , 8.298009583173889e-06
51.50000000 , 5.035065374735749e-03 , 8.259144576457877e-06
51.60000000 , 5.021550170320452e-03 , 8.248249484072308e-06
51.70000000 , 5.012232245054750e-03 , 8.241179607190524e-06
51.80000000 , 4.956416895254854e-03 , 8.199274288802170e-06
51.90000000 , 4.940836971485476e-03 , 8.180508218884389e-06
52.00000000 , 4.904275205539969e-03 , 8.148693332749309e-06
52.10000000 , 4.889428964187893e-03 , 8.134173997015652e-06
52.20000000 , 4.861202579608995e-03 , 8.105787437514571e-06
52.30000000 , 4.838107186449995e-03 , 8.086268476544631e-06
52.40000000 , 4.820110317715543e-03 , 8.075930633020802e-06
52.50000000 , 4.797049887441396e-03 , 8.040452773893339e-06
52.60000000 , 4.761715699566455e-03 , 8.016007813508389e-06
52.70000000 , 4.738040308351222e-03 , 8.001608067083351e-06
52.80000000 , 4.724947437764731e-03 , 7.983000651364333e-06
52.90000000 , 4.695243090784470e-03 , 7.957327705638245e-06
53.00000000 , 4.676208413367041e-03 , 7.934381405273327e-06
53.10000000 , 4.641428897278518e-03 , 7.914272886477345e-06
53.20000000 , 4.635966180281394e-03 , 7.903041511513938e-06
53.30000000 , 4.604429158548209e-03 , 7.874410729274699e-06
53.40000000 , 4.571251864009074e-03 , 7.844455048652232e-06
53.50000000 , 4.537087198651533e-03 , 7.811091725062289e-06
53.60000000 , 4.526304547448733e-03 , 7.807543590732048e-06
53.70000000 , 4.511454240641377e-03 , 7.797158800821480e-06
53.80000000 , 4.466761068071284e-03 , 7.748246138936616e-06
53.90000000 , 4.461231113316378e-03 , 7.748508960927127e-06
54.00000000 , 4.430449083001934e-03 , 7.715335117672874e-06
54.10000000 , 4.412670421358748e-03 , 7.704218641596933e-06
54.20000000 , 4.393033455618201e-03 , 7.679905546127840e-06
54.30000000 , 4.358821207174532e-03 , 7.643674051893883e-06
54.40000000 , 4.328029319289048e-03 , 7.619828117523785e-06
54.50000000 , 4.306566451208420e-03 , 7.601592602437622e-06
54.60000000 , 4.283692912255521e-03 , 7.575421911278042e-06
54.70000000 , 4.269540398379458e-03 , 7.564876713429438e-06
54.80000000 , 4.252953853976077e-03 , 7.552550303362540e-06
54.90000000 , 4.220453070545675e-03 , 7.519140148734664e-06
55.00000000 , 4.194443275656073e-03 , 7.492791118682780e-06
55.10000000 , 4.191189868459624e-03 , 7.496567629323938e-06
55.20000000 , 4.148604472000810e-03 , 7.454228362788567e-06
55.30000000 , 4.137949297300630e-03 , 7.440930525149414e-06
55.40000000 , 4.095153840111219e-03 , 7.391681885304957e-06
55.50000000 , 4.090762204727403e-03 , 7.393393383585195e-06
55.60000000 , 4.056991759017816e-03 , 7.361355360942747e-06
55.70000000 , 4.036663409507648e-03 , 7.339033146660678e-06
55.80000000 , 4.009529903742728e-03 , 7.314821116993748e-06
55.90000000 , 3.976833689192014e-03 , 7.278538796498173e-06
56.00000000 , 3.966417956697111e-03 , 7.270163172682687e-06
56.10000000 , 3.944061713900954e-03 , 7.247629321843088e-06
56.20000000 , 3.922658239409997e-03 , 7.234196672675412e-06
56.30000000 , 3.901977168630209e-03 , 7.211402446747477e-06
56.40000000 , 3.881325944662904e-03 , 7.191860192974888e-06
56.50000000 , 3.859444213178699e-03 , 7.169881439741478e-06
56.60000000 , 3.845767691099097e-03 , 7.159702067333699e-06
56.70000000 , 3.813115247289937e-03 , 7.121944883769013e-06
56.80000000 , 3.790634006480111e-03 , 7.105530702286435e-06
56.90000000 , 3.770344121156097e-03 , 7.083242336913293e-06
57.00000000 , 3.749945773177372e-03 , 7.057130043138433e-06
57.10000000 , 3.719611791978925e-03 , 7.026389607751115e-06
57.20000000 , 3.706170799664537e-03 , 7.015917106056727e-06
57.30000000 , 3.681371544330841e-03 , 6.992401834060527e-06
57.40000000 , 3.655579428505106e-03 , 6.968132104511282e-06
57.50000000 , 3.631519771449264e-03 , 6.944943942761558e-06
57.60000000 , 3.615336485552854e-03 , 6.923710845359530e-06
57.70000000 , 3.593779353030817e-03 , 6.902140833373726e-06
57.80000000 , 3.581114243360053e-03 , 6.895948350040439e-06
57.90000000 , 3.548786059409119e-03 , 6.860065653886414e-06
58.00000000 , 3.520195049602353e-03 , 6.825766729729569e-06
58.10000000 , 3.508732536799716e-03 , 6.810676495072193e-06
58.20000000 , 3.492534629221619e-03 , 6.800122430326687e-06
58.30000000 , 3.466504706660063e-03 , 6.769202256690575e-06
58.40000000 , 3.448371069904908e-03 , 6.759332156004078e-06
58.50000000 , 3.422989763377335e-03 , 6.728840406596437e-06
58.60000000 , 3.414063077701055e-03 , 6.715408640708174e-06
58.70000000 , 3.389182206682617e-03 , 6.693453501250449e-06
58.80000000 , 3.357234227966247e-03 , 6.661945318255158e-06
58.90000000 , 3.340627024884961e-03 , 6.644210404400696e-06
59.00000000 , 3.320693142947260e-03 , 6.622676049831582e-06
59.10000000 , 3.296712545677165e-03 , 6.595301151128147e-06
59.20000000 , 3.275705646744836e-03 , 6.578240355591773e-06
59.30000000 , 3.257861519896614e-03 , 6.569428363809111e-06
59.40000000 , 3.227420911374981e-03 , 6.531315762363419e-06
59.50000000 , 3.225150593265537e-03 , 6.522409627191734e-06
59.60000000 , 3.188268687606086e-03 , 6.485031300654959e-06
59.70000000 , 3.160243706001336e-03 , 6.450788242076372e-06
59.80000000 , 3.137359670642746e-03 , 6.427594327078387e-06
59.90000000 , 3.117045329958875e-03 , 6.401604802485664e-06
