x_l , NLO , dNLO
591.00000000 , 2.601969040289118e-05 , 2.299822716541761e-07
591.64000000 , 5.253872246677237e-04 , 1.035291043252309e-06
592.28000000 , 5.279401045713930e-04 , 1.038375352082775e-06
592.92000000 , 5.347307433314497e-04 , 1.047070299121585e-06
593.56000000 , 5.396922064257757e-04 , 1.051533715035960e-06
594.20000000 , 5.408407952242204e-04 , 1.052104350144574e-06
594.84000000 , 5.487306617886148e-04 , 1.061281928664395e-06
595.48000000 , 5.509929105083596e-04 , 1.061978245443157e-06
596.12000000 , 5.574576896425696e-04 , 1.069913281210214e-06
596.76000000 , 5.607952348396633e-04 , 1.072535447347700e-06
597.40000000 , 5.637798742764171e-04 , 1.074838378230048e-06
598.04000000 , 5.704782085618609e-04 , 1.082577226055008e-06
598.68000000 , 5.743176464895808e-04 , 1.085244333949874e-06
599.32000000 , 5.775536125928771e-04 , 1.089440684693478e-06
599.96000000 , 5.826942629709518e-04 , 1.095165386265461e-06
600.60000000 , 5.878396344901057e-04 , 1.099871624195576e-06
601.24000000 , 5.933457278210054e-04 , 1.104366264258720e-06
601.88000000 , 5.968412561392556e-04 , 1.108538561612822e-06
602.52000000 , 6.002601702230115e-04 , 1.112438382972809e-06
603.16000000 , 6.067579637499695e-04 , 1.118544787889693e-06
603.80000000 , 6.080169461466321e-04 , 1.119485827315409e-06
604.44000000 , 6.124540602174785e-04 , 1.123343138549609e-06
605.08000000 , 6.174227679966835e-04 , 1.127770335568697e-06
605.72000000 , 6.247503339686687e-04 , 1.135817055790561e-06
606.36000000 , 6.281881237236975e-04 , 1.139506997546940e-06
607.00000000 , 6.300980458806723e-04 , 1.140170846225573e-06
607.64000000 , 6.386060672994052e-04 , 1.149793289805937e-06
608.28000000 , 6.400008803240852e-04 , 1.148038465923105e-06
608.92000000 , 6.476037643799892e-04 , 1.157012878607305e-06
609.56000000 , 6.503464971937564e-04 , 1.160162780079828e-06
610.20000000 , 6.531598780567235e-04 , 1.162463290753121e-06
610.84000000 , 6.591138841228141e-04 , 1.168489988581540e-06
611.48000000 , 6.618832506987611e-04 , 1.169966762215284e-06
612.12000000 , 6.669390784596050e-04 , 1.175655405120737e-06
612.76000000 , 6.726546136095386e-04 , 1.180026652231130e-06
613.40000000 , 6.754815041425068e-04 , 1.182586617154711e-06
614.04000000 , 6.807289559662466e-04 , 1.187637101589597e-06
614.68000000 , 6.869943901685601e-04 , 1.194441359194186e-06
615.32000000 , 6.916933817944905e-04 , 1.198631354262730e-06
615.96000000 , 6.935659868349276e-04 , 1.200106818247888e-06
616.60000000 , 6.976113869282581e-04 , 1.203563887194958e-06
617.24000000 , 7.021774835584744e-04 , 1.207802943546656e-06
617.88000000 , 7.090340486017038e-04 , 1.214095163611940e-06
618.52000000 , 7.113032727595855e-04 , 1.216653595608529e-06
619.16000000 , 7.188080456240308e-04 , 1.223374133054472e-06
619.80000000 , 7.215183455220002e-04 , 1.225734434881568e-06
620.44000000 , 7.249035614508920e-04 , 1.228481422141162e-06
621.08000000 , 7.289477955260038e-04 , 1.232409071847022e-06
621.72000000 , 7.357697744205420e-04 , 1.238548095451295e-06
622.36000000 , 7.403415175258253e-04 , 1.243312383189305e-06
623.00000000 , 7.458779952207012e-04 , 1.248068300021526e-06
623.64000000 , 7.447553704490211e-04 , 1.245492580695904e-06
624.28000000 , 7.521418810133195e-04 , 1.252303712919319e-06
624.92000000 , 7.560373979756197e-04 , 1.255902034676538e-06
625.56000000 , 7.627040038676133e-04 , 1.263210050422609e-06
626.20000000 , 7.655352405379081e-04 , 1.264551874159119e-06
626.84000000 , 7.724037901044428e-04 , 1.273151993513015e-06
627.48000000 , 7.766055156136289e-04 , 1.274893430871010e-06
628.12000000 , 7.806243372009181e-04 , 1.278218640460318e-06
628.76000000 , 7.846242544483458e-04 , 1.282091961832915e-06
629.40000000 , 7.904517358549521e-04 , 1.287827711557410e-06
630.04000000 , 7.900769862533200e-04 , 1.286147719744104e-06
630.68000000 , 7.976013153022637e-04 , 1.293035802258509e-06
631.32000000 , 8.023393482104648e-04 , 1.297793629964915e-06
631.96000000 , 8.059263660218122e-04 , 1.300273107962831e-06
632.60000000 , 8.101521467372975e-04 , 1.303497780247976e-06
633.24000000 , 8.126464858588090e-04 , 1.305512029067390e-06
633.88000000 , 8.194290612578331e-04 , 1.311334745407433e-06
634.52000000 , 8.241980867748020e-04 , 1.316626105178465e-06
635.16000000 , 8.295147161685006e-04 , 1.320353772924033e-06
635.80000000 , 8.362584234956523e-04 , 1.326830652029136e-06
636.44000000 , 8.363445096052245e-04 , 1.326481218981367e-06
637.08000000 , 8.427951962600411e-04 , 1.331913553635158e-06
637.72000000 , 8.471522449470852e-04 , 1.335424289002026e-06
638.36000000 , 8.511071054863549e-04 , 1.338723488467176e-06
639.00000000 , 8.584350667840275e-04 , 1.344676037698930e-06
639.64000000 , 8.606145588880905e-04 , 1.346976570570261e-06
640.28000000 , 8.654502702318173e-04 , 1.351146118001716e-06
640.92000000 , 8.722260606255470e-04 , 1.357342597817685e-06
641.56000000 , 8.753517436090720e-04 , 1.359745951670548e-06
642.20000000 , 8.803567445930916e-04 , 1.363755619724794e-06
642.84000000 , 8.856539582810772e-04 , 1.368258867503436e-06
643.48000000 , 8.884008537919701e-04 , 1.369392842960698e-06
644.12000000 , 8.931629555141060e-04 , 1.374519204365332e-06
644.76000000 , 8.980589448838766e-04 , 1.379106628774820e-06
645.40000000 , 9.038207876985118e-04 , 1.383345749885177e-06
646.04000000 , 9.063323005592948e-04 , 1.385890393600084e-06
646.68000000 , 9.116865394195406e-04 , 1.389089065780102e-06
647.32000000 , 9.181277090405657e-04 , 1.395025513091570e-06
647.96000000 , 9.231828614648770e-04 , 1.399701622512484e-06
648.60000000 , 9.265013383591533e-04 , 1.401852810330812e-06
649.24000000 , 9.297909099305883e-04 , 1.404551787919687e-06
649.88000000 , 9.372793390189928e-04 , 1.411380085906236e-06
650.52000000 , 9.393113359045155e-04 , 1.411936386857503e-06
651.16000000 , 9.443720705654554e-04 , 1.416781762331863e-06
651.80000000 , 9.501448096726935e-04 , 1.421518689059305e-06
652.44000000 , 9.547218701129999e-04 , 1.424653556430360e-06
653.08000000 , 9.596742215758408e-04 , 1.428616377391877e-06
653.72000000 , 9.638175538969759e-04 , 1.432618552781816e-06
654.36000000 , 9.671108877472257e-04 , 1.434390746271237e-06
655.00000000 , 9.719022855659271e-04 , 1.436919263610909e-06
655.64000000 , 9.753837107957319e-04 , 1.440449177606939e-06
656.28000000 , 9.814401794346302e-04 , 1.446961974564494e-06
656.92000000 , 9.876983780807173e-04 , 1.451666072491281e-06
657.56000000 , 9.880804148137505e-04 , 1.450525329736871e-06
658.20000000 , 9.960156572377352e-04 , 1.457738675990758e-06
658.84000000 , 9.968356090823227e-04 , 1.457234786200569e-06
659.48000000 , 1.004464039146840e-03 , 1.464335162201819e-06
660.12000000 , 1.012260807813187e-03 , 1.471876727605555e-06
660.76000000 , 1.015739221762111e-03 , 1.474093977266987e-06
661.40000000 , 1.018323242779481e-03 , 1.475161779671609e-06
662.04000000 , 1.024899709654833e-03 , 1.481237411140896e-06
662.68000000 , 1.028199867258126e-03 , 1.483525803849874e-06
663.32000000 , 1.034803783720541e-03 , 1.488362670355177e-06
663.96000000 , 1.035734242691134e-03 , 1.488809276470930e-06
664.60000000 , 1.040881736516028e-03 , 1.493317536815937e-06
665.24000000 , 1.047336392155191e-03 , 1.497220781137609e-06
665.88000000 , 1.053518332764596e-03 , 1.502494643336217e-06
666.52000000 , 1.058681604421533e-03 , 1.507405126632200e-06
667.16000000 , 1.062169739896541e-03 , 1.509494028238424e-06
667.80000000 , 1.063529541977192e-03 , 1.510584136209464e-06
668.44000000 , 1.072518828046911e-03 , 1.517444523050988e-06
669.08000000 , 1.076324325057817e-03 , 1.521018055892618e-06
669.72000000 , 1.083621680811807e-03 , 1.526990708699484e-06
670.36000000 , 1.084840804422105e-03 , 1.527100670936691e-06
671.00000000 , 1.089135996510648e-03 , 1.529872702511147e-06
671.64000000 , 1.094396145847787e-03 , 1.533705854387967e-06
672.28000000 , 1.097352318292174e-03 , 1.536002915727136e-06
672.92000000 , 1.105356706133198e-03 , 1.542123730304131e-06
673.56000000 , 1.115031204554044e-03 , 1.551672447914725e-06
674.20000000 , 1.112463180789841e-03 , 1.547366779268944e-06
674.84000000 , 1.121139934101638e-03 , 1.554701544413825e-06
675.48000000 , 1.124039794125364e-03 , 1.556528324909500e-06
676.12000000 , 1.129917512266300e-03 , 1.561787973463308e-06
676.76000000 , 1.136178310182601e-03 , 1.565290182528494e-06
677.40000000 , 1.139278545840916e-03 , 1.569417437324569e-06
678.04000000 , 1.144272208425745e-03 , 1.572697462305822e-06
678.68000000 , 1.148782382994140e-03 , 1.575326981112836e-06
679.32000000 , 1.154881048440527e-03 , 1.580891753995338e-06
679.96000000 , 1.158828692381292e-03 , 1.583891738106374e-06
680.60000000 , 1.162938077802657e-03 , 1.585759614359076e-06
681.24000000 , 1.168429692167155e-03 , 1.589383526710360e-06
681.88000000 , 1.173543288523866e-03 , 1.594549659398427e-06
682.52000000 , 1.176370119867151e-03 , 1.595026239615489e-06
683.16000000 , 1.183187332889091e-03 , 1.600299508265130e-06
683.80000000 , 1.188516482357485e-03 , 1.604448155508157e-06
684.44000000 , 1.195339335811283e-03 , 1.609748389428163e-06
685.08000000 , 1.196649423469027e-03 , 1.611658455522096e-06
685.72000000 , 1.204706555495866e-03 , 1.617319437889269e-06
686.36000000 , 1.208330910109577e-03 , 1.619949632082633e-06
687.00000000 , 1.211719040926770e-03 , 1.622217241322200e-06
687.64000000 , 1.218365456024015e-03 , 1.626338947772240e-06
688.28000000 , 1.222635022856598e-03 , 1.629611173870996e-06
688.92000000 , 1.228172751344548e-03 , 1.634203957180267e-06
689.56000000 , 1.231221928224286e-03 , 1.635892139680457e-06
690.20000000 , 1.240143774184642e-03 , 1.643142556191217e-06
690.84000000 , 1.244140616829923e-03 , 1.646034975475924e-06
691.48000000 , 1.249909738681007e-03 , 1.649980348199914e-06
692.12000000 , 1.254284092527786e-03 , 1.653406961242486e-06
692.76000000 , 1.259666093764075e-03 , 1.656127686009217e-06
693.40000000 , 1.262812880431359e-03 , 1.658503813267239e-06
694.04000000 , 1.269233572380848e-03 , 1.664399402652241e-06
694.68000000 , 1.276912432038252e-03 , 1.670622250352747e-06
695.32000000 , 1.281258552525462e-03 , 1.672904473878808e-06
695.96000000 , 1.283522786450336e-03 , 1.673974090455139e-06
696.60000000 , 1.288098866261947e-03 , 1.677823243708311e-06
697.24000000 , 1.294618024995786e-03 , 1.682515485664430e-06
697.88000000 , 1.298820690895045e-03 , 1.685871590418530e-06
698.52000000 , 1.303895688044212e-03 , 1.689145573755590e-06
699.16000000 , 1.310062826335024e-03 , 1.693153100242654e-06
699.80000000 , 1.318210925397595e-03 , 1.699038050153908e-06
700.44000000 , 1.317664033508910e-03 , 1.697579545894411e-06
701.08000000 , 1.324907361410454e-03 , 1.702295664632687e-06
701.72000000 , 1.332197446653163e-03 , 1.707949105059396e-06
702.36000000 , 1.338196137950091e-03 , 1.712654805817028e-06
703.00000000 , 1.344238170435771e-03 , 1.717974935416260e-06
703.64000000 , 1.346451291575686e-03 , 1.718813203554409e-06
704.28000000 , 1.352912087096617e-03 , 1.723897720525236e-06
704.92000000 , 1.358394846210750e-03 , 1.727301567767513e-06
705.56000000 , 1.364178116141859e-03 , 1.730988281814283e-06
706.20000000 , 1.369095708116455e-03 , 1.734509935207491e-06
706.84000000 , 1.373949221472109e-03 , 1.737423713562180e-06
707.48000000 , 1.377141429304701e-03 , 1.739844108483486e-06
708.12000000 , 1.386755946517582e-03 , 1.748244744474306e-06
708.76000000 , 1.390822604144642e-03 , 1.749969597361691e-06
709.40000000 , 1.393060391258750e-03 , 1.751379848374026e-06
710.04000000 , 1.402568213042632e-03 , 1.757176611422719e-06
710.68000000 , 1.405367126579456e-03 , 1.760576958611326e-06
711.32000000 , 1.414356400756451e-03 , 1.766304014999941e-06
711.96000000 , 1.416464666805592e-03 , 1.768409421753048e-06
712.60000000 , 1.421768125550098e-03 , 1.770162398536312e-06
713.24000000 , 1.426837023388764e-03 , 1.774622527913826e-06
713.88000000 , 1.433574448455118e-03 , 1.779225965994050e-06
714.52000000 , 1.440878762493031e-03 , 1.784814089887377e-06
715.16000000 , 1.448769696985473e-03 , 1.790222819041239e-06
715.80000000 , 1.450975405837980e-03 , 1.791176314710112e-06
716.44000000 , 1.455299462659025e-03 , 1.793791664795233e-06
717.08000000 , 1.462014120053880e-03 , 1.797433323040454e-06
717.72000000 , 1.463446874405692e-03 , 1.799217870110951e-06
718.36000000 , 1.473458105364767e-03 , 1.807211920086483e-06
719.00000000 , 1.479340275628735e-03 , 1.810148981062342e-06
719.64000000 , 1.486906125804058e-03 , 1.816147429887045e-06
720.28000000 , 1.490200530562285e-03 , 1.817301650284209e-06
720.92000000 , 1.494785913374005e-03 , 1.821358014732227e-06
721.56000000 , 1.499591394544329e-03 , 1.824328561554072e-06
722.20000000 , 1.504284315654107e-03 , 1.826829843824814e-06
722.84000000 , 1.509995713241108e-03 , 1.830566473628826e-06
723.48000000 , 1.519095136955493e-03 , 1.837234764772158e-06
724.12000000 , 1.523249316450663e-03 , 1.840676624378162e-06
724.76000000 , 1.529922805791264e-03 , 1.845157198758409e-06
725.40000000 , 1.537462064017901e-03 , 1.850701689304795e-06
726.04000000 , 1.542591466200262e-03 , 1.852648738392729e-06
726.68000000 , 1.544836608854071e-03 , 1.853912202920531e-06
727.32000000 , 1.552891819611051e-03 , 1.859709528763828e-06
727.96000000 , 1.557233043925828e-03 , 1.861255353634826e-06
728.60000000 , 1.564037525325104e-03 , 1.868024705114855e-06
729.24000000 , 1.570976509886075e-03 , 1.871989463240037e-06
729.88000000 , 1.574197925556575e-03 , 1.873294491374491e-06
730.52000000 , 1.579775771643652e-03 , 1.877363878746957e-06
731.16000000 , 1.586735346113280e-03 , 1.882007352253790e-06
731.80000000 , 1.596035385680310e-03 , 1.889152265986607e-06
732.44000000 , 1.600599524078445e-03 , 1.891350779068785e-06
733.08000000 , 1.606122422771674e-03 , 1.894975521625041e-06
733.72000000 , 1.610238097174640e-03 , 1.897729644204803e-06
734.36000000 , 1.613723745480444e-03 , 1.899821877070033e-06
735.00000000 , 1.628595750433615e-03 , 1.908306298284205e-06
735.64000000 , 1.629813408572258e-03 , 1.910700446516651e-06
736.28000000 , 1.637564192369756e-03 , 1.916147539712437e-06
736.92000000 , 1.641301337897783e-03 , 1.917527268977113e-06
737.56000000 , 1.648051377770025e-03 , 1.922141265627952e-06
738.20000000 , 1.655174866623808e-03 , 1.927048936029378e-06
738.84000000 , 1.661018318938864e-03 , 1.930628890817157e-06
739.48000000 , 1.668844454185140e-03 , 1.935091302209430e-06
740.12000000 , 1.672773558564551e-03 , 1.938074750533432e-06
740.76000000 , 1.679410520440850e-03 , 1.943016180440004e-06
741.40000000 , 1.682422868764128e-03 , 1.943807343794356e-06
742.04000000 , 1.691947551222299e-03 , 1.950448446445265e-06
742.68000000 , 1.698303087510775e-03 , 1.954909011553153e-06
743.32000000 , 1.705485239498668e-03 , 1.958226300040325e-06
743.96000000 , 1.711257649365645e-03 , 1.963927574356173e-06
744.60000000 , 1.716610429296959e-03 , 1.965951149833825e-06
745.24000000 , 1.722716257497799e-03 , 1.970373870567573e-06
745.88000000 , 1.727705876846427e-03 , 1.973814515565881e-06
746.52000000 , 1.735088240957588e-03 , 1.978005557474206e-06
747.16000000 , 1.743164160361606e-03 , 1.983890602947069e-06
747.80000000 , 1.748721350168433e-03 , 1.985873211823942e-06
748.44000000 , 1.756666784224679e-03 , 1.991921563814785e-06
749.08000000 , 1.763099006561651e-03 , 1.995858797894220e-06
749.72000000 , 1.766597934096307e-03 , 1.998098851753952e-06
750.36000000 , 1.775001665606273e-03 , 2.002370461104896e-06
751.00000000 , 1.780429221496890e-03 , 2.006608626741422e-06
751.64000000 , 1.786395882057824e-03 , 2.009392695102004e-06
752.28000000 , 1.795143080884287e-03 , 2.014854783197624e-06
752.92000000 , 1.800504834727722e-03 , 2.018629813449346e-06
753.56000000 , 1.807806309508004e-03 , 2.023871047673493e-06
754.20000000 , 1.814838729519408e-03 , 2.027515923827908e-06
754.84000000 , 1.820580163522522e-03 , 2.030771958824837e-06
755.48000000 , 1.827048367441158e-03 , 2.036016233651933e-06
756.12000000 , 1.832261672341871e-03 , 2.037897680226130e-06
756.76000000 , 1.840842929280862e-03 , 2.043788912285807e-06
757.40000000 , 1.849134115398799e-03 , 2.048425898764132e-06
758.04000000 , 1.855373661415614e-03 , 2.053120258537781e-06
758.68000000 , 1.860364786904247e-03 , 2.055925159673921e-06
759.32000000 , 1.870483955427662e-03 , 2.062377035114266e-06
759.96000000 , 1.875380343679209e-03 , 2.065781545672114e-06
760.60000000 , 1.884957838538191e-03 , 2.071371163883158e-06
761.24000000 , 1.894021547365393e-03 , 2.075824681906474e-06
761.88000000 , 1.897877486584344e-03 , 2.079421201086693e-06
762.52000000 , 1.899459929524623e-03 , 2.078875234751706e-06
763.16000000 , 1.909651330883348e-03 , 2.086021204090384e-06
763.80000000 , 1.916426357451272e-03 , 2.090085547452396e-06
764.44000000 , 1.928307252482232e-03 , 2.097403634118268e-06
765.08000000 , 1.935931656803298e-03 , 2.101318757101310e-06
765.72000000 , 1.939909115111765e-03 , 2.104439519149668e-06
766.36000000 , 1.946105782387888e-03 , 2.108049318835916e-06
767.00000000 , 1.957096352275215e-03 , 2.114747717785891e-06
767.64000000 , 1.963913434795129e-03 , 2.118885142429497e-06
768.28000000 , 1.969132017677486e-03 , 2.121530903600108e-06
768.92000000 , 1.971674027237621e-03 , 2.123461587112111e-06
769.56000000 , 1.982538939608135e-03 , 2.131097072307582e-06
770.20000000 , 1.991466891940119e-03 , 2.135576023525400e-06
770.84000000 , 1.999405473953573e-03 , 2.139740158863325e-06
771.48000000 , 2.006928518332362e-03 , 2.144154800879131e-06
772.12000000 , 2.012944510572132e-03 , 2.148268902748791e-06
772.76000000 , 2.019788486969735e-03 , 2.151603437519217e-06
773.40000000 , 2.027149791618881e-03 , 2.156680960719554e-06
774.04000000 , 2.035197401090601e-03 , 2.161850579879941e-06
774.68000000 , 2.044782075844491e-03 , 2.167346129715710e-06
775.32000000 , 2.049871574154141e-03 , 2.170476755849310e-06
775.96000000 , 2.058147115231910e-03 , 2.173881584257308e-06
776.60000000 , 2.064773145150767e-03 , 2.178312385154915e-06
777.24000000 , 2.073516440645913e-03 , 2.184174122615355e-06
777.88000000 , 2.081161365385505e-03 , 2.187489400524256e-06
778.52000000 , 2.088313703816602e-03 , 2.192215634503947e-06
779.16000000 , 2.093503743490740e-03 , 2.195756653451597e-06
779.80000000 , 2.102823816638762e-03 , 2.200813404943248e-06
780.44000000 , 2.113303672345753e-03 , 2.206924828140924e-06
781.08000000 , 2.122489496255663e-03 , 2.211964470175123e-06
781.72000000 , 2.131679423387470e-03 , 2.218138059326594e-06
782.36000000 , 2.135856853660370e-03 , 2.220805118945922e-06
783.00000000 , 2.141507462325665e-03 , 2.223719686598391e-06
783.64000000 , 2.152862841548979e-03 , 2.230427796063555e-06
784.28000000 , 2.157501698854642e-03 , 2.232235282972058e-06
784.92000000 , 2.174640124931524e-03 , 2.243129966217798e-06
785.56000000 , 2.176573694883852e-03 , 2.243188029322360e-06
786.20000000 , 2.185425076491657e-03 , 2.249272720350718e-06
786.84000000 , 2.195902878491553e-03 , 2.253943206823170e-06
787.48000000 , 2.202968972613106e-03 , 2.258429270441451e-06
788.12000000 , 2.211424349401843e-03 , 2.262041465407590e-06
788.76000000 , 2.217218473938210e-03 , 2.266147396442314e-06
789.40000000 , 2.226314839595652e-03 , 2.272130596455662e-06
790.04000000 , 2.237029050187250e-03 , 2.278712940823394e-06
790.68000000 , 2.245537452970352e-03 , 2.283620777066995e-06
791.32000000 , 2.252580563025574e-03 , 2.286829026419203e-06
791.96000000 , 2.260872534397207e-03 , 2.290964645768409e-06
792.60000000 , 2.268308328400632e-03 , 2.295242930494142e-06
793.24000000 , 2.279367407379983e-03 , 2.301497486642746e-06
793.88000000 , 2.290285906989376e-03 , 2.307927757743701e-06
794.52000000 , 2.297130249757261e-03 , 2.311789394708632e-06
795.16000000 , 2.305643829277046e-03 , 2.316400282673892e-06
795.80000000 , 2.315207294891179e-03 , 2.322175867186056e-06
796.44000000 , 2.317755302116713e-03 , 2.323163166893552e-06
797.08000000 , 2.329151040168993e-03 , 2.329436328144083e-06
797.72000000 , 2.340071129570681e-03 , 2.335934796918017e-06
798.36000000 , 2.349647062624984e-03 , 2.341578650538752e-06
799.00000000 , 2.357900591628559e-03 , 2.345930998387684e-06
799.64000000 , 2.366899493590474e-03 , 2.350642201379046e-06
800.28000000 , 2.374187743223107e-03 , 2.354762690189000e-06
800.92000000 , 2.387785764207710e-03 , 2.361413982399252e-06
801.56000000 , 2.397679310317156e-03 , 2.367684913696993e-06
802.20000000 , 2.406464308775879e-03 , 2.373348945214903e-06
802.84000000 , 2.411541423736850e-03 , 2.375382366921982e-06
803.48000000 , 2.421868878253569e-03 , 2.380896017074504e-06
804.12000000 , 2.431339400919565e-03 , 2.386170641506457e-06
804.76000000 , 2.443143018703181e-03 , 2.393035327601247e-06
805.40000000 , 2.455522299354123e-03 , 2.399745189333765e-06
806.04000000 , 2.461926244271310e-03 , 2.401886303547115e-06
806.68000000 , 2.472302133040492e-03 , 2.408378725210353e-06
807.32000000 , 2.480127826793389e-03 , 2.412258222193518e-06
807.96000000 , 2.485992816305415e-03 , 2.415705015458313e-06
808.60000000 , 2.502427587857277e-03 , 2.425467797161479e-06
809.24000000 , 2.509132377030159e-03 , 2.429211417991707e-06
809.88000000 , 2.519714447702801e-03 , 2.434272924441809e-06
810.52000000 , 2.529955372448505e-03 , 2.440048526839671e-06
811.16000000 , 2.536923796376823e-03 , 2.443421229307352e-06
811.80000000 , 2.546852980425323e-03 , 2.448239436472563e-06
812.44000000 , 2.562508615315253e-03 , 2.456887959450042e-06
813.08000000 , 2.571864419344799e-03 , 2.462974705996532e-06
813.72000000 , 2.579143926967436e-03 , 2.465723879895294e-06
814.36000000 , 2.586341421598079e-03 , 2.469655748237635e-06
815.00000000 , 2.605029972079452e-03 , 2.479532948885695e-06
815.64000000 , 2.608658088476851e-03 , 2.480757899579602e-06
816.28000000 , 2.621601733721118e-03 , 2.488343696015866e-06
816.92000000 , 2.631245657612393e-03 , 2.493898398199471e-06
817.56000000 , 2.642295269596548e-03 , 2.498797816918599e-06
818.20000000 , 2.653420380601325e-03 , 2.504115287850828e-06
818.84000000 , 2.666630104586691e-03 , 2.512589028831779e-06
819.48000000 , 2.673281163861968e-03 , 2.515042881687172e-06
820.12000000 , 2.686913498129883e-03 , 2.523150946943266e-06
820.76000000 , 2.697681361883915e-03 , 2.527824499988056e-06
821.40000000 , 2.704583988433821e-03 , 2.531442810852561e-06
822.04000000 , 2.712998930315695e-03 , 2.535807415248450e-06
822.68000000 , 2.726816214420107e-03 , 2.541926417477426e-06
823.32000000 , 2.741233604352537e-03 , 2.550644192658508e-06
823.96000000 , 2.752404358351831e-03 , 2.556940955291609e-06
824.60000000 , 2.765073036335094e-03 , 2.563434227433457e-06
825.24000000 , 2.772609840555864e-03 , 2.567580453780819e-06
825.88000000 , 2.785819384223245e-03 , 2.573385337380598e-06
826.52000000 , 2.798636402976202e-03 , 2.579720972959442e-06
827.16000000 , 2.807963352128151e-03 , 2.584177501670072e-06
827.80000000 , 2.818968766080102e-03 , 2.589570278238064e-06
828.44000000 , 2.831570593135104e-03 , 2.596589641020428e-06
829.08000000 , 2.843085859853153e-03 , 2.603016847641617e-06
829.72000000 , 2.857844223503853e-03 , 2.610559991283191e-06
830.36000000 , 2.866664480500745e-03 , 2.614674363914026e-06
831.00000000 , 2.880449046901469e-03 , 2.621448703570230e-06
831.64000000 , 2.892957566272152e-03 , 2.627686941873351e-06
832.28000000 , 2.907237985035579e-03 , 2.636011171226006e-06
832.92000000 , 2.917045971547937e-03 , 2.640900369091683e-06
833.56000000 , 2.927056960499730e-03 , 2.645025907090101e-06
834.20000000 , 2.942901503656353e-03 , 2.653897833791535e-06
834.84000000 , 2.949472478752568e-03 , 2.656173159864715e-06
835.48000000 , 2.966423048574174e-03 , 2.664695716357089e-06
836.12000000 , 2.973135742853899e-03 , 2.668302442060271e-06
836.76000000 , 2.988101832708328e-03 , 2.675878708279351e-06
837.40000000 , 2.999976033764423e-03 , 2.680303467552791e-06
838.04000000 , 3.018313431699691e-03 , 2.690390173967841e-06
838.68000000 , 3.026223825073438e-03 , 2.693866909443044e-06
839.32000000 , 3.043139258972262e-03 , 2.702671383687795e-06
839.96000000 , 3.056458071927883e-03 , 2.709072585394578e-06
840.60000000 , 3.066401760748653e-03 , 2.714584651585973e-06
841.24000000 , 3.081156463784001e-03 , 2.720802114748279e-06
841.88000000 , 3.094469202567435e-03 , 2.728093544129242e-06
842.52000000 , 3.108793961411480e-03 , 2.735528092945590e-06
843.16000000 , 3.117710210488487e-03 , 2.738148619960775e-06
843.80000000 , 3.134427080230268e-03 , 2.746956897793346e-06
844.44000000 , 3.148423367124409e-03 , 2.753957540000096e-06
845.08000000 , 3.165005122186412e-03 , 2.762831369845600e-06
845.72000000 , 3.182130559431431e-03 , 2.770144803049799e-06
846.36000000 , 3.197052235375475e-03 , 2.777198104439102e-06
847.00000000 , 3.204757807764395e-03 , 2.781484888593737e-06
847.64000000 , 3.220328503827119e-03 , 2.788386043373175e-06
848.28000000 , 3.237423791687463e-03 , 2.797116746160617e-06
848.92000000 , 3.249401812878629e-03 , 2.803038998599842e-06
849.56000000 , 3.263417815711817e-03 , 2.808525663865218e-06
850.20000000 , 3.277280065277411e-03 , 2.815441147163113e-06
850.84000000 , 3.292773443475441e-03 , 2.823163369804841e-06
851.48000000 , 3.299684268340122e-03 , 2.826033420034244e-06
852.12000000 , 3.321163411547578e-03 , 2.836762477124135e-06
852.76000000 , 3.337859459964255e-03 , 2.844174489767641e-06
853.40000000 , 3.351232809345183e-03 , 2.850298020409583e-06
854.04000000 , 3.366200000413586e-03 , 2.857281410893961e-06
854.68000000 , 3.384379291403612e-03 , 2.866165051756633e-06
855.32000000 , 3.396558141427327e-03 , 2.872881541771711e-06
855.96000000 , 3.417722391857392e-03 , 2.881387980697891e-06
856.60000000 , 3.424887820945928e-03 , 2.885668459632057e-06
857.24000000 , 3.452694284237594e-03 , 2.898378747462376e-06
857.88000000 , 3.461049717447071e-03 , 2.901178430895818e-06
858.52000000 , 3.473761712884515e-03 , 2.907251099916542e-06
859.16000000 , 3.493486758302536e-03 , 2.916552225630952e-06
859.80000000 , 3.506730542633225e-03 , 2.922903225867311e-06
860.44000000 , 3.523903255671283e-03 , 2.930630967496407e-06
861.08000000 , 3.538907687234543e-03 , 2.938151300935873e-06
861.72000000 , 3.556637084341627e-03 , 2.944808357252289e-06
862.36000000 , 3.576313761989508e-03 , 2.954609383806134e-06
863.00000000 , 3.590249799827537e-03 , 2.960530690727646e-06
863.64000000 , 3.608800120510672e-03 , 2.969673946793046e-06
864.28000000 , 3.622602060893927e-03 , 2.976253682291544e-06
864.92000000 , 3.644997619355866e-03 , 2.985909796576684e-06
865.56000000 , 3.659929496193200e-03 , 2.991752209759606e-06
866.20000000 , 3.678021993828160e-03 , 3.000749389533524e-06
866.84000000 , 3.691882089309817e-03 , 3.007526525547624e-06
867.48000000 , 3.717298274716683e-03 , 3.017825832231396e-06
868.12000000 , 3.730954492438875e-03 , 3.024107577981396e-06
868.76000000 , 3.748765707428369e-03 , 3.032033844402963e-06
869.40000000 , 3.769918635996787e-03 , 3.042237350514598e-06
870.04000000 , 3.786536641274108e-03 , 3.049519239104678e-06
870.68000000 , 3.802719340593161e-03 , 3.056207534114053e-06
871.32000000 , 3.822984048579315e-03 , 3.063892275760916e-06
871.96000000 , 3.849384871731554e-03 , 3.077414616283371e-06
872.60000000 , 3.859284765297096e-03 , 3.081323820922944e-06
873.24000000 , 3.881025863803056e-03 , 3.090655337448899e-06
873.88000000 , 3.898565697143127e-03 , 3.097891361195304e-06
874.52000000 , 3.919997067213579e-03 , 3.107088071484102e-06
875.16000000 , 3.938421363126899e-03 , 3.114922702598595e-06
875.80000000 , 3.954804199862379e-03 , 3.122772802388321e-06
876.44000000 , 3.976339039026242e-03 , 3.132150916771183e-06
877.08000000 , 4.000312099831902e-03 , 3.142397591701305e-06
877.72000000 , 4.012921574668168e-03 , 3.147785578598980e-06
878.36000000 , 4.036694096804874e-03 , 3.157889737913068e-06
879.00000000 , 4.056160317514306e-03 , 3.165324137310231e-06
879.64000000 , 4.077969778765890e-03 , 3.175317913363269e-06
880.28000000 , 4.098371631589765e-03 , 3.181664366742862e-06
880.92000000 , 4.124209561642799e-03 , 3.195163701439760e-06
881.56000000 , 4.142542378539061e-03 , 3.202823316911673e-06
882.20000000 , 4.159551113626392e-03 , 3.210335964693206e-06
882.84000000 , 4.193753859246981e-03 , 3.224004122838492e-06
883.48000000 , 4.207231937874828e-03 , 3.230009304858381e-06
884.12000000 , 4.232206559671226e-03 , 3.239727561724382e-06
884.76000000 , 4.252814279257789e-03 , 3.249555795477043e-06
885.40000000 , 4.278094205479505e-03 , 3.259787258762905e-06
886.04000000 , 4.297055560033276e-03 , 3.266889108325607e-06
886.68000000 , 4.325785245403341e-03 , 3.278500324655638e-06
887.32000000 , 4.338742272220206e-03 , 3.283967925524622e-06
887.96000000 , 4.369172530815200e-03 , 3.297526674364366e-06
888.60000000 , 4.387846904262870e-03 , 3.304976681901330e-06
889.24000000 , 4.413176046627453e-03 , 3.315506394464257e-06
889.88000000 , 4.439564431866731e-03 , 3.325533302719607e-06
890.52000000 , 4.466712759268364e-03 , 3.336918053640696e-06
891.16000000 , 4.483056029114638e-03 , 3.344290003726103e-06
891.80000000 , 4.514799948813990e-03 , 3.357291499535137e-06
892.44000000 , 4.535607393398095e-03 , 3.365654197520624e-06
893.08000000 , 4.561324078919396e-03 , 3.376597491789723e-06
893.72000000 , 4.587184397390075e-03 , 3.386375536881699e-06
894.36000000 , 4.617131663309324e-03 , 3.397674322094803e-06
895.00000000 , 4.639388352079879e-03 , 3.406703955113278e-06
895.64000000 , 4.664058560569149e-03 , 3.417250188499056e-06
896.28000000 , 4.687759555099893e-03 , 3.425595584401782e-06
896.92000000 , 4.713213976630379e-03 , 3.436089617329477e-06
897.56000000 , 4.746794991196211e-03 , 3.450171732644625e-06
898.20000000 , 4.775682335829301e-03 , 3.461383543214401e-06
898.84000000 , 4.799318517003600e-03 , 3.470349899791332e-06
899.48000000 , 4.831337420254197e-03 , 3.482866480100412e-06
900.12000000 , 4.859563383732390e-03 , 3.493670270985865e-06
900.76000000 , 4.884139299735116e-03 , 3.504035569196817e-06
901.40000000 , 4.911103259858224e-03 , 3.515312542254181e-06
902.04000000 , 4.942594455471633e-03 , 3.526104870596629e-06
902.68000000 , 4.964968279477937e-03 , 3.534398057869586e-06
903.32000000 , 5.000705373704444e-03 , 3.548263395425329e-06
903.96000000 , 5.026766893250401e-03 , 3.558548937879472e-06
904.60000000 , 5.057836954700553e-03 , 3.570220049796180e-06
905.24000000 , 5.094602217230739e-03 , 3.584557825440475e-06
905.88000000 , 5.114587527395490e-03 , 3.592116317991951e-06
906.52000000 , 5.152527439056540e-03 , 3.607370726849163e-06
907.16000000 , 5.185216396739239e-03 , 3.619273910613989e-06
907.80000000 , 5.223478982104202e-03 , 3.634187921975376e-06
908.44000000 , 5.245587952057534e-03 , 3.642208055683808e-06
909.08000000 , 5.277421940226916e-03 , 3.653670423358801e-06
909.72000000 , 5.312666572914849e-03 , 3.667005445353960e-06
910.36000000 , 5.346351103579929e-03 , 3.679733005617596e-06
911.00000000 , 5.379197076873093e-03 , 3.692164649850215e-06
911.64000000 , 5.409250566531235e-03 , 3.702824255968492e-06
912.28000000 , 5.441419420259581e-03 , 3.714609131803361e-06
912.92000000 , 5.475580864588795e-03 , 3.726086963758396e-06
913.56000000 , 5.520646886865026e-03 , 3.744508723080978e-06
914.20000000 , 5.555610770094498e-03 , 3.756722871200457e-06
914.84000000 , 5.589590306956626e-03 , 3.769322051832040e-06
915.48000000 , 5.614072877065537e-03 , 3.777766165074649e-06
916.12000000 , 5.663977150145138e-03 , 3.796215605858887e-06
916.76000000 , 5.693461169758758e-03 , 3.806203092820779e-06
917.40000000 , 5.731351377845323e-03 , 3.819429572266724e-06
918.04000000 , 5.776260077819800e-03 , 3.836928488873465e-06
918.68000000 , 5.806982059377053e-03 , 3.847901460654195e-06
919.32000000 , 5.848181440410457e-03 , 3.861642394241553e-06
919.96000000 , 5.886322891767248e-03 , 3.875956079481210e-06
920.60000000 , 5.929971149758096e-03 , 3.892054288174544e-06
921.24000000 , 5.966348607024870e-03 , 3.904137350316524e-06
921.88000000 , 6.009389312170761e-03 , 3.918829662910105e-06
922.52000000 , 6.053658321125400e-03 , 3.934033426539831e-06
923.16000000 , 6.087413655232410e-03 , 3.946475008099377e-06
923.80000000 , 6.138463831901299e-03 , 3.964864944810350e-06
924.44000000 , 6.182443149593726e-03 , 3.979938355831975e-06
925.08000000 , 6.223056370861264e-03 , 3.993301388720710e-06
925.72000000 , 6.268016993988969e-03 , 4.008373203911538e-06
926.36000000 , 6.302650597052474e-03 , 4.020909040375639e-06
927.00000000 , 6.355165960242701e-03 , 4.039299547774547e-06
927.64000000 , 6.403723682650681e-03 , 4.056108286540421e-06
928.28000000 , 6.456525200034000e-03 , 4.074268410527195e-06
928.92000000 , 6.498558324947298e-03 , 4.087516742319747e-06
929.56000000 , 6.550878765601464e-03 , 4.104340376825063e-06
930.20000000 , 6.595768363010886e-03 , 4.119649501300066e-06
930.84000000 , 6.646923990558920e-03 , 4.136124216047272e-06
931.48000000 , 6.696154953923219e-03 , 4.153886761959083e-06
932.12000000 , 6.743072682349705e-03 , 4.168486074952801e-06
932.76000000 , 6.795706118382832e-03 , 4.186434432117586e-06
933.40000000 , 6.855124779614916e-03 , 4.206658105402133e-06
934.04000000 , 6.910215426291028e-03 , 4.224390558708971e-06
934.68000000 , 6.947996924635281e-03 , 4.236381339270290e-06
935.32000000 , 7.009873586649357e-03 , 4.257558184250604e-06
935.96000000 , 7.060294381911402e-03 , 4.273391641152914e-06
936.60000000 , 7.113816170922359e-03 , 4.290653421955320e-06
937.24000000 , 7.175974700198476e-03 , 4.309771037367188e-06
937.88000000 , 7.238822058702851e-03 , 4.330220722510030e-06
938.52000000 , 7.290137540053866e-03 , 4.347203218248472e-06
939.16000000 , 7.349949660880080e-03 , 4.366700861660493e-06
939.80000000 , 7.413140995149455e-03 , 4.386673577002632e-06
940.44000000 , 7.471350281832267e-03 , 4.405329179790059e-06
941.08000000 , 7.533578465664409e-03 , 4.423352728541342e-06
941.72000000 , 7.603534881802309e-03 , 4.447153701531007e-06
942.36000000 , 7.657272288197438e-03 , 4.462703805185226e-06
943.00000000 , 7.721485589598277e-03 , 4.481528033457814e-06
943.64000000 , 7.785682928929476e-03 , 4.502119088983375e-06
944.28000000 , 7.856809995742750e-03 , 4.524249835311554e-06
944.92000000 , 7.918350893652811e-03 , 4.544565189726094e-06
945.56000000 , 7.996214146556239e-03 , 4.566895699925986e-06
946.20000000 , 8.067992070510467e-03 , 4.588805246115923e-06
946.84000000 , 8.130181366320054e-03 , 4.606461336482706e-06
947.48000000 , 8.204707866129765e-03 , 4.629464389617469e-06
948.12000000 , 8.281582087261527e-03 , 4.651868294935161e-06
948.76000000 , 8.348312890243414e-03 , 4.671644143886287e-06
949.40000000 , 8.427899845170133e-03 , 4.695550099882079e-06
950.04000000 , 8.519783760924987e-03 , 4.723823036456249e-06
950.68000000 , 8.586103414876110e-03 , 4.742133934161834e-06
951.32000000 , 8.658700817790726e-03 , 4.762938793108663e-06
951.96000000 , 8.750262112928444e-03 , 4.790474564838623e-06
952.60000000 , 8.832559682425987e-03 , 4.814728848400785e-06
953.24000000 , 8.912921859223467e-03 , 4.837278540542200e-06
953.88000000 , 8.999389931630013e-03 , 4.861418952965580e-06
954.52000000 , 9.097161295259308e-03 , 4.890309565914870e-06
955.16000000 , 9.180628239127039e-03 , 4.913420375823806e-06
955.80000000 , 9.276541247532386e-03 , 4.940883412462682e-06
956.44000000 , 9.365050789630609e-03 , 4.965920933229353e-06
957.08000000 , 9.463237309349559e-03 , 4.993397422828634e-06
957.72000000 , 9.557917454042610e-03 , 5.018706542435776e-06
958.36000000 , 9.660747772396920e-03 , 5.047804439043209e-06
959.00000000 , 9.760609159453423e-03 , 5.076396914025678e-06
959.64000000 , 9.860669827800471e-03 , 5.102356620970972e-06
960.28000000 , 9.963668884019528e-03 , 5.131580926254924e-06
960.92000000 , 1.006776955797738e-02 , 5.158171285505399e-06
961.56000000 , 1.018132312910660e-02 , 5.190935607770941e-06
962.20000000 , 1.028784300428968e-02 , 5.217444964198044e-06
962.84000000 , 1.040847380499953e-02 , 5.251190179318389e-06
963.48000000 , 1.052526223296855e-02 , 5.282326783652102e-06
964.12000000 , 1.064808133698811e-02 , 5.314957746623953e-06
964.76000000 , 1.076280645387508e-02 , 5.343127592671518e-06
965.40000000 , 1.089366181040841e-02 , 5.378373246982638e-06
966.04000000 , 1.101818548281285e-02 , 5.410902820267208e-06
966.68000000 , 1.115668361318347e-02 , 5.447363375347361e-06
967.32000000 , 1.128051079092990e-02 , 5.477587427484093e-06
967.96000000 , 1.141828682719165e-02 , 5.513224082061014e-06
968.60000000 , 1.156276818248420e-02 , 5.550350059469567e-06
969.24000000 , 1.168948392395837e-02 , 5.581422200734395e-06
969.88000000 , 1.184739621995242e-02 , 5.620544369781802e-06
970.52000000 , 1.199270000722162e-02 , 5.657881957097414e-06
971.16000000 , 1.214360777987740e-02 , 5.694415074170887e-06
971.80000000 , 1.229774384274340e-02 , 5.731934808129966e-06
972.44000000 , 1.247351980849894e-02 , 5.775929454417387e-06
973.08000000 , 1.262599131401116e-02 , 5.811026909684630e-06
973.72000000 , 1.280516103922224e-02 , 5.855455474117889e-06
974.36000000 , 6.457176924234994e-03 , 4.159225291645926e-06
