x_l , NLO , dNLO
200.00000000 , 0.000000000000000e+00 , 0.000000000000000e+00
200.50000000 , 0.000000000000000e+00 , 0.000000000000000e+00
201.00000000 , 0.000000000000000e+00 , 0.000000000000000e+00
201.50000000 , 0.000000000000000e+00 , 0.000000000000000e+00
202.00000000 , 3.798796994099082e-08 , 2.954510058402484e-08
202.50000000 , 3.437449807950894e-08 , 2.850081531006923e-08
203.00000000 , 1.611346516248034e-09 , 1.611346515603018e-09
203.50000000 , 5.256442690547061e-08 , 3.623729106525286e-08
204.00000000 , 1.917190295629641e-08 , 1.034702358898573e-08
204.50000000 , 1.642683508467615e-08 , 8.140055231228708e-09
205.00000000 , 3.606419645649389e-07 , 3.424377465295029e-07
205.50000000 , 7.848970905405146e-08 , 3.463746177872308e-08
206.00000000 , 7.672640889134400e-08 , 3.114017471056846e-08
206.50000000 , 3.098833224607560e-08 , 9.875451325427270e-09
207.00000000 , 7.595657259465657e-08 , 1.683415420320221e-08
207.50000000 , 9.904723388995181e-08 , 2.780807596245081e-08
208.00000000 , 1.232829144018639e-07 , 2.109323639230409e-08
208.50000000 , 1.393288850657456e-07 , 2.357440303548746e-08
209.00000000 , 1.379955028450701e-07 , 2.188366074124673e-08
209.50000000 , 1.568384630209508e-07 , 2.363308144020458e-08
210.00000000 , 1.737903802344050e-07 , 2.458101688993510e-08
210.50000000 , 1.759231951240857e-07 , 2.274374210553856e-08
211.00000000 , 1.689887084886849e-07 , 2.322559395556526e-08
211.50000000 , 2.531594947395915e-07 , 2.869078953379072e-08
212.00000000 , 2.812259690576679e-07 , 3.072990107991507e-08
212.50000000 , 2.609164738589651e-07 , 2.750496670815864e-08
213.00000000 , 3.797734609198958e-07 , 3.434750096435830e-08
213.50000000 , 3.929833847984938e-07 , 3.501172669913506e-08
214.00000000 , 3.816638693082133e-07 , 3.453533675215780e-08
214.50000000 , 5.132573590172586e-07 , 4.067333687359929e-08
215.00000000 , 5.716962967332091e-07 , 4.210714954640966e-08
215.50000000 , 6.095122679324400e-07 , 4.234287123187048e-08
216.00000000 , 6.434165657591494e-07 , 4.378944938965950e-08
216.50000000 , 7.594763633849443e-07 , 4.676863491890597e-08
217.00000000 , 8.112117576623913e-07 , 4.802228542565252e-08
217.50000000 , 9.851679139120667e-07 , 5.295147833276241e-08
218.00000000 , 1.083130385335062e-06 , 5.602563380016666e-08
218.50000000 , 1.334836036808243e-06 , 6.224622312393138e-08
219.00000000 , 1.496715482392693e-06 , 6.561878931804008e-08
219.50000000 , 1.733739494790771e-06 , 7.079248039272971e-08
220.00000000 , 1.838104904481029e-06 , 7.233917752161094e-08
220.50000000 , 2.341128138629205e-06 , 8.224213651457347e-08
221.00000000 , 2.793682431390591e-06 , 8.953045881183271e-08
221.50000000 , 3.065965819945904e-06 , 9.299920094875224e-08
222.00000000 , 3.522182838514556e-06 , 9.962929950421052e-08
222.50000000 , 3.798289189999474e-06 , 1.025923329621269e-07
223.00000000 , 4.436040528724407e-06 , 1.110070423560337e-07
223.50000000 , 5.242620459635950e-06 , 1.212588562082701e-07
224.00000000 , 5.494364901774500e-06 , 1.231786609615295e-07
224.50000000 , 6.506241651169333e-06 , 1.354759233205079e-07
225.00000000 , 7.031884933980917e-06 , 1.388843256163009e-07
225.50000000 , 7.771522150920353e-06 , 1.469179879289759e-07
226.00000000 , 8.578652863766908e-06 , 1.535994919906467e-07
226.50000000 , 9.402958707120716e-06 , 1.613154559981162e-07
227.00000000 , 1.012072773537920e-05 , 1.671057579121772e-07
227.50000000 , 1.095660331395237e-05 , 1.731396774209297e-07
228.00000000 , 1.190457738266614e-05 , 1.806564284164851e-07
228.50000000 , 1.319651896447399e-05 , 1.909746239386804e-07
229.00000000 , 1.451628737263195e-05 , 2.017822111599709e-07
229.50000000 , 1.560047357852827e-05 , 2.077145280668794e-07
230.00000000 , 1.664312638143226e-05 , 2.154148341100882e-07
230.50000000 , 1.735939509337731e-05 , 2.185307016330854e-07
231.00000000 , 1.909439489990377e-05 , 2.291515295420859e-07
231.50000000 , 2.000367404492692e-05 , 2.344076012405448e-07
232.00000000 , 2.212825555696142e-05 , 2.462299781547716e-07
232.50000000 , 2.281303156107000e-05 , 2.495514142551048e-07
233.00000000 , 2.469142190855629e-05 , 2.595736525787007e-07
233.50000000 , 2.655472647576495e-05 , 2.687867417601080e-07
234.00000000 , 2.798627499147850e-05 , 2.776994720404280e-07
234.50000000 , 2.976603319985163e-05 , 2.844256806090836e-07
235.00000000 , 3.135107533691653e-05 , 2.918165177886112e-07
235.50000000 , 3.319668126872580e-05 , 2.992071060647556e-07
236.00000000 , 3.499792308280185e-05 , 3.077690784867970e-07
236.50000000 , 3.726340754022407e-05 , 3.176586161384138e-07
237.00000000 , 3.958363872049306e-05 , 3.296533638598699e-07
237.50000000 , 4.200092135817227e-05 , 3.384933765652917e-07
238.00000000 , 4.513198294603493e-05 , 3.526904245664364e-07
238.50000000 , 4.661154431073746e-05 , 3.552222913626894e-07
239.00000000 , 4.925395920733818e-05 , 3.655144069542606e-07
239.50000000 , 5.172748767287278e-05 , 3.752256758873786e-07
240.00000000 , 5.456209530984478e-05 , 3.859691044629996e-07
240.50000000 , 5.837409259986114e-05 , 3.998851275120539e-07
241.00000000 , 6.037936468451227e-05 , 4.048178096080269e-07
241.50000000 , 6.393051328237158e-05 , 4.176955194293253e-07
242.00000000 , 6.707146892027560e-05 , 4.270901684475033e-07
242.50000000 , 7.048572891195080e-05 , 4.377015227987808e-07
243.00000000 , 7.400397560553969e-05 , 4.488263550758211e-07
243.50000000 , 7.711356514126993e-05 , 4.573132294802202e-07
244.00000000 , 8.154175702427642e-05 , 4.739501377360077e-07
244.50000000 , 8.428601025362168e-05 , 4.793887614824901e-07
245.00000000 , 8.932007349317348e-05 , 4.936203598769122e-07
245.50000000 , 9.380733069778004e-05 , 5.056525801788331e-07
246.00000000 , 9.890880251836834e-05 , 5.204443552329499e-07
246.50000000 , 1.029316437665341e-04 , 5.286853056484634e-07
247.00000000 , 1.087929405565067e-04 , 5.451689092446386e-07
247.50000000 , 1.139426276290907e-04 , 5.582861030381559e-07
248.00000000 , 1.190716012875890e-04 , 5.693493375853037e-07
248.50000000 , 1.251043154566999e-04 , 5.840815978803038e-07
249.00000000 , 1.313215526525381e-04 , 5.988935229314229e-07
249.50000000 , 1.378877791527108e-04 , 6.131405492142832e-07
250.00000000 , 1.437657099028622e-04 , 6.245527541067655e-07
250.50000000 , 1.532608599145989e-04 , 6.482230636082616e-07
251.00000000 , 1.596302698136017e-04 , 6.609479049898578e-07
251.50000000 , 1.679520710232522e-04 , 6.771883509190549e-07
252.00000000 , 1.755091734476127e-04 , 6.929178044136780e-07
252.50000000 , 1.858117461825254e-04 , 7.111761232389280e-07
253.00000000 , 1.950684478917261e-04 , 7.287587273848306e-07
253.50000000 , 2.065216729607511e-04 , 7.512589706413170e-07
254.00000000 , 2.185699565131822e-04 , 7.723670665152109e-07
254.50000000 , 2.309213378326706e-04 , 7.930418618988177e-07
255.00000000 , 2.448182702445122e-04 , 8.162913528985961e-07
255.50000000 , 2.604139422788718e-04 , 8.411197642096412e-07
256.00000000 , 2.796038295908888e-04 , 8.729272007029355e-07
256.50000000 , 3.002313979015428e-04 , 9.039974838485395e-07
257.00000000 , 3.262954019617456e-04 , 9.421976559842267e-07
257.50000000 , 3.615106044211027e-04 , 9.919241438840313e-07
258.00000000 , 4.045760655324975e-04 , 1.045171161978098e-06
258.50000000 , 4.602822149123450e-04 , 1.114204454943013e-06
259.00000000 , 5.164483070569420e-04 , 1.177486248864850e-06
259.50000000 , 5.862981011279408e-04 , 1.252781767329032e-06
260.00000000 , 6.588186844573876e-04 , 1.325222005304238e-06
260.50000000 , 7.418777152842030e-04 , 1.401505464542717e-06
261.00000000 , 8.051058027354922e-04 , 1.460224194071246e-06
261.50000000 , 8.460158168743710e-04 , 1.496867641151693e-06
262.00000000 , 8.795522601498263e-04 , 1.527318330504028e-06
262.50000000 , 9.100252470256989e-04 , 1.553918094466984e-06
263.00000000 , 9.363005699575428e-04 , 1.575960320891883e-06
263.50000000 , 9.610206567744058e-04 , 1.596325833461167e-06
264.00000000 , 9.816230245009595e-04 , 1.614557968835295e-06
264.50000000 , 1.005495082254578e-03 , 1.636287766048098e-06
265.00000000 , 1.022856837118247e-03 , 1.647927285845073e-06
265.50000000 , 1.045896343705105e-03 , 1.668585419619645e-06
266.00000000 , 1.066470970860375e-03 , 1.684938723134158e-06
266.50000000 , 1.081635414913627e-03 , 1.696604431789123e-06
267.00000000 , 1.103356600026102e-03 , 1.714726903683643e-06
267.50000000 , 1.120751642739642e-03 , 1.729449148071124e-06
268.00000000 , 1.140480821489859e-03 , 1.744481463747514e-06
268.50000000 , 1.157418290134644e-03 , 1.756276591555045e-06
269.00000000 , 1.176183191307936e-03 , 1.771090099071207e-06
269.50000000 , 1.193295734976657e-03 , 1.784309974387960e-06
270.00000000 , 1.211066398102294e-03 , 1.798102046201708e-06
270.50000000 , 1.227591775775134e-03 , 1.812918223938966e-06
271.00000000 , 1.245172972932883e-03 , 1.823668248791682e-06
271.50000000 , 1.261416544214888e-03 , 1.836577357094464e-06
272.00000000 , 1.280298791924339e-03 , 1.852002260178079e-06
272.50000000 , 1.294979340810823e-03 , 1.861469035128472e-06
273.00000000 , 1.315633176804922e-03 , 1.877082863557039e-06
273.50000000 , 1.331627006983271e-03 , 1.888728994825074e-06
274.00000000 , 1.349037324563498e-03 , 1.902321244720260e-06
274.50000000 , 1.363731733399543e-03 , 1.911135525472882e-06
275.00000000 , 1.384160193862935e-03 , 1.929372569250379e-06
275.50000000 , 1.401465519041078e-03 , 1.940145769708941e-06
276.00000000 , 1.414745768329521e-03 , 1.948803130381658e-06
276.50000000 , 1.433963892447511e-03 , 1.964175839875536e-06
277.00000000 , 1.450402774496957e-03 , 1.974974610369091e-06
277.50000000 , 1.465893639782402e-03 , 1.986917397472568e-06
278.00000000 , 1.482314378871680e-03 , 1.997682491448180e-06
278.50000000 , 1.498164062989869e-03 , 2.008563109320574e-06
279.00000000 , 1.516954039674280e-03 , 2.021213248996299e-06
279.50000000 , 1.531054073725383e-03 , 2.031656945327142e-06
280.00000000 , 1.552473244625919e-03 , 2.046534244415332e-06
280.50000000 , 1.569111928824693e-03 , 2.060140216440923e-06
281.00000000 , 1.586425400563803e-03 , 2.070792159855766e-06
281.50000000 , 1.603285034636806e-03 , 2.082639943014370e-06
282.00000000 , 1.620878984797363e-03 , 2.093752505874735e-06
282.50000000 , 1.637821535120183e-03 , 2.106251194799554e-06
283.00000000 , 1.654805646260901e-03 , 2.118421783628298e-06
283.50000000 , 1.670046488501467e-03 , 2.126501921623837e-06
284.00000000 , 1.692409378465101e-03 , 2.143662438113013e-06
284.50000000 , 1.709880999102314e-03 , 2.152765560394433e-06
285.00000000 , 1.726546223718786e-03 , 2.165058135607558e-06
285.50000000 , 1.744167646019423e-03 , 2.176811126692689e-06
286.00000000 , 1.761229251006013e-03 , 2.189491009386387e-06
286.50000000 , 1.776451049481687e-03 , 2.198481972769445e-06
287.00000000 , 1.794397845395958e-03 , 2.210864839474875e-06
287.50000000 , 1.814073721894019e-03 , 2.221730229517322e-06
288.00000000 , 1.832270897407308e-03 , 2.236055694657420e-06
288.50000000 , 1.845576813902075e-03 , 2.243030914819976e-06
289.00000000 , 1.867368661942333e-03 , 2.258100338059682e-06
289.50000000 , 1.883887489820320e-03 , 2.268337614272401e-06
290.00000000 , 1.901756115313151e-03 , 2.279237912849421e-06
290.50000000 , 1.918004334375061e-03 , 2.289159974936783e-06
291.00000000 , 1.937803167395520e-03 , 2.302580139661355e-06
291.50000000 , 1.957652342862444e-03 , 2.313924292150616e-06
292.00000000 , 1.972283394726940e-03 , 2.323616595371721e-06
292.50000000 , 1.988420820585804e-03 , 2.333619021070542e-06
293.00000000 , 2.013514983874671e-03 , 2.350204483298234e-06
293.50000000 , 2.033575452122174e-03 , 2.362955241966230e-06
294.00000000 , 2.050178534360124e-03 , 2.372397215334485e-06
294.50000000 , 2.071107725065786e-03 , 2.386501171093966e-06
295.00000000 , 2.083549641056687e-03 , 2.392048559975797e-06
295.50000000 , 2.106030027137340e-03 , 2.407256911123004e-06
296.00000000 , 2.122537251413637e-03 , 2.416557310400118e-06
296.50000000 , 2.140905089580986e-03 , 2.427711328225628e-06
297.00000000 , 2.160460475002188e-03 , 2.440322203084613e-06
297.50000000 , 2.178930891290191e-03 , 2.451154385394661e-06
298.00000000 , 2.197864980320265e-03 , 2.462152138779665e-06
298.50000000 , 2.216457328052189e-03 , 2.474327449714409e-06
299.00000000 , 2.239397085277637e-03 , 2.488690246134446e-06
299.50000000 , 2.256769263743602e-03 , 2.498662275677101e-06
300.00000000 , 2.280095082536140e-03 , 2.513359667268951e-06
300.50000000 , 2.292151723261707e-03 , 2.520020756666392e-06
301.00000000 , 2.314696823285852e-03 , 2.533348666354484e-06
301.50000000 , 2.337213973658100e-03 , 2.545100226161422e-06
302.00000000 , 2.351013926121645e-03 , 2.554018974888535e-06
302.50000000 , 2.374301836995987e-03 , 2.568353403341235e-06
303.00000000 , 2.396099170969208e-03 , 2.581743405503794e-06
303.50000000 , 2.416632122934323e-03 , 2.593908226902677e-06
304.00000000 , 2.432686148070443e-03 , 2.602360865607577e-06
304.50000000 , 2.459001638778090e-03 , 2.616450670647311e-06
305.00000000 , 2.476751814985508e-03 , 2.627687298604277e-06
305.50000000 , 2.494941041724057e-03 , 2.638843067334453e-06
306.00000000 , 2.518619950317962e-03 , 2.649780925020023e-06
306.50000000 , 2.537043328703367e-03 , 2.661309333018227e-06
307.00000000 , 2.562865152400983e-03 , 2.677185312410901e-06
307.50000000 , 2.588811593834801e-03 , 2.691916584369857e-06
308.00000000 , 2.602882324722266e-03 , 2.699280085759810e-06
308.50000000 , 2.621860588796936e-03 , 2.710126625920387e-06
309.00000000 , 2.648201191961851e-03 , 2.724893915334430e-06
309.50000000 , 2.671602597301665e-03 , 2.736855005637499e-06
310.00000000 , 2.692738266043318e-03 , 2.750967671984728e-06
310.50000000 , 2.706679369692261e-03 , 2.758447746386733e-06
311.00000000 , 2.729647342883478e-03 , 2.770969620519934e-06
311.50000000 , 2.748592784761930e-03 , 2.781988333980898e-06
312.00000000 , 2.772818601063535e-03 , 2.794278068216036e-06
312.50000000 , 2.794465616128796e-03 , 2.806837121178662e-06
313.00000000 , 2.822277033140689e-03 , 2.822068393616314e-06
313.50000000 , 2.839839287037853e-03 , 2.830978636909259e-06
314.00000000 , 2.862065115349544e-03 , 2.843587408648248e-06
314.50000000 , 2.889527055298149e-03 , 2.858221782193922e-06
315.00000000 , 2.912958964672474e-03 , 2.871534709706301e-06
315.50000000 , 2.934752113440957e-03 , 2.883037291298388e-06
316.00000000 , 2.956865223905350e-03 , 2.896345685028597e-06
316.50000000 , 2.980487888140596e-03 , 2.908173287598744e-06
317.00000000 , 3.000874141386474e-03 , 2.918028722133668e-06
317.50000000 , 3.027898828865586e-03 , 2.932438950801461e-06
318.00000000 , 3.053028090244644e-03 , 2.946761332842491e-06
318.50000000 , 3.075699424991142e-03 , 2.958958947185509e-06
319.00000000 , 3.097455238289036e-03 , 2.969082288528050e-06
319.50000000 , 3.127986513028268e-03 , 2.985834381782143e-06
320.00000000 , 3.149852617086092e-03 , 2.997031054773990e-06
320.50000000 , 3.170794155375984e-03 , 3.008560564365616e-06
321.00000000 , 3.202278847950163e-03 , 3.025036730137477e-06
321.50000000 , 3.224747872920432e-03 , 3.035977753070332e-06
322.00000000 , 3.243889330994307e-03 , 3.045664515219711e-06
322.50000000 , 3.275583548504428e-03 , 3.062777419579080e-06
323.00000000 , 3.299580107528320e-03 , 3.076171866974467e-06
323.50000000 , 3.327610106308963e-03 , 3.089920760702720e-06
324.00000000 , 3.357763448912619e-03 , 3.105436610266496e-06
324.50000000 , 3.382148400209269e-03 , 3.118378195986377e-06
325.00000000 , 3.410586695901742e-03 , 3.132935365166292e-06
325.50000000 , 3.434356093419537e-03 , 3.145254357290130e-06
326.00000000 , 3.464149912187413e-03 , 3.158881262898350e-06
326.50000000 , 3.492290621395922e-03 , 3.173324226472841e-06
327.00000000 , 3.513504062333855e-03 , 3.184932691550210e-06
327.50000000 , 3.542670743614286e-03 , 3.199166844639063e-06
328.00000000 , 3.573404768982950e-03 , 3.214897634357049e-06
328.50000000 , 3.602083297884741e-03 , 3.229182649252000e-06
329.00000000 , 3.629078458993008e-03 , 3.242629647566468e-06
329.50000000 , 3.660521744037338e-03 , 3.258174701956584e-06
330.00000000 , 3.695231478733357e-03 , 3.275621689934647e-06
330.50000000 , 3.716407533541339e-03 , 3.284946809117855e-06
331.00000000 , 3.746647227994494e-03 , 3.300666293991115e-06
331.50000000 , 3.782913793276688e-03 , 3.317736756714639e-06
332.00000000 , 3.811171476879132e-03 , 3.331692341916965e-06
332.50000000 , 3.846270160344018e-03 , 3.349187873123115e-06
333.00000000 , 3.873900331198556e-03 , 3.363358351151920e-06
333.50000000 , 3.913815094941928e-03 , 3.383430040503361e-06
334.00000000 , 3.932121580689257e-03 , 3.389852898877361e-06
334.50000000 , 3.974959290772216e-03 , 3.411288891832797e-06
335.00000000 , 4.006558347992590e-03 , 3.428220546635999e-06
335.50000000 , 4.030536485937332e-03 , 3.439768335436449e-06
336.00000000 , 4.073615541579599e-03 , 3.458131905064157e-06
336.50000000 , 4.101465002648777e-03 , 3.472087291510878e-06
337.00000000 , 4.138522429378668e-03 , 3.489173775134297e-06
337.50000000 , 4.170915697239181e-03 , 3.504889438566400e-06
338.00000000 , 4.207029810846333e-03 , 3.522710907599012e-06
338.50000000 , 4.243097753598989e-03 , 3.537856056678827e-06
339.00000000 , 4.284094218856687e-03 , 3.559087517668284e-06
339.50000000 , 4.314559181703806e-03 , 3.572368065368685e-06
340.00000000 , 4.348812056952592e-03 , 3.588474570998977e-06
340.50000000 , 4.386882015445687e-03 , 3.606025850455035e-06
341.00000000 , 4.426731126175551e-03 , 3.625455046525946e-06
341.50000000 , 4.465765719658960e-03 , 3.642759725680500e-06
342.00000000 , 4.500548616660996e-03 , 3.659596837090125e-06
342.50000000 , 4.548564344485929e-03 , 3.681455577038341e-06
343.00000000 , 4.582529973764305e-03 , 3.695928545292665e-06
343.50000000 , 4.629372469111508e-03 , 3.719220953387183e-06
344.00000000 , 4.662781851589359e-03 , 3.734588146451614e-06
344.50000000 , 4.701068350631232e-03 , 3.750060628544815e-06
345.00000000 , 4.747716243596832e-03 , 3.771100615040276e-06
345.50000000 , 4.776216724836383e-03 , 3.784101186004426e-06
346.00000000 , 4.833541649871657e-03 , 3.811061137111764e-06
346.50000000 , 4.869274214068220e-03 , 3.825274285853207e-06
347.00000000 , 4.912656899838629e-03 , 3.844760836725002e-06
347.50000000 , 4.961793142953681e-03 , 3.866298431053785e-06
348.00000000 , 5.009865556676633e-03 , 3.888505873362167e-06
348.50000000 , 5.052742274915464e-03 , 3.907784393246186e-06
349.00000000 , 5.102057073682743e-03 , 3.928524013238264e-06
349.50000000 , 5.152361134675669e-03 , 3.951688866434614e-06
350.00000000 , 5.199537956944784e-03 , 3.971892065759581e-06
350.50000000 , 5.244463842355936e-03 , 3.991706607146542e-06
351.00000000 , 5.293780740626261e-03 , 4.013799048194577e-06
351.50000000 , 5.346934405414849e-03 , 4.036108216295420e-06
352.00000000 , 5.390790113176708e-03 , 4.054647420219243e-06
352.50000000 , 5.451893614811787e-03 , 4.081866238362866e-06
353.00000000 , 5.508716971350711e-03 , 4.106892105114471e-06
353.50000000 , 5.560481613899779e-03 , 4.128644863151662e-06
354.00000000 , 5.623234493416663e-03 , 4.155294318420646e-06
354.50000000 , 5.679057150643361e-03 , 4.178540604148386e-06
355.00000000 , 5.732849258328481e-03 , 4.200770309588764e-06
355.50000000 , 5.786835745559875e-03 , 4.223313178325259e-06
356.00000000 , 5.848926787486469e-03 , 4.251218544019135e-06
356.50000000 , 5.919236316823589e-03 , 4.279198901072452e-06
357.00000000 , 5.979031457389373e-03 , 4.304461590020764e-06
357.50000000 , 6.038038145155323e-03 , 4.328727527067936e-06
358.00000000 , 6.111232014603522e-03 , 4.358601134013294e-06
358.50000000 , 6.177867655557626e-03 , 4.386524529372955e-06
359.00000000 , 6.245971103645618e-03 , 4.414413855764221e-06
359.50000000 , 6.312873583080752e-03 , 4.441952206606286e-06
360.00000000 , 6.382747973127144e-03 , 4.470705697160123e-06
360.50000000 , 6.464084155938693e-03 , 4.503198909285293e-06
361.00000000 , 6.530994085323386e-03 , 4.530932007088461e-06
361.50000000 , 6.610640287953136e-03 , 4.561631241853205e-06
362.00000000 , 6.691496476927648e-03 , 4.596314437480246e-06
362.50000000 , 6.777985991460135e-03 , 4.629349688571254e-06
363.00000000 , 6.859653015531210e-03 , 4.662702844590613e-06
363.50000000 , 6.940946568711438e-03 , 4.696267031497404e-06
364.00000000 , 7.031686540896022e-03 , 4.730485639228210e-06
364.50000000 , 7.124525684268101e-03 , 4.767146889608866e-06
365.00000000 , 7.219287648661212e-03 , 4.804304692334702e-06
365.50000000 , 7.325431573035595e-03 , 4.845999157619384e-06
366.00000000 , 7.420828573794278e-03 , 4.883404123097742e-06
366.50000000 , 7.512441633653735e-03 , 4.918886650755392e-06
367.00000000 , 7.610474543512962e-03 , 4.956737620509116e-06
367.50000000 , 7.719460543801652e-03 , 4.997241844037230e-06
368.00000000 , 7.821755034131938e-03 , 5.038756482675916e-06
368.50000000 , 7.877823962449421e-03 , 5.060663618301370e-06
369.00000000 , 7.911866201193192e-03 , 5.071744799505166e-06
369.50000000 , 7.933768288551026e-03 , 5.080923442889497e-06
370.00000000 , 7.956607464450245e-03 , 5.087354329911294e-06
370.50000000 , 7.980149648456359e-03 , 5.097012742640062e-06
371.00000000 , 7.999906853337027e-03 , 5.103669938103671e-06
371.50000000 , 8.013763102040432e-03 , 5.107956620697772e-06
372.00000000 , 8.040011702537857e-03 , 5.116211787287440e-06
372.50000000 , 8.052911639486611e-03 , 5.120707774505813e-06
373.00000000 , 8.078928080794495e-03 , 5.130022377435903e-06
373.50000000 , 8.089792041312452e-03 , 5.131181534268762e-06
374.00000000 , 8.097133618331790e-03 , 5.134435864782433e-06
374.50000000 , 8.115272441502121e-03 , 5.139663292415496e-06
375.00000000 , 8.127997117706500e-03 , 5.144055616727027e-06
375.50000000 , 8.145896870121004e-03 , 5.151234637120165e-06
376.00000000 , 8.156162941307353e-03 , 5.153951331257392e-06
376.50000000 , 8.175254371626582e-03 , 5.158379729989905e-06
377.00000000 , 8.193825296262447e-03 , 5.164905048572966e-06
377.50000000 , 8.202577412493374e-03 , 5.167555269596104e-06
378.00000000 , 8.223979589236867e-03 , 5.176085380309175e-06
378.50000000 , 8.232054993358672e-03 , 5.176052140449430e-06
379.00000000 , 8.237419670805242e-03 , 5.178119176639166e-06
379.50000000 , 8.262872373775584e-03 , 5.186736144514106e-06
380.00000000 , 8.276897784541193e-03 , 5.190804479036846e-06
380.50000000 , 8.281427907889676e-03 , 5.191929274200086e-06
381.00000000 , 8.307175800167769e-03 , 5.201611798623249e-06
381.50000000 , 8.313469934481685e-03 , 5.201532307774737e-06
382.00000000 , 8.333074371065036e-03 , 5.206855156507469e-06
382.50000000 , 8.346031239289949e-03 , 5.213564502701293e-06
383.00000000 , 8.361596932971897e-03 , 5.216173091784716e-06
383.50000000 , 8.380431127933349e-03 , 5.222761548738317e-06
384.00000000 , 8.382190996905207e-03 , 5.221892861571134e-06
384.50000000 , 8.405287456542529e-03 , 5.229633369339565e-06
385.00000000 , 8.411170487159008e-03 , 5.230876505908843e-06
385.50000000 , 8.419145081384418e-03 , 5.233885887248939e-06
386.00000000 , 8.450191186431151e-03 , 5.244177918202440e-06
386.50000000 , 8.456042583886107e-03 , 5.244864252837269e-06
387.00000000 , 8.470988906277026e-03 , 5.249870981048919e-06
387.50000000 , 8.493040711892264e-03 , 5.256292478272197e-06
388.00000000 , 8.498930592357061e-03 , 5.257933092184927e-06
388.50000000 , 8.515416959969185e-03 , 5.262843734973555e-06
389.00000000 , 8.530865168103719e-03 , 5.269148750747831e-06
389.50000000 , 8.553776558414645e-03 , 5.276246298006460e-06
390.00000000 , 8.547744880143138e-03 , 5.272622163462529e-06
390.50000000 , 8.560286104873414e-03 , 5.276253838165466e-06
391.00000000 , 8.576628187993320e-03 , 5.282381748056282e-06
391.50000000 , 8.588228750776685e-03 , 5.285033077025128e-06
392.00000000 , 8.607107978011756e-03 , 5.290881991776961e-06
392.50000000 , 8.605754154506807e-03 , 5.287816681216783e-06
393.00000000 , 8.639614888848932e-03 , 5.300440730469966e-06
393.50000000 , 8.655717064980292e-03 , 5.306513292541797e-06
394.00000000 , 8.650161945265510e-03 , 5.302420688614436e-06
394.50000000 , 8.674414946900820e-03 , 5.311124166379605e-06
395.00000000 , 8.680453059902345e-03 , 5.311951450951120e-06
395.50000000 , 8.702386151809115e-03 , 5.320951102986977e-06
396.00000000 , 8.725416570493598e-03 , 5.326000179316343e-06
396.50000000 , 8.727334126733212e-03 , 5.326451506871066e-06
397.00000000 , 8.735714394155405e-03 , 5.329407449800587e-06
397.50000000 , 8.754531751151736e-03 , 5.334670218047609e-06
398.00000000 , 8.772811338463587e-03 , 5.341570503559555e-06
398.50000000 , 8.779766693923738e-03 , 5.342275995596807e-06
399.00000000 , 8.790109285549404e-03 , 5.344030354673366e-06
399.50000000 , 8.801681328856783e-03 , 5.349576298462260e-06
400.00000000 , 8.815336847606442e-03 , 5.352782014421591e-06
400.50000000 , 8.833414395209299e-03 , 5.358364434894266e-06
401.00000000 , 8.841195822101081e-03 , 5.360381698229971e-06
401.50000000 , 8.858454822634610e-03 , 5.366043637016541e-06
402.00000000 , 8.876677934086990e-03 , 5.370845333737350e-06
402.50000000 , 8.879607179744998e-03 , 5.371217456392727e-06
403.00000000 , 8.887903302170897e-03 , 5.373797224748757e-06
403.50000000 , 8.899415521198158e-03 , 5.377449430464124e-06
404.00000000 , 8.921471153868142e-03 , 5.384389980406267e-06
404.50000000 , 8.920225678329393e-03 , 5.382245834597947e-06
405.00000000 , 8.943789052952834e-03 , 5.389318416716974e-06
405.50000000 , 8.955525613240790e-03 , 5.394160512421211e-06
406.00000000 , 8.957937737407665e-03 , 5.392763407918040e-06
406.50000000 , 8.971432005303103e-03 , 5.398627839912716e-06
407.00000000 , 8.990805325128092e-03 , 5.404733680060902e-06
407.50000000 , 9.000240292553712e-03 , 5.407050823440680e-06
408.00000000 , 9.013895515070218e-03 , 5.411673153470397e-06
408.50000000 , 9.011585517063924e-03 , 5.410624879264272e-06
409.00000000 , 9.030694520397679e-03 , 5.415824019197996e-06
409.50000000 , 9.045132291099045e-03 , 5.418574522005663e-06
410.00000000 , 9.050875599131706e-03 , 5.421950943653765e-06
410.50000000 , 9.063537454351954e-03 , 5.424505201069486e-06
411.00000000 , 9.072699061677802e-03 , 5.426226677848957e-06
411.50000000 , 9.085436009227904e-03 , 5.430335057078599e-06
412.00000000 , 9.097112804622477e-03 , 5.434066199851702e-06
412.50000000 , 9.100330851985444e-03 , 5.435066208528451e-06
413.00000000 , 9.100540776851353e-03 , 5.435354327523121e-06
413.50000000 , 9.125792079179901e-03 , 5.443868239972901e-06
414.00000000 , 9.130715425044103e-03 , 5.443770591728081e-06
414.50000000 , 9.143790545517318e-03 , 5.446604722073777e-06
415.00000000 , 9.154294223348907e-03 , 5.450231476030700e-06
415.50000000 , 9.158959700977326e-03 , 5.451455137554444e-06
416.00000000 , 9.171016976751359e-03 , 5.455173159665721e-06
416.50000000 , 9.184121347966333e-03 , 5.459403173920196e-06
417.00000000 , 9.189423692724243e-03 , 5.459633720417590e-06
417.50000000 , 9.183160450324182e-03 , 5.457582690165354e-06
418.00000000 , 9.191053361965117e-03 , 5.460278074786742e-06
418.50000000 , 9.209537077606730e-03 , 5.466829445795707e-06
419.00000000 , 9.219675231159087e-03 , 5.468045122468930e-06
419.50000000 , 9.220880261907037e-03 , 5.468836673048930e-06
420.00000000 , 9.227284523264634e-03 , 5.471109512679109e-06
420.50000000 , 9.226565796812027e-03 , 5.471285368826015e-06
421.00000000 , 9.237269447062071e-03 , 5.472724759303725e-06
421.50000000 , 9.239048702967318e-03 , 5.473658717923400e-06
422.00000000 , 9.245204960437315e-03 , 5.474148961798544e-06
422.50000000 , 9.253652678096094e-03 , 5.477590720049282e-06
423.00000000 , 9.263456870420711e-03 , 5.479610384504398e-06
423.50000000 , 9.264239801280001e-03 , 5.481106308954240e-06
424.00000000 , 9.269696564924327e-03 , 5.481469105231351e-06
424.50000000 , 9.276435942608373e-03 , 5.484277891325476e-06
425.00000000 , 9.284582122759797e-03 , 5.486566321091094e-06
425.50000000 , 9.278854179642101e-03 , 5.483783481986375e-06
426.00000000 , 9.296652662073251e-03 , 5.490840887015931e-06
426.50000000 , 9.286641489323970e-03 , 5.486242043436467e-06
427.00000000 , 9.284794561009283e-03 , 5.484765847065781e-06
427.50000000 , 9.291020210953120e-03 , 5.487535606487759e-06
428.00000000 , 9.290853716724171e-03 , 5.487523529059278e-06
428.50000000 , 9.299837133788085e-03 , 5.490033154318606e-06
429.00000000 , 9.298494438988916e-03 , 5.490892654868832e-06
429.50000000 , 9.299682745971939e-03 , 5.489511366366002e-06
430.00000000 , 9.298214282449951e-03 , 5.489315124451563e-06
430.50000000 , 9.293590502789743e-03 , 5.486147277248676e-06
431.00000000 , 9.299324485250848e-03 , 5.489212260233858e-06
431.50000000 , 9.293032684198600e-03 , 5.487153110042167e-06
432.00000000 , 9.288036160369710e-03 , 5.484582512519066e-06
432.50000000 , 9.282320845515737e-03 , 5.484106259264540e-06
433.00000000 , 9.285747429935994e-03 , 5.482993677412308e-06
433.50000000 , 9.271915034164677e-03 , 5.481121439371380e-06
434.00000000 , 9.277424100740363e-03 , 5.481606410779780e-06
434.50000000 , 9.256462873481012e-03 , 5.474590417464112e-06
435.00000000 , 9.265576424360867e-03 , 5.479574864707601e-06
435.50000000 , 9.256188548002432e-03 , 5.474904593742804e-06
436.00000000 , 9.238178306590929e-03 , 5.469755147128461e-06
436.50000000 , 9.242513282865438e-03 , 5.471496777362413e-06
437.00000000 , 9.243583446530864e-03 , 5.471707512409887e-06
437.50000000 , 9.221219042097752e-03 , 5.464486389616038e-06
438.00000000 , 9.211449177599912e-03 , 5.461748093418719e-06
438.50000000 , 9.209468175802775e-03 , 5.461746273853952e-06
439.00000000 , 9.195738770503933e-03 , 5.457147795146129e-06
439.50000000 , 9.168635508496524e-03 , 5.448963575917850e-06
440.00000000 , 9.163095668082379e-03 , 5.447768380018055e-06
440.50000000 , 9.139241400730524e-03 , 5.440327527378912e-06
441.00000000 , 9.125896849817612e-03 , 5.436065918898361e-06
441.50000000 , 9.106333318977654e-03 , 5.431034259552969e-06
442.00000000 , 9.083609853429287e-03 , 5.423836435405861e-06
442.50000000 , 9.065920450543377e-03 , 5.418392559429512e-06
443.00000000 , 9.054464438975467e-03 , 5.416517153118631e-06
443.50000000 , 9.014709517389731e-03 , 5.402301714436726e-06
444.00000000 , 8.986923393772678e-03 , 5.393843483053133e-06
444.50000000 , 8.963360337505668e-03 , 5.387331354302102e-06
445.00000000 , 8.943456953231121e-03 , 5.381020918404444e-06
445.50000000 , 8.913953065321825e-03 , 5.371934951824467e-06
446.00000000 , 8.879131824390084e-03 , 5.362719668248082e-06
446.50000000 , 8.845211258804801e-03 , 5.351967535446844e-06
447.00000000 , 8.811693046481939e-03 , 5.341960745722318e-06
447.50000000 , 8.771519363126120e-03 , 5.329431172528893e-06
448.00000000 , 8.730170766359747e-03 , 5.317049258645173e-06
448.50000000 , 8.688722146059227e-03 , 5.304164343222023e-06
449.00000000 , 8.644465413412289e-03 , 5.290828628289557e-06
449.50000000 , 8.596577381514262e-03 , 5.276064010890172e-06
450.00000000 , 8.552466864315551e-03 , 5.262238981694633e-06
450.50000000 , 8.501124526020165e-03 , 5.248166810572821e-06
451.00000000 , 8.441483087429201e-03 , 5.228221826272395e-06
451.50000000 , 8.384508177164209e-03 , 5.210804926772796e-06
452.00000000 , 8.317328905814381e-03 , 5.189050976349245e-06
452.50000000 , 8.252366223982595e-03 , 5.168965268997628e-06
453.00000000 , 8.192690296594175e-03 , 5.151517861961979e-06
453.50000000 , 8.117301110070970e-03 , 5.128318623678454e-06
454.00000000 , 8.034043142161024e-03 , 5.099808518811940e-06
454.50000000 , 7.947443019947294e-03 , 5.071655612346403e-06
455.00000000 , 7.869068917222012e-03 , 5.048392859684657e-06
455.50000000 , 7.773631690726333e-03 , 5.017995181456985e-06
456.00000000 , 7.673858169054838e-03 , 4.986402315891741e-06
456.50000000 , 7.570629980599424e-03 , 4.951648274420862e-06
457.00000000 , 7.458497609091137e-03 , 4.914500785825409e-06
457.50000000 , 7.335174345969094e-03 , 4.874175247024198e-06
458.00000000 , 7.215376522342614e-03 , 4.834970039551218e-06
458.50000000 , 7.072615609796349e-03 , 4.786624896224815e-06
459.00000000 , 6.923800438779655e-03 , 4.735645884778965e-06
459.50000000 , 6.770885768212650e-03 , 4.683660986103597e-06
460.00000000 , 6.596634457359124e-03 , 4.622422775472126e-06
460.50000000 , 6.412601516205140e-03 , 4.557560195898493e-06
461.00000000 , 6.205918923976281e-03 , 4.483638348279567e-06
461.50000000 , 5.987794903832801e-03 , 4.405126657880950e-06
462.00000000 , 5.743224498318305e-03 , 4.313307113751552e-06
462.50000000 , 5.470568828868171e-03 , 4.208896203390743e-06
463.00000000 , 5.175999351606775e-03 , 4.094219920457785e-06
463.50000000 , 4.849111183394532e-03 , 3.962803023423844e-06
464.00000000 , 4.480349956386321e-03 , 3.809174234209953e-06
464.50000000 , 4.069929097675963e-03 , 3.630746198431313e-06
465.00000000 , 3.602636485835416e-03 , 3.417260544338993e-06
465.50000000 , 3.057420334214736e-03 , 3.148721609997658e-06
466.00000000 , 2.386859360204373e-03 , 2.782953988521760e-06
466.50000000 , 1.499213815411853e-03 , 2.216492467598044e-06
467.00000000 , 7.443727679241704e-04 , 1.582564302833985e-06
467.50000000 , 4.960997822357944e-04 , 1.296166841846698e-06
468.00000000 , 3.482700956243568e-04 , 1.088266202686054e-06
468.50000000 , 2.473424408472555e-04 , 9.204749539122279e-07
469.00000000 , 1.721676281128431e-04 , 7.725774037988926e-07
469.50000000 , 1.169304393515026e-04 , 6.430539031446634e-07
470.00000000 , 7.409631772999974e-05 , 5.153830140186465e-07
470.50000000 , 4.316448868600730e-05 , 3.944215595769261e-07
471.00000000 , 2.257178182693031e-05 , 2.911767369775621e-07
471.50000000 , 8.754788245774580e-06 , 1.827580231962893e-07
472.00000000 , 1.891003369731876e-06 , 8.663820451570739e-08
472.50000000 , 9.855540746098897e-08 , 4.035008492286560e-08
473.00000000 , 0.000000000000000e+00 , 0.000000000000000e+00
473.50000000 , 0.000000000000000e+00 , 0.000000000000000e+00
474.00000000 , 0.000000000000000e+00 , 0.000000000000000e+00
474.50000000 , 0.000000000000000e+00 , 0.000000000000000e+00
475.00000000 , 0.000000000000000e+00 , 0.000000000000000e+00
475.50000000 , 0.000000000000000e+00 , 0.000000000000000e+00
476.00000000 , 0.000000000000000e+00 , 0.000000000000000e+00
476.50000000 , 0.000000000000000e+00 , 0.000000000000000e+00
477.00000000 , 0.000000000000000e+00 , 0.000000000000000e+00
477.50000000 , 0.000000000000000e+00 , 0.000000000000000e+00
478.00000000 , 0.000000000000000e+00 , 0.000000000000000e+00
478.50000000 , 0.000000000000000e+00 , 0.000000000000000e+00
479.00000000 , 0.000000000000000e+00 , 0.000000000000000e+00
479.50000000 , 0.000000000000000e+00 , 0.000000000000000e+00
480.00000000 , 0.000000000000000e+00 , 0.000000000000000e+00
480.50000000 , 0.000000000000000e+00 , 0.000000000000000e+00
481.00000000 , 0.000000000000000e+00 , 0.000000000000000e+00
481.50000000 , 0.000000000000000e+00 , 0.000000000000000e+00
482.00000000 , 0.000000000000000e+00 , 0.000000000000000e+00
482.50000000 , 0.000000000000000e+00 , 0.000000000000000e+00
483.00000000 , 0.000000000000000e+00 , 0.000000000000000e+00
483.50000000 , 0.000000000000000e+00 , 0.000000000000000e+00
484.00000000 , 0.000000000000000e+00 , 0.000000000000000e+00
484.50000000 , 0.000000000000000e+00 , 0.000000000000000e+00
485.00000000 , 0.000000000000000e+00 , 0.000000000000000e+00
485.50000000 , 0.000000000000000e+00 , 0.000000000000000e+00
486.00000000 , 0.000000000000000e+00 , 0.000000000000000e+00
486.50000000 , 0.000000000000000e+00 , 0.000000000000000e+00
487.00000000 , 0.000000000000000e+00 , 0.000000000000000e+00
487.50000000 , 0.000000000000000e+00 , 0.000000000000000e+00
488.00000000 , 0.000000000000000e+00 , 0.000000000000000e+00
488.50000000 , 0.000000000000000e+00 , 0.000000000000000e+00
489.00000000 , 0.000000000000000e+00 , 0.000000000000000e+00
489.50000000 , 0.000000000000000e+00 , 0.000000000000000e+00
490.00000000 , 0.000000000000000e+00 , 0.000000000000000e+00
490.50000000 , 0.000000000000000e+00 , 0.000000000000000e+00
491.00000000 , 0.000000000000000e+00 , 0.000000000000000e+00
491.50000000 , 0.000000000000000e+00 , 0.000000000000000e+00
492.00000000 , 0.000000000000000e+00 , 0.000000000000000e+00
492.50000000 , 0.000000000000000e+00 , 0.000000000000000e+00
493.00000000 , 0.000000000000000e+00 , 0.000000000000000e+00
493.50000000 , 0.000000000000000e+00 , 0.000000000000000e+00
494.00000000 , 0.000000000000000e+00 , 0.000000000000000e+00
494.50000000 , 0.000000000000000e+00 , 0.000000000000000e+00
495.00000000 , 0.000000000000000e+00 , 0.000000000000000e+00
495.50000000 , 0.000000000000000e+00 , 0.000000000000000e+00
496.00000000 , 0.000000000000000e+00 , 0.000000000000000e+00
496.50000000 , 0.000000000000000e+00 , 0.000000000000000e+00
497.00000000 , 0.000000000000000e+00 , 0.000000000000000e+00
497.50000000 , 0.000000000000000e+00 , 0.000000000000000e+00
498.00000000 , 0.000000000000000e+00 , 0.000000000000000e+00
498.50000000 , 0.000000000000000e+00 , 0.000000000000000e+00
499.00000000 , 0.000000000000000e+00 , 0.000000000000000e+00
499.50000000 , 0.000000000000000e+00 , 0.000000000000000e+00
