x_l , NLO , dNLO
215.00000000 , 1.368811789961754e-10 , 1.080929322741627e-10
215.50000000 , 5.169388426066742e-09 , 4.542132805991528e-09
216.00000000 , 1.511967587545067e-07 , 1.380785184074919e-07
216.50000000 , 1.897177461839060e-09 , 9.023656272587441e-10
217.00000000 , 2.722162341213406e-08 , 1.328804480812374e-08
217.50000000 , 5.801106470897230e-08 , 1.824620678448965e-08
218.00000000 , 5.204905023874441e-08 , 1.691401472198164e-08
218.50000000 , 1.625108322847347e-08 , 6.902517221870274e-09
219.00000000 , 3.133118980776381e-08 , 1.158266718003240e-08
219.50000000 , 5.984873668708641e-08 , 1.658808796120892e-08
220.00000000 , 5.305521747682919e-08 , 1.505701691404105e-08
220.50000000 , 5.651830932593808e-08 , 1.504883245876790e-08
221.00000000 , 7.014842034766183e-08 , 1.412389037672517e-08
221.50000000 , 1.035367474249348e-07 , 2.019030771967097e-08
222.00000000 , 9.143157850086321e-08 , 1.798858711977655e-08
222.50000000 , 9.521524558138169e-08 , 1.719693400221258e-08
223.00000000 , 1.143567837068851e-07 , 1.941389825645242e-08
223.50000000 , 1.336081692443630e-07 , 1.939850137879839e-08
224.00000000 , 1.712285158619049e-07 , 2.408213077551443e-08
224.50000000 , 1.837123976188743e-07 , 2.501731345909133e-08
225.00000000 , 2.347783297368441e-07 , 2.763104857054322e-08
225.50000000 , 2.876290491595085e-07 , 3.139611268116859e-08
226.00000000 , 2.517086608235033e-07 , 2.768587722047794e-08
226.50000000 , 3.421870603852476e-07 , 3.250585893614704e-08
227.00000000 , 3.450754533479017e-07 , 3.066727288630447e-08
227.50000000 , 4.541097821046187e-07 , 3.621863631663558e-08
228.00000000 , 4.797705929695320e-07 , 3.757835860676750e-08
228.50000000 , 4.938418457024262e-07 , 3.692987637962268e-08
229.00000000 , 5.334347828547308e-07 , 3.804710888779230e-08
229.50000000 , 6.707396321405756e-07 , 4.529746948899890e-08
230.00000000 , 7.161575125537950e-07 , 4.507146753926577e-08
230.50000000 , 7.470420293089437e-07 , 4.478963354589228e-08
231.00000000 , 8.779742844866182e-07 , 5.022716950860539e-08
231.50000000 , 1.028941217393963e-06 , 5.521097059561007e-08
232.00000000 , 1.226444295421097e-06 , 6.051967737195035e-08
232.50000000 , 1.316823663796598e-06 , 6.152620725709885e-08
233.00000000 , 1.448168065354066e-06 , 6.390791628303025e-08
233.50000000 , 1.622022142112588e-06 , 6.894016765860252e-08
234.00000000 , 1.815359038176302e-06 , 7.038471584307511e-08
234.50000000 , 2.040699902765604e-06 , 7.706775987092227e-08
235.00000000 , 2.076560716130805e-06 , 7.546216477956156e-08
235.50000000 , 2.359438306471159e-06 , 8.226451272968734e-08
236.00000000 , 2.626211409437333e-06 , 8.830583140299304e-08
236.50000000 , 2.852641573096215e-06 , 9.060080657813063e-08
237.00000000 , 3.146576760302248e-06 , 9.487381726860972e-08
237.50000000 , 3.613708000699960e-06 , 1.012025937122725e-07
238.00000000 , 3.721178595608951e-06 , 1.024454486135955e-07
238.50000000 , 4.099770160213465e-06 , 1.095304709027877e-07
239.00000000 , 4.594295647245007e-06 , 1.132724245120965e-07
239.50000000 , 4.921775439508449e-06 , 1.178502868615043e-07
240.00000000 , 5.524777906645873e-06 , 1.267878219948919e-07
240.50000000 , 5.852592910123322e-06 , 1.301226952327908e-07
241.00000000 , 6.210513881769356e-06 , 1.322399919310625e-07
241.50000000 , 7.083223112653991e-06 , 1.413758509263482e-07
242.00000000 , 7.509006424559415e-06 , 1.463353129317046e-07
242.50000000 , 8.262711823707145e-06 , 1.541235720624372e-07
243.00000000 , 8.808885365784497e-06 , 1.584047428505207e-07
243.50000000 , 9.153517234868890e-06 , 1.601409468945109e-07
244.00000000 , 1.015222742590046e-05 , 1.713447651515344e-07
244.50000000 , 1.125881886808463e-05 , 1.802288562403791e-07
245.00000000 , 1.158581932965031e-05 , 1.822463568848321e-07
245.50000000 , 1.238859021966014e-05 , 1.875311919756450e-07
246.00000000 , 1.322021214199755e-05 , 1.933345544588611e-07
246.50000000 , 1.413672081183291e-05 , 2.006166694451766e-07
247.00000000 , 1.544539260023433e-05 , 2.116811144342440e-07
247.50000000 , 1.613002295783110e-05 , 2.136039108825098e-07
248.00000000 , 1.723462484484584e-05 , 2.221593013224481e-07
248.50000000 , 1.823549563858385e-05 , 2.280535588865508e-07
249.00000000 , 1.936366219947021e-05 , 2.373416169292680e-07
249.50000000 , 2.056926050081079e-05 , 2.441831460877087e-07
250.00000000 , 2.205998737560935e-05 , 2.526550297509055e-07
250.50000000 , 2.250937580352151e-05 , 2.532907987081185e-07
251.00000000 , 2.402384938051897e-05 , 2.627328860149884e-07
251.50000000 , 2.545116003074492e-05 , 2.703875369397922e-07
252.00000000 , 2.635708392508228e-05 , 2.732598576919216e-07
252.50000000 , 2.809276799350970e-05 , 2.837308549945076e-07
253.00000000 , 2.941930813997225e-05 , 2.900876184809960e-07
253.50000000 , 3.119370941057569e-05 , 2.979206447833898e-07
254.00000000 , 3.259074380701078e-05 , 3.073244440749775e-07
254.50000000 , 3.401037007970972e-05 , 3.106036974072324e-07
255.00000000 , 3.545376458728339e-05 , 3.185893330101442e-07
255.50000000 , 3.732377883207564e-05 , 3.256620608380591e-07
256.00000000 , 3.986720469554834e-05 , 3.386680625779180e-07
256.50000000 , 4.097305788176654e-05 , 3.417818768323863e-07
257.00000000 , 4.284155438248892e-05 , 3.495178932319713e-07
257.50000000 , 4.446806145418322e-05 , 3.556205364504319e-07
258.00000000 , 4.673788231956376e-05 , 3.661488989977237e-07
258.50000000 , 4.890757674055492e-05 , 3.737600668801923e-07
259.00000000 , 5.042413812867254e-05 , 3.802314665437091e-07
259.50000000 , 5.302026526169003e-05 , 3.891402620431227e-07
260.00000000 , 5.575212517085081e-05 , 3.984860634548451e-07
260.50000000 , 5.765100925419434e-05 , 4.049494377933738e-07
261.00000000 , 6.068814108846384e-05 , 4.171989921717125e-07
261.50000000 , 6.226498658027762e-05 , 4.213755492530368e-07
262.00000000 , 6.451064196759720e-05 , 4.282285828876587e-07
262.50000000 , 6.825103445074947e-05 , 4.412082540173583e-07
263.00000000 , 7.109766766051384e-05 , 4.523181322441983e-07
263.50000000 , 7.348010991180773e-05 , 4.569480575851718e-07
264.00000000 , 7.486848486713441e-05 , 4.611596143285668e-07
264.50000000 , 7.851805567835926e-05 , 4.731355907083941e-07
265.00000000 , 8.097813876899729e-05 , 4.798450558179283e-07
265.50000000 , 8.391586370541307e-05 , 4.887848850547276e-07
266.00000000 , 8.745766333084117e-05 , 4.996008388196249e-07
266.50000000 , 9.071724696312460e-05 , 5.084780350059874e-07
267.00000000 , 9.393496038355911e-05 , 5.180441031151533e-07
267.50000000 , 9.692263809361097e-05 , 5.243362082848698e-07
268.00000000 , 1.008626510334210e-04 , 5.355014141502782e-07
268.50000000 , 1.037848004614618e-04 , 5.432796647655910e-07
269.00000000 , 1.084431064580133e-04 , 5.564758123485354e-07
269.50000000 , 1.105218175331531e-04 , 5.611169911763394e-07
270.00000000 , 1.150412424223088e-04 , 5.735973959306988e-07
270.50000000 , 1.179096502760649e-04 , 5.796330959442791e-07
271.00000000 , 1.226764655657597e-04 , 5.896507135749522e-07
271.50000000 , 1.271500999538191e-04 , 6.020858951255886e-07
272.00000000 , 1.295439488856679e-04 , 6.073957824773898e-07
272.50000000 , 1.347722062825873e-04 , 6.176023438193478e-07
273.00000000 , 1.397367955812824e-04 , 6.298827772136322e-07
273.50000000 , 1.454930609196585e-04 , 6.426514917348341e-07
274.00000000 , 1.508787821806695e-04 , 6.554238194265492e-07
274.50000000 , 1.540943084705187e-04 , 6.615613988425016e-07
275.00000000 , 1.591372553063063e-04 , 6.701329375739824e-07
275.50000000 , 1.654371348485983e-04 , 6.863806139585504e-07
276.00000000 , 1.709789723758811e-04 , 6.969653242407567e-07
276.50000000 , 1.763364755208702e-04 , 7.063592702443871e-07
277.00000000 , 1.820786814995591e-04 , 7.182107059589752e-07
277.50000000 , 1.891593772983595e-04 , 7.320479886422090e-07
278.00000000 , 1.954627521793931e-04 , 7.438336940087525e-07
278.50000000 , 2.034412693604633e-04 , 7.592548368426080e-07
279.00000000 , 2.096499794012432e-04 , 7.705666270997345e-07
279.50000000 , 2.171091942189093e-04 , 7.838900039157660e-07
280.00000000 , 2.253952067892413e-04 , 7.978236503751993e-07
280.50000000 , 2.342657050558574e-04 , 8.131343752500026e-07
281.00000000 , 2.430337676279877e-04 , 8.285152731208531e-07
281.50000000 , 2.525141281100905e-04 , 8.444555548639648e-07
282.00000000 , 2.636606216613239e-04 , 8.612239059610765e-07
282.50000000 , 2.739417056629317e-04 , 8.778774701050197e-07
283.00000000 , 2.886139887671454e-04 , 9.013894594868979e-07
283.50000000 , 3.018503972346728e-04 , 9.215700366237369e-07
284.00000000 , 3.192551070016204e-04 , 9.448910872277285e-07
284.50000000 , 3.389596559268470e-04 , 9.743920169775264e-07
285.00000000 , 3.672866950798320e-04 , 1.010264109695779e-06
285.50000000 , 4.036256229613939e-04 , 1.057743160442032e-06
286.00000000 , 4.365841603915988e-04 , 1.095313713987072e-06
286.50000000 , 4.705054430104130e-04 , 1.136537755717654e-06
287.00000000 , 5.015600445958267e-04 , 1.173311188271642e-06
287.50000000 , 5.328980423969815e-04 , 1.208405430136112e-06
288.00000000 , 5.593201783713814e-04 , 1.237554868456612e-06
288.50000000 , 5.897459836097063e-04 , 1.269408747283130e-06
289.00000000 , 6.171178083796121e-04 , 1.298870050787403e-06
289.50000000 , 6.439469035850950e-04 , 1.326607620583519e-06
290.00000000 , 6.717737001628659e-04 , 1.356261903431985e-06
290.50000000 , 7.013048798381122e-04 , 1.384291581179170e-06
291.00000000 , 7.259477578901728e-04 , 1.407830617095245e-06
291.50000000 , 7.503115301193263e-04 , 1.431259421127361e-06
292.00000000 , 7.746386991461618e-04 , 1.454341427604604e-06
292.50000000 , 8.013815628498756e-04 , 1.479301402551653e-06
293.00000000 , 8.254825022124517e-04 , 1.501633879795773e-06
293.50000000 , 8.503158770974435e-04 , 1.522843117318919e-06
294.00000000 , 8.736681051374131e-04 , 1.544537010257749e-06
294.50000000 , 8.991140381520865e-04 , 1.567180294541835e-06
295.00000000 , 9.223894864585497e-04 , 1.587951618498339e-06
295.50000000 , 9.490024142341668e-04 , 1.611181827363480e-06
296.00000000 , 9.683049817231640e-04 , 1.627427311307006e-06
296.50000000 , 9.942107683080918e-04 , 1.647759476744645e-06
297.00000000 , 1.016142893357163e-03 , 1.666170655129784e-06
297.50000000 , 1.043833019672170e-03 , 1.690346273532696e-06
298.00000000 , 1.063912440838288e-03 , 1.706738282086489e-06
298.50000000 , 1.089482707674115e-03 , 1.726833527106783e-06
299.00000000 , 1.111655070638461e-03 , 1.745964544330228e-06
299.50000000 , 1.132556801511923e-03 , 1.759762427002920e-06
300.00000000 , 1.159025445570802e-03 , 1.782262484983301e-06
300.50000000 , 1.178681255309711e-03 , 1.797699521761103e-06
301.00000000 , 1.200478765625717e-03 , 1.812492042041679e-06
301.50000000 , 1.225301929801439e-03 , 1.833288898849534e-06
302.00000000 , 1.250639143588772e-03 , 1.853229268244996e-06
302.50000000 , 1.275866043843836e-03 , 1.872875631649260e-06
303.00000000 , 1.293520260443784e-03 , 1.884723916551315e-06
303.50000000 , 1.316942830698367e-03 , 1.901882902574680e-06
304.00000000 , 1.343908562512152e-03 , 1.920428690424936e-06
304.50000000 , 1.362619250778505e-03 , 1.936390469322187e-06
305.00000000 , 1.385092139297061e-03 , 1.952624528380311e-06
305.50000000 , 1.409752487484358e-03 , 1.969715407017208e-06
306.00000000 , 1.431078811176180e-03 , 1.984578937369439e-06
306.50000000 , 1.456938389803621e-03 , 2.002387258971122e-06
307.00000000 , 1.479754187765588e-03 , 2.018779655110666e-06
307.50000000 , 1.498287832713217e-03 , 2.033165944654020e-06
308.00000000 , 1.521601801283705e-03 , 2.049417634846103e-06
308.50000000 , 1.541583782880564e-03 , 2.061575926501377e-06
309.00000000 , 1.564683350945687e-03 , 2.078299909004446e-06
309.50000000 , 1.588932430405694e-03 , 2.094887674525507e-06
310.00000000 , 1.615355123070136e-03 , 2.110846995548466e-06
310.50000000 , 1.637165883932658e-03 , 2.127959520674186e-06
311.00000000 , 1.653878021359467e-03 , 2.137102521065841e-06
311.50000000 , 1.674959372724512e-03 , 2.150917827959137e-06
312.00000000 , 1.704423582839037e-03 , 2.171740399440898e-06
312.50000000 , 1.723158487037086e-03 , 2.183620326815866e-06
313.00000000 , 1.750101266849802e-03 , 2.201847018929788e-06
313.50000000 , 1.771937558268201e-03 , 2.214708280942967e-06
314.00000000 , 1.791890783203425e-03 , 2.229125941732678e-06
314.50000000 , 1.814361700295833e-03 , 2.242431236354087e-06
315.00000000 , 1.840587305710646e-03 , 2.261217493064888e-06
315.50000000 , 1.866627836667893e-03 , 2.275817891583712e-06
316.00000000 , 1.883586720553611e-03 , 2.287370822891219e-06
316.50000000 , 1.906380249691981e-03 , 2.300215097871272e-06
317.00000000 , 1.927511968289020e-03 , 2.313651582253061e-06
317.50000000 , 1.950679890643145e-03 , 2.328712885531160e-06
318.00000000 , 1.974404458358877e-03 , 2.342462433656557e-06
318.50000000 , 1.995275795577037e-03 , 2.355953817323272e-06
319.00000000 , 2.020393774589275e-03 , 2.370346057424214e-06
319.50000000 , 2.043552137094403e-03 , 2.385759530398613e-06
320.00000000 , 2.066709196483384e-03 , 2.399899412244660e-06
320.50000000 , 2.086465724383776e-03 , 2.410581298300391e-06
321.00000000 , 2.110647927209150e-03 , 2.425372914867373e-06
321.50000000 , 2.137684404049796e-03 , 2.441692700411469e-06
322.00000000 , 2.153933420792338e-03 , 2.451397911067681e-06
322.50000000 , 2.173736420107911e-03 , 2.463024227634373e-06
323.00000000 , 2.203724034170527e-03 , 2.480553112396721e-06
323.50000000 , 2.224577251260574e-03 , 2.491952727897899e-06
324.00000000 , 2.246001325790890e-03 , 2.504267492921921e-06
324.50000000 , 2.268003603262157e-03 , 2.517411245970591e-06
325.00000000 , 2.291970885062783e-03 , 2.530722467423253e-06
325.50000000 , 2.318949317406614e-03 , 2.546843186642437e-06
326.00000000 , 2.336797839998741e-03 , 2.556651835360346e-06
326.50000000 , 2.357219800080303e-03 , 2.567265625623966e-06
327.00000000 , 2.380929705481640e-03 , 2.580821706939255e-06
327.50000000 , 2.403686385990003e-03 , 2.594280126107940e-06
328.00000000 , 2.428516081618151e-03 , 2.607693758095538e-06
328.50000000 , 2.455881712782080e-03 , 2.625167992164200e-06
329.00000000 , 2.478627198130414e-03 , 2.636827834203966e-06
329.50000000 , 2.499169757657062e-03 , 2.648252220267034e-06
330.00000000 , 2.524862179056843e-03 , 2.662971255657854e-06
330.50000000 , 2.551806064120389e-03 , 2.677681251809752e-06
331.00000000 , 2.568527667416922e-03 , 2.685978957052530e-06
331.50000000 , 2.593633974008275e-03 , 2.701701372190276e-06
332.00000000 , 2.614396421626612e-03 , 2.711991128325467e-06
332.50000000 , 2.637397666823435e-03 , 2.724394868057230e-06
333.00000000 , 2.661385323587227e-03 , 2.737410373829617e-06
333.50000000 , 2.686665576458016e-03 , 2.751808457713422e-06
334.00000000 , 2.709623232773461e-03 , 2.764552012026713e-06
334.50000000 , 2.725969754346322e-03 , 2.771491311212625e-06
335.00000000 , 2.752393005327084e-03 , 2.786281041997154e-06
335.50000000 , 2.770990095325483e-03 , 2.795036538719887e-06
336.00000000 , 2.798689087358262e-03 , 2.810170422517112e-06
336.50000000 , 2.819261246421880e-03 , 2.821275735466181e-06
337.00000000 , 2.836709983181065e-03 , 2.831848639192250e-06
337.50000000 , 2.858829219361804e-03 , 2.842491379736294e-06
338.00000000 , 2.881422032756543e-03 , 2.854175082027525e-06
338.50000000 , 2.894055705858144e-03 , 2.861684050043754e-06
339.00000000 , 2.918961243571841e-03 , 2.875845550317880e-06
339.50000000 , 2.937452313888895e-03 , 2.885526930490517e-06
340.00000000 , 2.958529947135898e-03 , 2.897297446513706e-06
340.50000000 , 2.979731844836978e-03 , 2.907578519701218e-06
341.00000000 , 2.988844761662860e-03 , 2.911729056705896e-06
341.50000000 , 3.012144539979478e-03 , 2.925235707551697e-06
342.00000000 , 3.036883926873192e-03 , 2.938969220582916e-06
342.50000000 , 3.053184234914205e-03 , 2.946220628261014e-06
343.00000000 , 3.070204186981389e-03 , 2.955696476296655e-06
343.50000000 , 3.095415827551845e-03 , 2.968056427947340e-06
344.00000000 , 3.111903620024848e-03 , 2.976978230890447e-06
344.50000000 , 3.132713471551961e-03 , 2.987014686380679e-06
345.00000000 , 3.147791950297638e-03 , 2.995950956060696e-06
345.50000000 , 3.169564942711385e-03 , 3.008366976925411e-06
346.00000000 , 3.188848258284539e-03 , 3.016740705750292e-06
346.50000000 , 3.212529897055117e-03 , 3.029887430694179e-06
347.00000000 , 3.230660625616879e-03 , 3.038680754560761e-06
347.50000000 , 3.253432687036523e-03 , 3.051613345576348e-06
348.00000000 , 3.270976428309133e-03 , 3.059144403018243e-06
348.50000000 , 3.289357656719856e-03 , 3.069974240869237e-06
349.00000000 , 3.301264148225739e-03 , 3.075684736387101e-06
349.50000000 , 3.335316993871908e-03 , 3.094317624992206e-06
350.00000000 , 3.354449351756379e-03 , 3.104241408698322e-06
350.50000000 , 3.370940228833312e-03 , 3.109234622562075e-06
351.00000000 , 3.392317923546937e-03 , 3.123095953668493e-06
351.50000000 , 3.411197948326258e-03 , 3.131234386698547e-06
352.00000000 , 3.430956391410966e-03 , 3.141593172799203e-06
352.50000000 , 3.457083446351470e-03 , 3.154193283913804e-06
353.00000000 , 3.473044084686949e-03 , 3.163322280908384e-06
353.50000000 , 3.495259819241977e-03 , 3.173569464117409e-06
354.00000000 , 3.518413563896612e-03 , 3.184965391275125e-06
354.50000000 , 3.537352543636021e-03 , 3.193943533272511e-06
355.00000000 , 3.561849971087668e-03 , 3.205779905708580e-06
355.50000000 , 3.583206520664190e-03 , 3.218116225614428e-06
356.00000000 , 3.599827552168239e-03 , 3.225119010368375e-06
356.50000000 , 3.620155240529546e-03 , 3.236655500755232e-06
357.00000000 , 3.640951920806866e-03 , 3.245125898623452e-06
357.50000000 , 3.666944228146456e-03 , 3.258772021448033e-06
358.00000000 , 3.685849828076642e-03 , 3.267914357198357e-06
358.50000000 , 3.706660079595618e-03 , 3.279003000231443e-06
359.00000000 , 3.732280055508758e-03 , 3.290413041614926e-06
359.50000000 , 3.755993152592672e-03 , 3.301957802219690e-06
360.00000000 , 3.772629829532250e-03 , 3.310504026455545e-06
360.50000000 , 3.804213884471389e-03 , 3.324741445194829e-06
361.00000000 , 3.825574644472085e-03 , 3.335111477455629e-06
361.50000000 , 3.842344772404841e-03 , 3.343445483555405e-06
362.00000000 , 3.864742493959420e-03 , 3.354775329016384e-06
362.50000000 , 3.887473707438612e-03 , 3.366160116549868e-06
363.00000000 , 3.913837479699775e-03 , 3.376570571072468e-06
363.50000000 , 3.935910910245372e-03 , 3.389508371100535e-06
364.00000000 , 3.957538899284843e-03 , 3.399164282084122e-06
364.50000000 , 3.981623336055295e-03 , 3.410053987187854e-06
365.00000000 , 4.002321056406364e-03 , 3.419451999478705e-06
365.50000000 , 4.032563269468362e-03 , 3.434835926083557e-06
366.00000000 , 4.048934804288328e-03 , 3.442706305058416e-06
366.50000000 , 4.075208124870688e-03 , 3.453291277910189e-06
367.00000000 , 4.102528539347360e-03 , 3.468350479905745e-06
367.50000000 , 4.124029980305983e-03 , 3.476806929793549e-06
368.00000000 , 4.148327002282294e-03 , 3.489427233746118e-06
368.50000000 , 4.181025936185343e-03 , 3.504877329897339e-06
369.00000000 , 4.196935172355520e-03 , 3.511196483944639e-06
369.50000000 , 4.223561272771095e-03 , 3.523081303420047e-06
370.00000000 , 4.245247525252949e-03 , 3.533891175356653e-06
370.50000000 , 4.274537053378350e-03 , 3.546768723142968e-06
371.00000000 , 4.296242089526150e-03 , 3.555242496495576e-06
371.50000000 , 4.323109959162056e-03 , 3.569178777252410e-06
372.00000000 , 4.349631622745492e-03 , 3.581218010952470e-06
372.50000000 , 4.371872628794495e-03 , 3.590978282111866e-06
373.00000000 , 4.404610509020409e-03 , 3.606524971756766e-06
373.50000000 , 4.427283622369787e-03 , 3.615317961512699e-06
374.00000000 , 4.452321665027733e-03 , 3.626985504307116e-06
374.50000000 , 4.476435517985143e-03 , 3.638865423026612e-06
375.00000000 , 4.505012099334685e-03 , 3.650741362835576e-06
375.50000000 , 4.529715719509216e-03 , 3.663312609912592e-06
376.00000000 , 4.562468267931103e-03 , 3.677414978386563e-06
376.50000000 , 4.586130942254838e-03 , 3.687033652073685e-06
377.00000000 , 4.609031158822924e-03 , 3.697452293986919e-06
377.50000000 , 4.640054579475473e-03 , 3.712012645797759e-06
378.00000000 , 4.668366212604547e-03 , 3.724015379815012e-06
378.50000000 , 4.696782552977168e-03 , 3.737046246792649e-06
379.00000000 , 4.725449547399956e-03 , 3.748882909894178e-06
379.50000000 , 4.756968317616910e-03 , 3.763042089321512e-06
380.00000000 , 4.783515484636278e-03 , 3.773780535328332e-06
380.50000000 , 4.807108260527284e-03 , 3.783809792256094e-06
381.00000000 , 4.840958776774641e-03 , 3.799974806991633e-06
381.50000000 , 4.869956564277376e-03 , 3.812074674168591e-06
382.00000000 , 4.901876381683600e-03 , 3.825193782478693e-06
382.50000000 , 4.925333870734498e-03 , 3.835424416762156e-06
383.00000000 , 4.949685745291913e-03 , 3.845473015518669e-06
383.50000000 , 4.985027683575505e-03 , 3.862023815354146e-06
384.00000000 , 5.019943493433147e-03 , 3.875309720851383e-06
384.50000000 , 5.042330632165197e-03 , 3.885345343964921e-06
385.00000000 , 5.078370561555417e-03 , 3.899427818467096e-06
385.50000000 , 5.111868922886417e-03 , 3.915834067076877e-06
386.00000000 , 5.139081004478173e-03 , 3.928315728513280e-06
386.50000000 , 5.172695926980306e-03 , 3.941311963096121e-06
387.00000000 , 5.205507104165111e-03 , 3.955427716624005e-06
387.50000000 , 5.237026128058815e-03 , 3.967043554610743e-06
388.00000000 , 5.274171245121740e-03 , 3.983947390916631e-06
388.50000000 , 5.310889191577134e-03 , 4.000025503338255e-06
389.00000000 , 5.341118769996736e-03 , 4.011212929550116e-06
389.50000000 , 5.361121174392833e-03 , 4.019433958615266e-06
390.00000000 , 5.397763689263284e-03 , 4.034112376150744e-06
390.50000000 , 5.427273838625068e-03 , 4.046594934962016e-06
391.00000000 , 5.469376615963665e-03 , 4.064995005686887e-06
391.50000000 , 5.506762071168549e-03 , 4.077670197455564e-06
392.00000000 , 5.539065035627433e-03 , 4.092515726012120e-06
392.50000000 , 5.576528442049387e-03 , 4.108067291770227e-06
393.00000000 , 5.607996228559570e-03 , 4.120552584865092e-06
393.50000000 , 5.650650888081908e-03 , 4.138278173955771e-06
394.00000000 , 5.687871324017805e-03 , 4.153674647136680e-06
394.50000000 , 5.718171402441471e-03 , 4.166086203412369e-06
395.00000000 , 5.759593341574673e-03 , 4.181796969298852e-06
395.50000000 , 5.787028132440162e-03 , 4.192366577816792e-06
396.00000000 , 5.832357275314250e-03 , 4.211433363980425e-06
396.50000000 , 5.870103635165149e-03 , 4.225303383683804e-06
397.00000000 , 5.900153300205302e-03 , 4.238237812500909e-06
397.50000000 , 5.952334888866356e-03 , 4.258082302714785e-06
398.00000000 , 5.987771408867644e-03 , 4.272382436304349e-06
398.50000000 , 6.025732254235019e-03 , 4.286651100714325e-06
399.00000000 , 6.069056804187612e-03 , 4.304963803619337e-06
399.50000000 , 6.103006986398188e-03 , 4.317097259931873e-06
400.00000000 , 6.144812355310186e-03 , 4.333059425118318e-06
400.50000000 , 6.185762642880779e-03 , 4.349689038849175e-06
401.00000000 , 6.231495638494190e-03 , 4.367561000863954e-06
401.50000000 , 6.270540406945853e-03 , 4.381790727047658e-06
402.00000000 , 6.315573892006938e-03 , 4.399863931383272e-06
402.50000000 , 6.360186272711670e-03 , 4.417168142466117e-06
403.00000000 , 6.403083888141604e-03 , 4.433994038215925e-06
403.50000000 , 6.447904469311414e-03 , 4.450604630972182e-06
404.00000000 , 6.488564669535230e-03 , 4.467175821969529e-06
404.50000000 , 6.531186860662325e-03 , 4.481593929153819e-06
405.00000000 , 6.570725356210081e-03 , 4.496855011579911e-06
405.50000000 , 6.621251224303361e-03 , 4.516838452131748e-06
406.00000000 , 6.667591864486581e-03 , 4.532585948791531e-06
406.50000000 , 6.718041215994851e-03 , 4.552339557237738e-06
407.00000000 , 6.761206455798205e-03 , 4.567545546040911e-06
407.50000000 , 6.812666939441298e-03 , 4.587654404921395e-06
408.00000000 , 6.859670787362752e-03 , 4.603915100316869e-06
408.50000000 , 6.903942348829998e-03 , 4.620754669124266e-06
409.00000000 , 6.955967762734295e-03 , 4.638504946467741e-06
409.50000000 , 6.999248271881820e-03 , 4.656961813668422e-06
410.00000000 , 7.054335697558672e-03 , 4.674841165198571e-06
410.50000000 , 7.105211498548720e-03 , 4.693285459725897e-06
411.00000000 , 7.151615650814323e-03 , 4.709967160857365e-06
411.50000000 , 7.212143332655909e-03 , 4.732641717211065e-06
412.00000000 , 7.263045066143644e-03 , 4.749786815528499e-06
412.50000000 , 7.316057900721333e-03 , 4.768495163520899e-06
413.00000000 , 7.367681331751206e-03 , 4.787939807993095e-06
413.50000000 , 7.418156635855403e-03 , 4.806815413352090e-06
414.00000000 , 7.484269304563603e-03 , 4.829336722704956e-06
414.50000000 , 7.545146293996283e-03 , 4.851957815954473e-06
415.00000000 , 7.594958511356711e-03 , 4.868936516209365e-06
415.50000000 , 7.649934051377522e-03 , 4.888551725533346e-06
416.00000000 , 7.706003625367309e-03 , 4.906965062688619e-06
416.50000000 , 7.765384958940755e-03 , 4.926585793489750e-06
417.00000000 , 7.830658973187512e-03 , 4.951266621076137e-06
417.50000000 , 7.891544121840758e-03 , 4.970972663160083e-06
418.00000000 , 7.946138164493145e-03 , 4.991030499851366e-06
418.50000000 , 8.004996711369427e-03 , 5.009111540214108e-06
419.00000000 , 8.078028613315779e-03 , 5.034653911358505e-06
419.50000000 , 8.129831256459288e-03 , 5.052637424974186e-06
420.00000000 , 8.205261550349955e-03 , 5.078304445740112e-06
420.50000000 , 8.263252386812985e-03 , 5.098340479563024e-06
421.00000000 , 8.325433407607033e-03 , 5.118910109690404e-06
421.50000000 , 8.404510940673304e-03 , 5.145341079239772e-06
422.00000000 , 8.466224472982396e-03 , 5.165658619419987e-06
422.50000000 , 8.531847572234529e-03 , 5.188085817525515e-06
423.00000000 , 8.606896554351691e-03 , 5.211994484669211e-06
423.50000000 , 8.686949939271665e-03 , 5.240789424747900e-06
424.00000000 , 8.752907014872699e-03 , 5.260907707504286e-06
424.50000000 , 8.815575651352098e-03 , 5.280795360994083e-06
425.00000000 , 8.900410704013560e-03 , 5.309802250176044e-06
425.50000000 , 8.968409266368318e-03 , 5.331091804270526e-06
426.00000000 , 9.042786474323761e-03 , 5.354591234158761e-06
426.50000000 , 9.129547887667296e-03 , 5.382550250292557e-06
427.00000000 , 9.197376102949630e-03 , 5.404936038058062e-06
427.50000000 , 9.283820168456622e-03 , 5.432143779763995e-06
428.00000000 , 9.359399712906625e-03 , 5.454899588032331e-06
428.50000000 , 9.444430907519409e-03 , 5.483246870326888e-06
429.00000000 , 9.535779255536550e-03 , 5.512480579756197e-06
429.50000000 , 9.617266410583827e-03 , 5.537356544568478e-06
430.00000000 , 9.702103951335611e-03 , 5.564187588108379e-06
430.50000000 , 9.792703308222090e-03 , 5.592151249019356e-06
431.00000000 , 9.879681112238857e-03 , 5.619895438379747e-06
431.50000000 , 9.972811719094230e-03 , 5.647864553215196e-06
432.00000000 , 1.005892770659093e-02 , 5.673432167816885e-06
432.50000000 , 1.015611532278175e-02 , 5.703502030957673e-06
433.00000000 , 1.024349402229239e-02 , 5.730128860987592e-06
433.50000000 , 1.035264493883454e-02 , 5.764039055872988e-06
434.00000000 , 1.043409776753261e-02 , 5.787284100513773e-06
434.50000000 , 1.054630103842151e-02 , 5.820836744226822e-06
435.00000000 , 1.063303019977148e-02 , 5.846843903294556e-06
435.50000000 , 1.074538028698245e-02 , 5.879348410717839e-06
436.00000000 , 1.084673682414710e-02 , 5.909693405849236e-06
436.50000000 , 1.095221701587262e-02 , 5.941549531569188e-06
437.00000000 , 1.106756670788631e-02 , 5.974607227539959e-06
437.50000000 , 1.118482489834721e-02 , 6.009380497166492e-06
438.00000000 , 1.128686953195139e-02 , 6.039031072842993e-06
438.50000000 , 1.140839749780542e-02 , 6.073579507060836e-06
439.00000000 , 1.153229248260323e-02 , 6.108783470328244e-06
439.50000000 , 1.165027453946906e-02 , 6.141877333054354e-06
440.00000000 , 1.176294903859223e-02 , 6.174167486504794e-06
440.50000000 , 1.188498159954266e-02 , 6.209781721413669e-06
441.00000000 , 1.200146366095563e-02 , 6.241164439592823e-06
441.50000000 , 1.215033811415704e-02 , 6.285450061565874e-06
442.00000000 , 1.227608828538508e-02 , 6.318394545044287e-06
442.50000000 , 1.240110840689264e-02 , 6.352198670691990e-06
443.00000000 , 1.254155164377093e-02 , 6.392558763491249e-06
443.50000000 , 1.268393620965574e-02 , 6.429727789721867e-06
444.00000000 , 1.281643101045636e-02 , 6.466167578880647e-06
444.50000000 , 1.295291189102081e-02 , 6.502558732548773e-06
445.00000000 , 1.310665380873178e-02 , 6.544674000069479e-06
445.50000000 , 1.326931496389315e-02 , 6.589034608493028e-06
446.00000000 , 1.341347034302417e-02 , 6.626477041244049e-06
446.50000000 , 1.356280821025680e-02 , 6.664321488491924e-06
447.00000000 , 1.373353203610381e-02 , 6.710142608676277e-06
447.50000000 , 1.389845202177501e-02 , 6.753987805510665e-06
448.00000000 , 1.407321307071749e-02 , 6.799954837257661e-06
448.50000000 , 1.423948395907104e-02 , 6.841947918692350e-06
449.00000000 , 1.441562316413821e-02 , 6.886906534921504e-06
449.50000000 , 1.458838855167991e-02 , 6.930472709751379e-06
450.00000000 , 1.475817243301203e-02 , 6.974012713471463e-06
450.50000000 , 1.495618353921676e-02 , 7.024340238346070e-06
451.00000000 , 1.516104203691692e-02 , 7.074120957926965e-06
451.50000000 , 1.533573922690741e-02 , 7.116934442913560e-06
452.00000000 , 1.552677061821617e-02 , 7.162682661020041e-06
452.50000000 , 1.573453660091406e-02 , 7.213941451850751e-06
453.00000000 , 1.590920608003536e-02 , 7.252791628627314e-06
453.50000000 , 1.607054528522319e-02 , 7.289888042792561e-06
454.00000000 , 1.617855531305445e-02 , 7.311920436349556e-06
454.50000000 , 1.622993977811867e-02 , 7.319187670669034e-06
455.00000000 , 1.625051931167611e-02 , 7.320781277023434e-06
455.50000000 , 1.624539226040522e-02 , 7.314876872004192e-06
456.00000000 , 1.623856000164895e-02 , 7.310321441344113e-06
456.50000000 , 1.621466495126591e-02 , 7.299553982864927e-06
457.00000000 , 1.618843953632007e-02 , 7.290621579126297e-06
457.50000000 , 1.613632952826802e-02 , 7.275938434196315e-06
458.00000000 , 1.605104162894890e-02 , 7.253980152771507e-06
458.50000000 , 1.600421519714610e-02 , 7.243106769631293e-06
459.00000000 , 1.591719310968447e-02 , 7.222668769733542e-06
459.50000000 , 1.582046185902659e-02 , 7.199361288596700e-06
460.00000000 , 1.570852444611178e-02 , 7.174499021002619e-06
460.50000000 , 1.558619165174338e-02 , 7.146023212959547e-06
461.00000000 , 1.546516178034354e-02 , 7.119686056552739e-06
461.50000000 , 1.531865262865179e-02 , 7.088127348330558e-06
462.00000000 , 1.515967344459329e-02 , 7.054170507683351e-06
462.50000000 , 1.499130426250800e-02 , 7.017665375359017e-06
463.00000000 , 1.480875377770055e-02 , 6.978253742646371e-06
463.50000000 , 1.460497801622000e-02 , 6.933699955322925e-06
464.00000000 , 1.440022445469952e-02 , 6.890467291664006e-06
464.50000000 , 1.417544855221385e-02 , 6.843062239119519e-06
465.00000000 , 1.393274520090545e-02 , 6.789501343728214e-06
465.50000000 , 1.366576291379761e-02 , 6.730388600222695e-06
466.00000000 , 1.339023908047376e-02 , 6.670132210233567e-06
466.50000000 , 1.309832289491005e-02 , 6.605057406458078e-06
467.00000000 , 1.279513389929451e-02 , 6.540073965977640e-06
467.50000000 , 1.246041947017133e-02 , 6.462374412671055e-06
468.00000000 , 1.214951291689199e-02 , 6.391457425506699e-06
468.50000000 , 1.180070643431244e-02 , 6.310577636916840e-06
469.00000000 , 1.145451029695321e-02 , 6.227323058982674e-06
469.50000000 , 1.110190080582965e-02 , 6.141925843812429e-06
470.00000000 , 1.074230138207933e-02 , 6.055483360226278e-06
470.50000000 , 1.037400051762420e-02 , 5.964188672875558e-06
471.00000000 , 9.995396508237438e-03 , 5.867855968704851e-06
471.50000000 , 9.609494066731528e-03 , 5.768500112311729e-06
472.00000000 , 9.213185624669400e-03 , 5.663712506487089e-06
472.50000000 , 8.798303238705603e-03 , 5.551267776213437e-06
473.00000000 , 8.371072498569642e-03 , 5.430964259128576e-06
473.50000000 , 7.939224434239521e-03 , 5.306488285643423e-06
474.00000000 , 7.480061706286146e-03 , 5.167745869084137e-06
474.50000000 , 7.034402533126819e-03 , 5.030204998660583e-06
475.00000000 , 6.556316413156810e-03 , 4.873201428601525e-06
475.50000000 , 6.073689931306710e-03 , 4.710272772706376e-06
476.00000000 , 5.579754349515899e-03 , 4.537567905367419e-06
476.50000000 , 5.063987291796335e-03 , 4.340934584940276e-06
477.00000000 , 4.533836944740697e-03 , 4.129875068008538e-06
477.50000000 , 4.008218035006191e-03 , 3.903163200200038e-06
478.00000000 , 3.461652863572406e-03 , 3.651018573176488e-06
478.50000000 , 2.909795733744049e-03 , 3.368174764504945e-06
479.00000000 , 2.346962879060426e-03 , 3.051124029775036e-06
479.50000000 , 1.787483828249383e-03 , 2.687430616249074e-06
480.00000000 , 1.228450464383922e-03 , 2.256836571048602e-06
480.50000000 , 7.117826858445331e-04 , 1.751221652735294e-06
481.00000000 , 3.683599361530549e-04 , 1.293673527310109e-06
481.50000000 , 2.329316098924210e-04 , 1.048171830997709e-06
482.00000000 , 1.467184159271712e-04 , 8.500686648351840e-07
482.50000000 , 8.956992491968878e-05 , 6.764926639184858e-07
483.00000000 , 4.911976740784529e-05 , 5.059384728330444e-07
483.50000000 , 2.286798805931793e-05 , 3.527353285641672e-07
484.00000000 , 8.058438719285662e-06 , 2.163709311232522e-07
484.50000000 , 1.647739233338173e-06 , 1.047052485657928e-07
485.00000000 , 4.804664780455305e-08 , 1.983720533266192e-08
485.50000000 , 0.000000000000000e+00 , 0.000000000000000e+00
486.00000000 , 0.000000000000000e+00 , 0.000000000000000e+00
486.50000000 , 0.000000000000000e+00 , 0.000000000000000e+00
487.00000000 , 0.000000000000000e+00 , 0.000000000000000e+00
487.50000000 , 0.000000000000000e+00 , 0.000000000000000e+00
488.00000000 , 0.000000000000000e+00 , 0.000000000000000e+00
488.50000000 , 0.000000000000000e+00 , 0.000000000000000e+00
489.00000000 , 0.000000000000000e+00 , 0.000000000000000e+00
489.50000000 , 0.000000000000000e+00 , 0.000000000000000e+00
490.00000000 , 0.000000000000000e+00 , 0.000000000000000e+00
490.50000000 , 0.000000000000000e+00 , 0.000000000000000e+00
491.00000000 , 0.000000000000000e+00 , 0.000000000000000e+00
491.50000000 , 0.000000000000000e+00 , 0.000000000000000e+00
492.00000000 , 0.000000000000000e+00 , 0.000000000000000e+00
492.50000000 , 0.000000000000000e+00 , 0.000000000000000e+00
493.00000000 , 0.000000000000000e+00 , 0.000000000000000e+00
493.50000000 , 0.000000000000000e+00 , 0.000000000000000e+00
494.00000000 , 0.000000000000000e+00 , 0.000000000000000e+00
494.50000000 , 0.000000000000000e+00 , 0.000000000000000e+00
495.00000000 , 0.000000000000000e+00 , 0.000000000000000e+00
495.50000000 , 0.000000000000000e+00 , 0.000000000000000e+00
496.00000000 , 0.000000000000000e+00 , 0.000000000000000e+00
496.50000000 , 0.000000000000000e+00 , 0.000000000000000e+00
497.00000000 , 0.000000000000000e+00 , 0.000000000000000e+00
497.50000000 , 0.000000000000000e+00 , 0.000000000000000e+00
498.00000000 , 0.000000000000000e+00 , 0.000000000000000e+00
498.50000000 , 0.000000000000000e+00 , 0.000000000000000e+00
499.00000000 , 0.000000000000000e+00 , 0.000000000000000e+00
499.50000000 , 0.000000000000000e+00 , 0.000000000000000e+00
500.00000000 , 0.000000000000000e+00 , 0.000000000000000e+00
500.50000000 , 0.000000000000000e+00 , 0.000000000000000e+00
501.00000000 , 0.000000000000000e+00 , 0.000000000000000e+00
501.50000000 , 0.000000000000000e+00 , 0.000000000000000e+00
502.00000000 , 0.000000000000000e+00 , 0.000000000000000e+00
502.50000000 , 0.000000000000000e+00 , 0.000000000000000e+00
503.00000000 , 0.000000000000000e+00 , 0.000000000000000e+00
503.50000000 , 0.000000000000000e+00 , 0.000000000000000e+00
504.00000000 , 0.000000000000000e+00 , 0.000000000000000e+00
504.50000000 , 0.000000000000000e+00 , 0.000000000000000e+00
505.00000000 , 0.000000000000000e+00 , 0.000000000000000e+00
505.50000000 , 0.000000000000000e+00 , 0.000000000000000e+00
506.00000000 , 0.000000000000000e+00 , 0.000000000000000e+00
506.50000000 , 0.000000000000000e+00 , 0.000000000000000e+00
507.00000000 , 0.000000000000000e+00 , 0.000000000000000e+00
507.50000000 , 0.000000000000000e+00 , 0.000000000000000e+00
508.00000000 , 0.000000000000000e+00 , 0.000000000000000e+00
508.50000000 , 0.000000000000000e+00 , 0.000000000000000e+00
509.00000000 , 0.000000000000000e+00 , 0.000000000000000e+00
509.50000000 , 0.000000000000000e+00 , 0.000000000000000e+00
510.00000000 , 0.000000000000000e+00 , 0.000000000000000e+00
510.50000000 , 0.000000000000000e+00 , 0.000000000000000e+00
511.00000000 , 0.000000000000000e+00 , 0.000000000000000e+00
511.50000000 , 0.000000000000000e+00 , 0.000000000000000e+00
512.00000000 , 0.000000000000000e+00 , 0.000000000000000e+00
512.50000000 , 0.000000000000000e+00 , 0.000000000000000e+00
513.00000000 , 0.000000000000000e+00 , 0.000000000000000e+00
513.50000000 , 0.000000000000000e+00 , 0.000000000000000e+00
514.00000000 , 0.000000000000000e+00 , 0.000000000000000e+00
514.50000000 , 0.000000000000000e+00 , 0.000000000000000e+00
