x_l , NLO , dNLO
30.00000000 , 0.000000000000000e+00 , 0.000000000000000e+00
30.16666667 , 0.000000000000000e+00 , 0.000000000000000e+00
30.33333333 , 0.000000000000000e+00 , 0.000000000000000e+00
30.50000000 , 0.000000000000000e+00 , 0.000000000000000e+00
30.66666667 , 0.000000000000000e+00 , 0.000000000000000e+00
30.83333333 , 0.000000000000000e+00 , 0.000000000000000e+00
31.00000000 , 0.000000000000000e+00 , 0.000000000000000e+00
31.16666667 , 0.000000000000000e+00 , 0.000000000000000e+00
31.33333333 , 0.000000000000000e+00 , 0.000000000000000e+00
31.50000000 , 0.000000000000000e+00 , 0.000000000000000e+00
31.66666667 , 0.000000000000000e+00 , 0.000000000000000e+00
31.83333333 , 0.000000000000000e+00 , 0.000000000000000e+00
32.00000000 , 0.000000000000000e+00 , 0.000000000000000e+00
32.16666667 , 0.000000000000000e+00 , 0.000000000000000e+00
32.33333333 , 0.000000000000000e+00 , 0.000000000000000e+00
32.50000000 , 0.000000000000000e+00 , 0.000000000000000e+00
32.66666667 , 0.000000000000000e+00 , 0.000000000000000e+00
32.83333333 , 0.000000000000000e+00 , 0.000000000000000e+00
33.00000000 , 0.000000000000000e+00 , 0.000000000000000e+00
33.16666667 , 0.000000000000000e+00 , 0.000000000000000e+00
33.33333333 , 0.000000000000000e+00 , 0.000000000000000e+00
33.50000000 , 0.000000000000000e+00 , 0.000000000000000e+00
33.66666667 , 0.000000000000000e+00 , 0.000000000000000e+00
33.83333333 , 0.000000000000000e+00 , 0.000000000000000e+00
34.00000000 , 0.000000000000000e+00 , 0.000000000000000e+00
34.16666667 , 0.000000000000000e+00 , 0.000000000000000e+00
34.33333333 , 0.000000000000000e+00 , 0.000000000000000e+00
34.50000000 , 0.000000000000000e+00 , 0.000000000000000e+00
34.66666667 , 0.000000000000000e+00 , 0.000000000000000e+00
34.83333333 , 0.000000000000000e+00 , 0.000000000000000e+00
35.00000000 , 0.000000000000000e+00 , 0.000000000000000e+00
35.16666667 , 0.000000000000000e+00 , 0.000000000000000e+00
35.33333333 , 0.000000000000000e+00 , 0.000000000000000e+00
35.50000000 , 0.000000000000000e+00 , 0.000000000000000e+00
35.66666667 , 0.000000000000000e+00 , 0.000000000000000e+00
35.83333333 , 0.000000000000000e+00 , 0.000000000000000e+00
36.00000000 , 0.000000000000000e+00 , 0.000000000000000e+00
36.16666667 , 0.000000000000000e+00 , 0.000000000000000e+00
36.33333333 , 0.000000000000000e+00 , 0.000000000000000e+00
36.50000000 , 0.000000000000000e+00 , 0.000000000000000e+00
36.66666667 , 0.000000000000000e+00 , 0.000000000000000e+00
36.83333333 , 0.000000000000000e+00 , 0.000000000000000e+00
37.00000000 , 0.000000000000000e+00 , 0.000000000000000e+00
37.16666667 , 0.000000000000000e+00 , 0.000000000000000e+00
37.33333333 , 0.000000000000000e+00 , 0.000000000000000e+00
37.50000000 , 0.000000000000000e+00 , 0.000000000000000e+00
37.66666667 , 0.000000000000000e+00 , 0.000000000000000e+00
37.83333333 , 0.000000000000000e+00 , 0.000000000000000e+00
38.00000000 , 0.000000000000000e+00 , 0.000000000000000e+00
38.16666667 , 0.000000000000000e+00 , 0.000000000000000e+00
38.33333333 , 0.000000000000000e+00 , 0.000000000000000e+00
38.50000000 , 0.000000000000000e+00 , 0.000000000000000e+00
38.66666667 , 0.000000000000000e+00 , 0.000000000000000e+00
38.83333333 , 0.000000000000000e+00 , 0.000000000000000e+00
39.00000000 , 0.000000000000000e+00 , 0.000000000000000e+00
39.16666667 , 0.000000000000000e+00 , 0.000000000000000e+00
39.33333333 , 0.000000000000000e+00 , 0.000000000000000e+00
39.50000000 , 0.000000000000000e+00 , 0.000000000000000e+00
39.66666667 , 0.000000000000000e+00 , 0.000000000000000e+00
39.83333333 , 0.000000000000000e+00 , 0.000000000000000e+00
40.00000000 , 0.000000000000000e+00 , 0.000000000000000e+00
40.16666667 , 0.000000000000000e+00 , 0.000000000000000e+00
40.33333333 , 0.000000000000000e+00 , 0.000000000000000e+00
40.50000000 , 0.000000000000000e+00 , 0.000000000000000e+00
40.66666667 , 0.000000000000000e+00 , 0.000000000000000e+00
40.83333333 , 0.000000000000000e+00 , 0.000000000000000e+00
41.00000000 , 0.000000000000000e+00 , 0.000000000000000e+00
41.16666667 , 0.000000000000000e+00 , 0.000000000000000e+00
41.33333333 , 0.000000000000000e+00 , 0.000000000000000e+00
41.50000000 , 0.000000000000000e+00 , 0.000000000000000e+00
41.66666667 , 0.000000000000000e+00 , 0.000000000000000e+00
41.83333333 , 0.000000000000000e+00 , 0.000000000000000e+00
42.00000000 , 0.000000000000000e+00 , 0.000000000000000e+00
42.16666667 , 0.000000000000000e+00 , 0.000000000000000e+00
42.33333333 , 0.000000000000000e+00 , 0.000000000000000e+00
42.50000000 , 0.000000000000000e+00 , 0.000000000000000e+00
42.66666667 , 0.000000000000000e+00 , 0.000000000000000e+00
42.83333333 , 0.000000000000000e+00 , 0.000000000000000e+00
43.00000000 , 0.000000000000000e+00 , 0.000000000000000e+00
43.16666667 , 0.000000000000000e+00 , 0.000000000000000e+00
43.33333333 , 0.000000000000000e+00 , 0.000000000000000e+00
43.50000000 , 0.000000000000000e+00 , 0.000000000000000e+00
43.66666667 , 0.000000000000000e+00 , 0.000000000000000e+00
43.83333333 , 0.000000000000000e+00 , 0.000000000000000e+00
44.00000000 , 0.000000000000000e+00 , 0.000000000000000e+00
44.16666667 , 0.000000000000000e+00 , 0.000000000000000e+00
44.33333333 , 0.000000000000000e+00 , 0.000000000000000e+00
44.50000000 , 0.000000000000000e+00 , 0.000000000000000e+00
44.66666667 , 0.000000000000000e+00 , 0.000000000000000e+00
44.83333333 , 0.000000000000000e+00 , 0.000000000000000e+00
45.00000000 , 0.000000000000000e+00 , 0.000000000000000e+00
45.16666667 , 0.000000000000000e+00 , 0.000000000000000e+00
45.33333333 , 0.000000000000000e+00 , 0.000000000000000e+00
45.50000000 , 0.000000000000000e+00 , 0.000000000000000e+00
45.66666667 , 0.000000000000000e+00 , 0.000000000000000e+00
45.83333333 , 0.000000000000000e+00 , 0.000000000000000e+00
46.00000000 , 0.000000000000000e+00 , 0.000000000000000e+00
46.16666667 , 0.000000000000000e+00 , 0.000000000000000e+00
46.33333333 , 0.000000000000000e+00 , 0.000000000000000e+00
46.50000000 , 0.000000000000000e+00 , 0.000000000000000e+00
46.66666667 , 0.000000000000000e+00 , 0.000000000000000e+00
46.83333333 , 0.000000000000000e+00 , 0.000000000000000e+00
47.00000000 , 0.000000000000000e+00 , 0.000000000000000e+00
47.16666667 , 0.000000000000000e+00 , 0.000000000000000e+00
47.33333333 , 0.000000000000000e+00 , 0.000000000000000e+00
47.50000000 , 0.000000000000000e+00 , 0.000000000000000e+00
47.66666667 , 0.000000000000000e+00 , 0.000000000000000e+00
47.83333333 , 0.000000000000000e+00 , 0.000000000000000e+00
48.00000000 , 0.000000000000000e+00 , 0.000000000000000e+00
48.16666667 , 0.000000000000000e+00 , 0.000000000000000e+00
48.33333333 , 0.000000000000000e+00 , 0.000000000000000e+00
48.50000000 , 0.000000000000000e+00 , 0.000000000000000e+00
48.66666667 , 0.000000000000000e+00 , 0.000000000000000e+00
48.83333333 , 0.000000000000000e+00 , 0.000000000000000e+00
49.00000000 , 0.000000000000000e+00 , 0.000000000000000e+00
49.16666667 , 0.000000000000000e+00 , 0.000000000000000e+00
49.33333333 , 0.000000000000000e+00 , 0.000000000000000e+00
49.50000000 , 0.000000000000000e+00 , 0.000000000000000e+00
49.66666667 , 0.000000000000000e+00 , 0.000000000000000e+00
49.83333333 , 0.000000000000000e+00 , 0.000000000000000e+00
50.00000000 , 8.590427458778718e-03 , 9.736354862533587e-06
50.16666667 , 8.624040447304991e-03 , 9.749634412204944e-06
50.33333333 , 8.679535015270173e-03 , 9.783380533077853e-06
50.50000000 , 8.709266021965220e-03 , 9.786258157378926e-06
50.66666667 , 8.763817820482536e-03 , 9.808509553118273e-06
50.83333333 , 8.765618610425930e-03 , 9.800469471347930e-06
51.00000000 , 8.833489059145577e-03 , 9.836508380990886e-06
51.16666667 , 8.860859721642890e-03 , 9.838582076990111e-06
51.33333333 , 8.917386591251113e-03 , 9.865740986140869e-06
51.50000000 , 8.941478652874677e-03 , 9.868899861002948e-06
51.66666667 , 8.983207536468224e-03 , 9.882696149560774e-06
51.83333333 , 9.020405699437087e-03 , 9.898798684614438e-06
52.00000000 , 9.070444805080345e-03 , 9.921605539883400e-06
52.16666667 , 9.088133652962556e-03 , 9.924353297954428e-06
52.33333333 , 9.124737842537405e-03 , 9.932651503413166e-06
52.50000000 , 9.165284900728588e-03 , 9.945419037443247e-06
52.66666667 , 9.219435365254771e-03 , 9.971109013160503e-06
52.83333333 , 9.267955064218692e-03 , 9.988407033808859e-06
53.00000000 , 9.300961775373097e-03 , 1.000001303909701e-05
53.16666667 , 9.345066800515667e-03 , 1.001708569648343e-05
53.33333333 , 9.371872808741818e-03 , 1.002259267177229e-05
53.50000000 , 9.424455876545236e-03 , 1.004392910478934e-05
53.66666667 , 9.451729466089952e-03 , 1.004982017467674e-05
53.83333333 , 9.510094331722865e-03 , 1.007767434875402e-05
54.00000000 , 9.571967126083108e-03 , 1.010696848628754e-05
54.16666667 , 9.633999668375123e-03 , 1.013672843601119e-05
54.33333333 , 9.745971587105702e-03 , 1.020084078741986e-05
54.50000000 , 9.843346633248854e-03 , 1.025472611786082e-05
54.66666667 , 9.966867173585208e-03 , 1.032554191248290e-05
54.83333333 , 1.007618893648838e-02 , 1.038935931714872e-05
55.00000000 , 1.018804506469164e-02 , 1.044416473732987e-05
55.16666667 , 1.029619663063646e-02 , 1.050116515132871e-05
55.33333333 , 1.039655426092342e-02 , 1.055757086530302e-05
55.50000000 , 1.049387980508157e-02 , 1.061034327202842e-05
55.66666667 , 1.059300066936585e-02 , 1.065817699809840e-05
55.83333333 , 1.072873581401359e-02 , 1.073559258838751e-05
56.00000000 , 1.082189812636706e-02 , 1.078516827562776e-05
56.16666667 , 1.089855013511761e-02 , 1.081945007936587e-05
56.33333333 , 1.100120796323958e-02 , 1.086789300362106e-05
56.50000000 , 1.109545880554718e-02 , 1.091804954458318e-05
56.66666667 , 1.119981935829424e-02 , 1.096781440278259e-05
56.83333333 , 1.130316285829826e-02 , 1.102227833534658e-05
57.00000000 , 1.137376253277088e-02 , 1.104546526381270e-05
57.16666667 , 1.144975362327606e-02 , 1.108441113202426e-05
57.33333333 , 1.156627538692307e-02 , 1.114478645269310e-05
57.50000000 , 1.165758538027537e-02 , 1.119095840893114e-05
57.66666667 , 1.175770351595736e-02 , 1.123554941618276e-05
57.83333333 , 1.182069668883688e-02 , 1.125652012821469e-05
58.00000000 , 1.191663886774206e-02 , 1.130051210668934e-05
58.16666667 , 1.198906415536867e-02 , 1.133506286744352e-05
58.33333333 , 1.207282289679820e-02 , 1.136638264193528e-05
58.50000000 , 1.216785756364564e-02 , 1.140994437501905e-05
58.66666667 , 1.228398563247808e-02 , 1.146253228917230e-05
58.83333333 , 1.231123469811129e-02 , 1.147048298519230e-05
59.00000000 , 1.240370078278081e-02 , 1.151070923583231e-05
59.16666667 , 1.247815921699777e-02 , 1.154711911775246e-05
59.33333333 , 1.255395725641040e-02 , 1.157225655629171e-05
59.50000000 , 1.263384103071579e-02 , 1.160251288171408e-05
59.66666667 , 1.272423739592539e-02 , 1.164974245104136e-05
59.83333333 , 1.279155232823382e-02 , 1.167577115876540e-05
60.00000000 , 1.287063629829781e-02 , 1.170726241104348e-05
60.16666667 , 1.293931871060819e-02 , 1.173184457923462e-05
60.33333333 , 1.299916448144724e-02 , 1.175475785151214e-05
60.50000000 , 1.308751141750670e-02 , 1.178997512194498e-05
60.66666667 , 1.316540562374006e-02 , 1.182027025444889e-05
60.83333333 , 1.324744992512903e-02 , 1.185284351636471e-05
61.00000000 , 1.330054045652197e-02 , 1.187563971718798e-05
61.16666667 , 1.339714979607905e-02 , 1.191177466640955e-05
61.33333333 , 1.344648563892337e-02 , 1.192271418587274e-05
61.50000000 , 1.352245525507913e-02 , 1.196168367005291e-05
61.66666667 , 1.361352208277897e-02 , 1.199718357931742e-05
61.83333333 , 1.366983146124798e-02 , 1.201161480631435e-05
62.00000000 , 1.375268187971678e-02 , 1.205037376467463e-05
62.16666667 , 1.378970317445742e-02 , 1.205433799981073e-05
62.33333333 , 1.386432521570522e-02 , 1.208188402556530e-05
62.50000000 , 1.394389342149484e-02 , 1.211445473046072e-05
62.66666667 , 1.399238489802029e-02 , 1.212631739738254e-05
62.83333333 , 1.407892377586383e-02 , 1.216440663130536e-05
63.00000000 , 1.411206134174413e-02 , 1.216889193947573e-05
63.16666667 , 1.420671745566131e-02 , 1.220805379710624e-05
63.33333333 , 1.424906463696571e-02 , 1.222077787430888e-05
63.50000000 , 1.432206107786406e-02 , 1.224621984280831e-05
63.66666667 , 1.440695938237963e-02 , 1.227992247388072e-05
63.83333333 , 1.446216677137597e-02 , 1.229671867355902e-05
64.00000000 , 1.450830876342447e-02 , 1.230883911485257e-05
64.16666667 , 1.458376357786831e-02 , 1.233103328661703e-05
64.33333333 , 1.464875998616129e-02 , 1.235975035226039e-05
64.50000000 , 1.469080561264232e-02 , 1.237015842931257e-05
64.66666667 , 1.474223938167283e-02 , 1.238788402564561e-05
64.83333333 , 1.479100654813800e-02 , 1.239868521496859e-05
65.00000000 , 1.484657789565662e-02 , 1.242726527271845e-05
65.16666667 , 1.491518681302655e-02 , 1.244414676141061e-05
65.33333333 , 1.498049984452100e-02 , 1.246838759056184e-05
65.50000000 , 1.502170671100936e-02 , 1.248116584956381e-05
65.66666667 , 1.506379234244859e-02 , 1.249522431971744e-05
65.83333333 , 1.511234662475689e-02 , 1.251049278679547e-05
66.00000000 , 1.513117349694686e-02 , 1.251421798335191e-05
66.16666667 , 1.519651420235439e-02 , 1.253327809871026e-05
66.33333333 , 1.524690840356183e-02 , 1.254697232493260e-05
66.50000000 , 1.529223085601820e-02 , 1.256560634544379e-05
66.66666667 , 1.534680863937035e-02 , 1.258151935623705e-05
66.83333333 , 1.536898911041293e-02 , 1.258517358134269e-05
67.00000000 , 1.541186247833847e-02 , 1.259930266970325e-05
67.16666667 , 1.547228617121729e-02 , 1.261764286030294e-05
67.33333333 , 1.551817174268826e-02 , 1.263358377443245e-05
67.50000000 , 1.559251589145765e-02 , 1.266179377450115e-05
67.66666667 , 1.559205483527061e-02 , 1.264957617973239e-05
67.83333333 , 1.565096949348867e-02 , 1.267498608868851e-05
68.00000000 , 1.569087664875565e-02 , 1.268215471125329e-05
68.16666667 , 1.571805230256336e-02 , 1.269010842606187e-05
68.33333333 , 1.577754505975779e-02 , 1.271425928497999e-05
68.50000000 , 1.581969152788154e-02 , 1.272247401584336e-05
68.66666667 , 1.584342669270062e-02 , 1.272650417409452e-05
68.83333333 , 1.589443401735381e-02 , 1.274068775096772e-05
69.00000000 , 1.593807780428554e-02 , 1.275390561123373e-05
69.16666667 , 1.597629371191438e-02 , 1.276663477327175e-05
69.33333333 , 1.596458137537460e-02 , 1.274752920360796e-05
69.50000000 , 1.605740973933273e-02 , 1.278806997822970e-05
69.66666667 , 1.608278660000619e-02 , 1.279108856008415e-05
69.83333333 , 1.612499154641138e-02 , 1.280757863846952e-05
70.00000000 , 1.617544032380979e-02 , 1.281994420489026e-05
70.16666667 , 1.621303690909314e-02 , 1.282975587414847e-05
70.33333333 , 1.622740787632733e-02 , 1.282671644530035e-05
70.50000000 , 1.628375825500741e-02 , 1.285131057712791e-05
70.66666667 , 1.634848019592229e-02 , 1.287176716769810e-05
70.83333333 , 1.636733926248274e-02 , 1.287132314024347e-05
71.00000000 , 1.640679954516661e-02 , 1.288389465865905e-05
71.16666667 , 1.642772221534004e-02 , 1.288502708816757e-05
71.33333333 , 1.645795854996248e-02 , 1.289220226711286e-05
71.50000000 , 1.649504633447208e-02 , 1.290076332399150e-05
71.66666667 , 1.653558559027449e-02 , 1.291260032987562e-05
71.83333333 , 1.657135213885364e-02 , 1.292081850287734e-05
72.00000000 , 1.660010647274750e-02 , 1.292562158703902e-05
72.16666667 , 1.665006781867208e-02 , 1.294386123315209e-05
72.33333333 , 1.666673173888149e-02 , 1.294573831482377e-05
72.50000000 , 1.667062558573181e-02 , 1.294021280039989e-05
72.66666667 , 1.673245998859312e-02 , 1.295743067401543e-05
72.83333333 , 1.673519488647646e-02 , 1.295488762333423e-05
73.00000000 , 1.680975436778761e-02 , 1.298133879049436e-05
73.16666667 , 1.683517305336915e-02 , 1.298348890379437e-05
73.33333333 , 1.683618229494061e-02 , 1.297465462766573e-05
73.50000000 , 1.686634856300637e-02 , 1.298887246508649e-05
73.66666667 , 1.690715972390913e-02 , 1.299089239442448e-05
73.83333333 , 1.692684418992607e-02 , 1.299715067584148e-05
74.00000000 , 1.696567458653573e-02 , 1.300776351397742e-05
74.16666667 , 1.700995546506651e-02 , 1.301798086339204e-05
74.33333333 , 1.702875940962235e-02 , 1.302263956221978e-05
74.50000000 , 1.703731156334780e-02 , 1.301856100513430e-05
74.66666667 , 1.708215896834341e-02 , 1.303118217540304e-05
74.83333333 , 1.712391262779971e-02 , 1.304290802223026e-05
75.00000000 , 1.713836170910573e-02 , 1.304242922200839e-05
75.16666667 , 1.716582863425598e-02 , 1.305125537039162e-05
75.33333333 , 1.717938205166585e-02 , 1.304821289650535e-05
75.50000000 , 1.722405128230162e-02 , 1.306478157439084e-05
75.66666667 , 1.723508914370729e-02 , 1.306349131341644e-05
75.83333333 , 1.727694061221259e-02 , 1.306933543602903e-05
76.00000000 , 1.729473716324513e-02 , 1.307057808383201e-05
76.16666667 , 1.730692804575099e-02 , 1.306695529347829e-05
76.33333333 , 1.733422981720793e-02 , 1.307462223748403e-05
76.50000000 , 1.737448263736461e-02 , 1.308772584794014e-05
76.66666667 , 1.740489718413469e-02 , 1.309588377232139e-05
76.83333333 , 1.741510028877691e-02 , 1.309145668445960e-05
77.00000000 , 1.744572782492199e-02 , 1.310021553000582e-05
77.16666667 , 1.744490958459864e-02 , 1.308964622261210e-05
77.33333333 , 1.748468572516889e-02 , 1.310166776457354e-05
77.50000000 , 1.750752079768677e-02 , 1.310612315541530e-05
77.66666667 , 1.753721622199845e-02 , 1.311618071257445e-05
77.83333333 , 1.755218061594929e-02 , 1.311475684722501e-05
78.00000000 , 1.756590463015599e-02 , 1.311406778269830e-05
78.16666667 , 1.758913384684059e-02 , 1.311689744190360e-05
78.33333333 , 1.761226295045452e-02 , 1.312033969737919e-05
78.50000000 , 1.764364760001787e-02 , 1.312964566497640e-05
78.66666667 , 1.768320681986438e-02 , 1.313912676247198e-05
78.83333333 , 1.769811603945191e-02 , 1.313808649640052e-05
79.00000000 , 1.769741560998510e-02 , 1.313473539482523e-05
79.16666667 , 1.772340402453203e-02 , 1.313700385429652e-05
79.33333333 , 1.772591906147221e-02 , 1.313372455178521e-05
79.50000000 , 1.774156725197636e-02 , 1.313647434916240e-05
79.66666667 , 1.776741491694267e-02 , 1.313744903446226e-05
79.83333333 , 1.776593262252186e-02 , 1.313447802975583e-05
80.00000000 , 1.779863877728646e-02 , 1.314259978481821e-05
80.16666667 , 1.783896058189221e-02 , 1.315238568082668e-05
80.33333333 , 1.784129878319881e-02 , 1.314976159843414e-05
80.50000000 , 1.785309393500513e-02 , 1.314679299098569e-05
80.66666667 , 1.787438408897701e-02 , 1.314859504703589e-05
80.83333333 , 1.787637518771745e-02 , 1.314794034435411e-05
81.00000000 , 1.791867682350206e-02 , 1.315532463323293e-05
81.16666667 , 1.791334487566942e-02 , 1.314843133579577e-05
81.33333333 , 1.792985405003098e-02 , 1.315381538349024e-05
81.50000000 , 1.793654690331434e-02 , 1.314827696059969e-05
81.66666667 , 1.797767686832173e-02 , 1.316221501215065e-05
81.83333333 , 1.798326559850793e-02 , 1.315899324826087e-05
82.00000000 , 1.796159649614740e-02 , 1.314369608862514e-05
82.16666667 , 1.800222802734879e-02 , 1.315087999520697e-05
82.33333333 , 1.803712838610243e-02 , 1.316674926463035e-05
82.50000000 , 1.803399729567001e-02 , 1.315551203861913e-05
82.66666667 , 1.804277386721322e-02 , 1.315470593094169e-05
82.83333333 , 1.804503973079881e-02 , 1.315048329109327e-05
83.00000000 , 1.807236634130862e-02 , 1.315605929327709e-05
83.16666667 , 1.806150831832476e-02 , 1.314408087636358e-05
83.33333333 , 1.807608121419202e-02 , 1.314752223748590e-05
83.50000000 , 1.811202815383323e-02 , 1.315873165292553e-05
83.66666667 , 1.809185935484607e-02 , 1.314454124514405e-05
83.83333333 , 1.810265781639655e-02 , 1.314214809851798e-05
84.00000000 , 1.810521870412689e-02 , 1.313695791916639e-05
84.16666667 , 1.813812957051002e-02 , 1.314714434058884e-05
84.33333333 , 1.813701137444301e-02 , 1.314257211331340e-05
84.50000000 , 1.815863088186258e-02 , 1.314849946076641e-05
84.66666667 , 1.818472363993781e-02 , 1.315200130565239e-05
84.83333333 , 1.817809132726794e-02 , 1.314474211573088e-05
85.00000000 , 1.814881173500480e-02 , 1.312560805494183e-05
85.16666667 , 1.817320353202505e-02 , 1.313061418358746e-05
85.33333333 , 1.818455756256455e-02 , 1.313491386494772e-05
85.50000000 , 1.820735491085387e-02 , 1.313389798579964e-05
85.66666667 , 1.819117780388934e-02 , 1.312879449118721e-05
85.83333333 , 1.819928210715836e-02 , 1.311935191093849e-05
86.00000000 , 1.821221451468843e-02 , 1.312276054634235e-05
86.16666667 , 1.819932651381214e-02 , 1.311356238264291e-05
86.33333333 , 1.817631448628895e-02 , 1.309920559702333e-05
86.50000000 , 1.822169999448377e-02 , 1.311555803147701e-05
86.66666667 , 1.823477097959342e-02 , 1.311629404133184e-05
86.83333333 , 1.820530150156803e-02 , 1.309803244984516e-05
87.00000000 , 1.825088366950067e-02 , 1.311102634972144e-05
87.16666667 , 1.822354723732987e-02 , 1.309876810890063e-05
87.33333333 , 1.820733458970607e-02 , 1.308498349775702e-05
87.50000000 , 1.825346414555185e-02 , 1.310165733961094e-05
87.66666667 , 1.822930836519184e-02 , 1.308510670314872e-05
87.83333333 , 1.824092252435787e-02 , 1.308448723635526e-05
88.00000000 , 1.823050204107117e-02 , 1.307471277704644e-05
88.16666667 , 1.823046091663432e-02 , 1.306992825231897e-05
88.33333333 , 1.823551912587422e-02 , 1.307004883087327e-05
88.50000000 , 1.827335528737859e-02 , 1.308261520260899e-05
88.66666667 , 1.823512344285516e-02 , 1.306457143049343e-05
88.83333333 , 1.823645478478643e-02 , 1.305668270600185e-05
89.00000000 , 1.826654718716247e-02 , 1.306759598635859e-05
89.16666667 , 1.823770621456349e-02 , 1.304793578365528e-05
89.33333333 , 1.823819356044235e-02 , 1.304490995131738e-05
89.50000000 , 1.821873248766749e-02 , 1.303325036348805e-05
89.66666667 , 1.824128918483952e-02 , 1.303977540408372e-05
89.83333333 , 1.823441706091663e-02 , 1.302949716352988e-05
90.00000000 , 1.822693209342258e-02 , 1.302490460742335e-05
90.16666667 , 1.823060895483892e-02 , 1.302321342770035e-05
90.33333333 , 1.822301236035895e-02 , 1.301446416971218e-05
90.50000000 , 1.824005283782086e-02 , 1.301805773375045e-05
90.66666667 , 1.822031019743157e-02 , 1.300598721393557e-05
90.83333333 , 1.822561339064869e-02 , 1.300314890641563e-05
91.00000000 , 1.823016026629305e-02 , 1.300315267384656e-05
91.16666667 , 1.822218837653346e-02 , 1.299733300173825e-05
91.33333333 , 1.821001279301535e-02 , 1.298684476931679e-05
91.50000000 , 1.820411073000229e-02 , 1.298008200143825e-05
91.66666667 , 1.819341904880373e-02 , 1.297633035815465e-05
91.83333333 , 1.816409833737572e-02 , 1.295887504156080e-05
92.00000000 , 1.814594305005984e-02 , 1.294586876020630e-05
92.16666667 , 1.816508024488304e-02 , 1.294682188718900e-05
92.33333333 , 1.817264695682623e-02 , 1.295039729822845e-05
92.50000000 , 1.815403601686073e-02 , 1.294163614486313e-05
92.66666667 , 1.813091256902494e-02 , 1.292377268483359e-05
92.83333333 , 1.814382840291046e-02 , 1.292545671796236e-05
93.00000000 , 1.813958866394571e-02 , 1.292285975245132e-05
93.16666667 , 1.812191854044600e-02 , 1.291124929432342e-05
93.33333333 , 1.810512006501667e-02 , 1.290074753516081e-05
93.50000000 , 1.811599493423745e-02 , 1.290396858782701e-05
93.66666667 , 1.806995443548959e-02 , 1.288203979328434e-05
93.83333333 , 1.807279160019618e-02 , 1.287943458548525e-05
94.00000000 , 1.805383427033287e-02 , 1.286761564090224e-05
94.16666667 , 1.804894920065344e-02 , 1.286252411752536e-05
94.33333333 , 1.806401994078887e-02 , 1.286613592352951e-05
94.50000000 , 1.804934431095424e-02 , 1.285546772378232e-05
94.66666667 , 1.802634584643300e-02 , 1.284501887938426e-05
94.83333333 , 1.803467564353323e-02 , 1.284438785860437e-05
95.00000000 , 1.800356237790616e-02 , 1.282586730092822e-05
95.16666667 , 1.798226122696211e-02 , 1.281667682683863e-05
95.33333333 , 1.800425978792420e-02 , 1.282215717124846e-05
95.50000000 , 1.798670385786394e-02 , 1.281372739553502e-05
95.66666667 , 1.795358964971773e-02 , 1.279752446408078e-05
95.83333333 , 1.793728768479511e-02 , 1.278654824772943e-05
96.00000000 , 1.793618446757981e-02 , 1.278084013378482e-05
96.16666667 , 1.792860764187524e-02 , 1.277714285767975e-05
96.33333333 , 1.791641699680768e-02 , 1.276981357458716e-05
96.50000000 , 1.786605354644349e-02 , 1.274684370563820e-05
96.66666667 , 1.786131389062759e-02 , 1.274089011898301e-05
96.83333333 , 1.784767974503556e-02 , 1.273431890440281e-05
97.00000000 , 1.781177117791434e-02 , 1.271588131442645e-05
97.16666667 , 1.782593547386119e-02 , 1.271974131522506e-05
97.33333333 , 1.780158418700373e-02 , 1.270562773905502e-05
97.50000000 , 1.778674246755345e-02 , 1.270334950032578e-05
97.66666667 , 1.778657594347853e-02 , 1.269716004560318e-05
97.83333333 , 1.777703808776804e-02 , 1.268913715787198e-05
98.00000000 , 1.774146530221312e-02 , 1.267362632906615e-05
98.16666667 , 1.770780871181135e-02 , 1.265324593532148e-05
98.33333333 , 1.768239023528748e-02 , 1.264282495861583e-05
98.50000000 , 1.766226784201633e-02 , 1.263528609999794e-05
98.66666667 , 1.766515940042496e-02 , 1.263636378071754e-05
98.83333333 , 1.764385577037523e-02 , 1.261988191896389e-05
99.00000000 , 1.762751362673054e-02 , 1.260989097939527e-05
99.16666667 , 1.761120853550607e-02 , 1.260310752802802e-05
99.33333333 , 1.758875500907975e-02 , 1.258975235660245e-05
99.50000000 , 1.756097884721283e-02 , 1.258149993011086e-05
99.66666667 , 1.754945290156460e-02 , 1.257058976202332e-05
99.83333333 , 1.752439213633017e-02 , 1.255852004952730e-05
100.00000000 , 1.749734346735572e-02 , 1.254715517783310e-05
100.16666667 , 1.746951498231658e-02 , 1.253179550162377e-05
100.33333333 , 1.744034067204852e-02 , 1.252122760228732e-05
100.50000000 , 1.742269716010964e-02 , 1.251097978642616e-05
100.66666667 , 1.739923722159652e-02 , 1.249763708349812e-05
100.83333333 , 1.738165160764987e-02 , 1.248862407269456e-05
101.00000000 , 1.737530350636524e-02 , 1.248774411127985e-05
101.16666667 , 1.733600853006824e-02 , 1.246831707344623e-05
101.33333333 , 1.733102068286506e-02 , 1.246398108545199e-05
101.50000000 , 1.727907950120933e-02 , 1.243878719839700e-05
101.66666667 , 1.727062935513170e-02 , 1.243616582844442e-05
101.83333333 , 1.724503401131086e-02 , 1.242225665536915e-05
102.00000000 , 1.718981297586880e-02 , 1.240011674289201e-05
102.16666667 , 1.717487793815480e-02 , 1.239045123784228e-05
102.33333333 , 1.717794595438587e-02 , 1.239196888150300e-05
102.50000000 , 1.712988926886275e-02 , 1.236943372467197e-05
102.66666667 , 1.711128994995372e-02 , 1.236006634611197e-05
102.83333333 , 1.708175367878021e-02 , 1.234848373603622e-05
103.00000000 , 1.703653220402240e-02 , 1.232571479610526e-05
103.16666667 , 1.700697807918899e-02 , 1.231427667010756e-05
103.33333333 , 1.698678716447529e-02 , 1.230395084992225e-05
103.50000000 , 1.697746664474945e-02 , 1.229938251436775e-05
103.66666667 , 1.693841844666634e-02 , 1.228308160328433e-05
103.83333333 , 1.692119569476355e-02 , 1.227397973748067e-05
104.00000000 , 1.689594736688166e-02 , 1.226419198078426e-05
104.16666667 , 1.684015781728957e-02 , 1.223691633695214e-05
104.33333333 , 1.680586208398268e-02 , 1.222061336107851e-05
104.50000000 , 1.679319184304804e-02 , 1.221492157237988e-05
104.66666667 , 1.675138768638455e-02 , 1.219725837723899e-05
104.83333333 , 1.671779889569073e-02 , 1.218430910188975e-05
105.00000000 , 1.670605895423985e-02 , 1.217633075569127e-05
105.16666667 , 1.665722246995865e-02 , 1.215815049607226e-05
105.33333333 , 1.664129775359544e-02 , 1.214461764345222e-05
105.50000000 , 1.658539414605308e-02 , 1.212251385293111e-05
105.66666667 , 1.656474661462277e-02 , 1.211725881969035e-05
105.83333333 , 1.651382432918259e-02 , 1.209202734570834e-05
106.00000000 , 1.651042516246644e-02 , 1.208742139633119e-05
106.16666667 , 1.647504341497810e-02 , 1.207487602772668e-05
106.33333333 , 1.646399820808130e-02 , 1.206962586430622e-05
106.50000000 , 1.639597361258509e-02 , 1.203877638045531e-05
106.66666667 , 1.637339348964371e-02 , 1.203199863335105e-05
106.83333333 , 1.634866220891285e-02 , 1.201726786495617e-05
107.00000000 , 1.629379905525722e-02 , 1.199339765318367e-05
107.16666667 , 1.625867052322820e-02 , 1.198095745067411e-05
107.33333333 , 1.621116668834656e-02 , 1.195984959036665e-05
107.50000000 , 1.619092654971712e-02 , 1.194914029944092e-05
107.66666667 , 1.614147282305060e-02 , 1.192694907842712e-05
107.83333333 , 1.613866800462613e-02 , 1.192842085993725e-05
108.00000000 , 1.607707267371145e-02 , 1.189787562922418e-05
108.16666667 , 1.603810021683943e-02 , 1.188430274051355e-05
108.33333333 , 1.600404242933580e-02 , 1.186729435935949e-05
108.50000000 , 1.597049908337372e-02 , 1.185600268831275e-05
108.66666667 , 1.593139653323775e-02 , 1.183821090619679e-05
108.83333333 , 1.591161276621606e-02 , 1.183153354108492e-05
109.00000000 , 1.584586540249028e-02 , 1.179984834843318e-05
109.16666667 , 1.581358879309572e-02 , 1.178645954441873e-05
109.33333333 , 1.575983143258465e-02 , 1.176537845546533e-05
109.50000000 , 1.572838761514180e-02 , 1.174574824143723e-05
109.66666667 , 1.568714483896277e-02 , 1.173456974759364e-05
109.83333333 , 1.565125163020513e-02 , 1.171830270272055e-05
110.00000000 , 1.561457080944311e-02 , 1.169986196685388e-05
110.16666667 , 1.559047415702785e-02 , 1.169540944737331e-05
110.33333333 , 1.552678161748717e-02 , 1.166691304784365e-05
110.50000000 , 1.551280455670531e-02 , 1.165994050656842e-05
110.66666667 , 1.544697935834288e-02 , 1.163343791629025e-05
110.83333333 , 1.539989822158352e-02 , 1.161161257879842e-05
111.00000000 , 1.537950291198359e-02 , 1.160469990164377e-05
111.16666667 , 1.530920099860545e-02 , 1.156968459640458e-05
111.33333333 , 1.527932505143519e-02 , 1.156367405010586e-05
111.50000000 , 1.524753404503463e-02 , 1.154689627391289e-05
111.66666667 , 1.519757079248014e-02 , 1.152735111099042e-05
111.83333333 , 1.513449673255169e-02 , 1.149838467453882e-05
112.00000000 , 1.510393815599268e-02 , 1.148825204627642e-05
112.16666667 , 1.507720309447633e-02 , 1.147662955424304e-05
112.33333333 , 1.501534505034260e-02 , 1.144821949082499e-05
112.50000000 , 1.498151463797048e-02 , 1.143586702786819e-05
112.66666667 , 1.491215481338269e-02 , 1.140255423116302e-05
112.83333333 , 1.487392378551890e-02 , 1.138733539636343e-05
113.00000000 , 1.481343626537272e-02 , 1.136269357949844e-05
113.16666667 , 1.479574993104404e-02 , 1.135805480198894e-05
113.33333333 , 1.475390928424859e-02 , 1.133722961408485e-05
113.50000000 , 1.469044510431003e-02 , 1.130970063998208e-05
113.66666667 , 1.463068120170420e-02 , 1.128491728130788e-05
113.83333333 , 1.458316900127811e-02 , 1.126565248419486e-05
114.00000000 , 1.452421025190305e-02 , 1.123783063726934e-05
114.16666667 , 1.448828294440736e-02 , 1.122242254214617e-05
114.33333333 , 1.445104296894075e-02 , 1.120940697556731e-05
114.50000000 , 1.439213781764469e-02 , 1.118685386816792e-05
114.66666667 , 1.433020968893246e-02 , 1.115783772626481e-05
114.83333333 , 1.427109180607186e-02 , 1.112989404019345e-05
115.00000000 , 1.421952755987176e-02 , 1.111381874458925e-05
115.16666667 , 1.416375715125864e-02 , 1.108407505898379e-05
115.33333333 , 1.412776112610965e-02 , 1.107631786208239e-05
115.50000000 , 1.404568938369207e-02 , 1.103644382143378e-05
115.66666667 , 1.400494716304345e-02 , 1.102189362217414e-05
115.83333333 , 1.393756141317975e-02 , 1.099546148850280e-05
116.00000000 , 1.387396140580357e-02 , 1.096324969594420e-05
116.16666667 , 1.379649913267341e-02 , 1.093909819548051e-05
116.33333333 , 1.375440143955488e-02 , 1.091447032564955e-05
116.50000000 , 1.368463043149608e-02 , 1.088438172601538e-05
116.66666667 , 1.361950470026322e-02 , 1.085913023008721e-05
116.83333333 , 1.353663883662872e-02 , 1.082246602775313e-05
117.00000000 , 1.348145256345087e-02 , 1.080446633032104e-05
117.16666667 , 1.341934966782016e-02 , 1.077604605678683e-05
117.33333333 , 1.334996229769278e-02 , 1.074615959858943e-05
117.50000000 , 1.328132539334733e-02 , 1.071180464811192e-05
117.66666667 , 1.322321008383208e-02 , 1.069426655890446e-05
117.83333333 , 1.312409019183883e-02 , 1.064571968765863e-05
118.00000000 , 1.306437546799141e-02 , 1.062494632870509e-05
118.16666667 , 1.302577059947629e-02 , 1.060855988122255e-05
118.33333333 , 1.294125482761268e-02 , 1.056871265966574e-05
118.50000000 , 1.288243555415034e-02 , 1.054568868626384e-05
118.66666667 , 1.280841706885115e-02 , 1.051727581487408e-05
118.83333333 , 1.272295215924129e-02 , 1.047928601093649e-05
119.00000000 , 1.266390160538971e-02 , 1.045380387176422e-05
119.16666667 , 1.259625665539832e-02 , 1.042278791233479e-05
119.33333333 , 1.250707703147319e-02 , 1.038145260154347e-05
119.50000000 , 1.243730478419283e-02 , 1.035244356809781e-05
119.66666667 , 1.236143022144969e-02 , 1.031750447217519e-05
119.83333333 , 1.230810769204973e-02 , 1.029579325684911e-05
120.00000000 , 1.221658493364957e-02 , 1.025609571567336e-05
120.16666667 , 1.212993743026194e-02 , 1.021921040723946e-05
120.33333333 , 1.204977039879640e-02 , 1.018421648355778e-05
120.50000000 , 1.197444885991389e-02 , 1.014453777147994e-05
120.66666667 , 1.189836733883494e-02 , 1.010961970169043e-05
120.83333333 , 1.182364851894423e-02 , 1.008173346851790e-05
121.00000000 , 1.174507441200109e-02 , 1.004227054000907e-05
121.16666667 , 1.167491739875330e-02 , 1.001139336022352e-05
121.33333333 , 1.159812934567252e-02 , 9.984574751800187e-06
121.50000000 , 1.149624380939279e-02 , 9.929667559783193e-06
121.66666667 , 1.142892434175023e-02 , 9.900133640457772e-06
121.83333333 , 1.135049173082786e-02 , 9.866139966801766e-06
122.00000000 , 1.124833061248298e-02 , 9.817056413869898e-06
122.16666667 , 1.118124952388099e-02 , 9.787034764744993e-06
122.33333333 , 1.108588854222531e-02 , 9.745736411995795e-06
122.50000000 , 1.101353204032262e-02 , 9.711045249991363e-06
122.66666667 , 1.094035758529472e-02 , 9.680673163455751e-06
122.83333333 , 1.080687213357034e-02 , 9.613452102042428e-06
123.00000000 , 1.076494594294814e-02 , 9.596221843139542e-06
123.16666667 , 1.065710450850571e-02 , 9.545946093897119e-06
123.33333333 , 1.055613201014027e-02 , 9.494380527410034e-06
123.50000000 , 1.047315957682088e-02 , 9.459240819805758e-06
123.66666667 , 1.040030271210824e-02 , 9.418495604039885e-06
123.83333333 , 1.029205268291851e-02 , 9.363986378966441e-06
124.00000000 , 1.020444203598175e-02 , 9.326491290159923e-06
124.16666667 , 1.008912227343720e-02 , 9.263141992603520e-06
124.33333333 , 1.000866788889768e-02 , 9.227731946580164e-06
124.50000000 , 9.898473057086037e-03 , 9.176156180861075e-06
124.66666667 , 9.793313126568726e-03 , 9.121193053658605e-06
124.83333333 , 9.689697941492138e-03 , 9.069737686421719e-06
125.00000000 , 9.590275217530661e-03 , 9.020014478284994e-06
125.16666667 , 9.488359159283798e-03 , 8.962779784153811e-06
125.33333333 , 9.381388575067299e-03 , 8.911922167882747e-06
125.50000000 , 9.268044527655674e-03 , 8.853695347150324e-06
125.66666667 , 9.186699658694437e-03 , 8.812954729295748e-06
125.83333333 , 9.141020345330521e-03 , 8.795039140298387e-06
126.00000000 , 9.078679649662075e-03 , 8.758737696374850e-06
126.16666667 , 9.016973820200608e-03 , 8.730193273981835e-06
126.33333333 , 8.991407669040000e-03 , 8.720852010997671e-06
126.50000000 , 8.946874087293786e-03 , 8.696285727569376e-06
126.66666667 , 8.895762064957194e-03 , 8.669466078928062e-06
126.83333333 , 8.854068137216802e-03 , 8.649437109222673e-06
127.00000000 , 8.805757228673853e-03 , 8.622901075090758e-06
127.16666667 , 8.769950990157649e-03 , 8.607821714046874e-06
127.33333333 , 8.723633988949044e-03 , 8.582863730942599e-06
127.50000000 , 8.687870933443045e-03 , 8.561130973177380e-06
127.66666667 , 8.652500297256010e-03 , 8.546879123209572e-06
127.83333333 , 8.596458757312939e-03 , 8.520231402903539e-06
128.00000000 , 8.572514623705282e-03 , 8.504078545576519e-06
128.16666667 , 8.528529339787478e-03 , 8.485841350440823e-06
128.33333333 , 8.480988063946293e-03 , 8.462989648585350e-06
128.50000000 , 8.428713294438553e-03 , 8.433380498500219e-06
128.66666667 , 8.409154249969799e-03 , 8.427453454861736e-06
128.83333333 , 8.361774023908431e-03 , 8.400862199728926e-06
129.00000000 , 8.319239834017462e-03 , 8.374443485317312e-06
129.16666667 , 8.290971108750194e-03 , 8.369563361065425e-06
129.33333333 , 8.251412037836737e-03 , 8.349851885122971e-06
129.50000000 , 8.219752197706062e-03 , 8.336519688029380e-06
129.66666667 , 8.157152149260770e-03 , 8.298609098676709e-06
129.83333333 , 8.128807254143127e-03 , 8.285841658099472e-06
