x_l , NLO , dNLO
0.00000000 , 5.923416800757976e+00 , 4.565496366736231e-04
0.04166667 , 3.145257077998453e+00 , 3.481505958539977e-04
0.08333333 , 2.075240406958038e+00 , 2.847207477585924e-04
0.12500000 , 1.542998619769958e+00 , 2.459603163173020e-04
0.16666667 , 1.224608899414630e+00 , 2.192296206525557e-04
0.20833333 , 1.012714132214697e+00 , 1.993352050947882e-04
0.25000000 , 8.621380134341097e-01 , 1.838809987962519e-04
0.29166667 , 7.490401624057040e-01 , 1.713409117862436e-04
0.33333333 , 6.606816767807935e-01 , 1.608263880964239e-04
0.37500000 , 5.903842402904520e-01 , 1.519895420962017e-04
0.41666667 , 5.323192971307562e-01 , 1.442438393043512e-04
0.45833333 , 4.846113510529519e-01 , 1.375627573082888e-04
0.50000000 , 4.433542944707033e-01 , 1.315170733882651e-04
0.54166667 , 4.081026101971267e-01 , 1.261091796977549e-04
0.58333333 , 3.779760510868838e-01 , 1.213239630235348e-04
0.62500000 , 3.511964622185770e-01 , 1.168673345722887e-04
0.66666667 , 3.276074133385826e-01 , 1.128192360626292e-04
0.70833333 , 3.067356898497201e-01 , 1.091227767299660e-04
0.75000000 , 2.877014615102806e-01 , 1.056209970813418e-04
0.79166667 , 2.711412008971343e-01 , 1.024966010726851e-04
0.83333333 , 2.552523943341152e-01 , 9.936742475489627e-05
0.87500000 , 2.414324066305449e-01 , 9.659976378659795e-05
0.91666667 , 2.287570737365365e-01 , 9.399934041196064e-05
0.95833333 , 2.167752270418118e-01 , 9.142068959375568e-05
1.00000000 , 2.059201187290987e-01 , 8.905538140774066e-05
1.04166667 , 1.958038184753323e-01 , 8.679897088282718e-05
1.08333333 , 1.864889074789377e-01 , 8.465912137496530e-05
1.12500000 , 1.775103297351296e-01 , 8.253039039555709e-05
1.16666667 , 1.695182141224285e-01 , 8.062098578488044e-05
1.20833333 , 1.619140517974366e-01 , 7.874472448509200e-05
1.25000000 , 1.546169782330303e-01 , 7.690492827022088e-05
1.29166667 , 1.479365143847466e-01 , 7.517823606324876e-05
1.33333333 , 1.413025702087614e-01 , 7.341683020871151e-05
1.37500000 , 1.351859150777998e-01 , 7.177066205940179e-05
1.41666667 , 1.294534862249548e-01 , 7.017953429931372e-05
1.45833333 , 1.237780120803733e-01 , 6.859736141689115e-05
1.50000000 , 1.183613301865647e-01 , 6.701354949942450e-05
1.54166667 , 1.132968183041426e-01 , 6.551499272451825e-05
1.58333333 , 1.087027850458404e-01 , 6.415406508220098e-05
1.62500000 , 1.042143151625281e-01 , 6.277230791645243e-05
1.66666667 , 9.990007267066259e-02 , 6.138049547487231e-05
1.70833333 , 9.603093686225918e-02 , 6.016336531563409e-05
1.75000000 , 9.218191442317797e-02 , 5.889879915256069e-05
1.79166667 , 8.868225487730871e-02 , 5.773862567638251e-05
1.83333333 , 8.536950971827906e-02 , 5.662462944208712e-05
1.87500000 , 8.217018223600417e-02 , 5.548856631222001e-05
1.91666667 , 7.912918063818139e-02 , 5.442679022642792e-05
1.95833333 , 7.621649335250624e-02 , 5.337005326909705e-05
2.00000000 , 7.363001157970719e-02 , 5.243325400169097e-05
2.04166667 , 7.110101083865993e-02 , 5.150867077946090e-05
2.08333333 , 6.859587663559631e-02 , 5.055182165637506e-05
2.12500000 , 6.628784503020525e-02 , 4.966762172034717e-05
2.16666667 , 6.403921203556782e-02 , 4.876532607441797e-05
2.20833333 , 6.207696650566011e-02 , 4.802126264572461e-05
2.25000000 , 5.998755774223696e-02 , 4.718248777204155e-05
2.29166667 , 5.810554842723574e-02 , 4.639330132874705e-05
2.33333333 , 5.620432561413367e-02 , 4.558846956784927e-05
2.37500000 , 5.444944361101477e-02 , 4.484668698622272e-05
2.41666667 , 5.284926627745112e-02 , 4.416568345210706e-05
2.45833333 , 5.125071803461703e-02 , 4.347478820947453e-05
2.50000000 , 4.966392921393144e-02 , 4.277078873541068e-05
2.54166667 , 4.816267637756050e-02 , 4.209518152435196e-05
2.58333333 , 4.676011698147393e-02 , 4.144428751104139e-05
2.62500000 , 4.539009675860357e-02 , 4.081493822010511e-05
2.66666667 , 4.409432231888082e-02 , 4.020265907148443e-05
2.70833333 , 4.273093404142968e-02 , 3.954705119842823e-05
2.75000000 , 4.164120215768139e-02 , 3.904013669374093e-05
2.79166667 , 4.045891319113325e-02 , 3.846039845754629e-05
2.83333333 , 3.933876538417947e-02 , 3.788800009210155e-05
2.87500000 , 3.825049530231054e-02 , 3.734081454259924e-05
2.91666667 , 3.726412105959098e-02 , 3.685859055460627e-05
2.95833333 , 3.625674842342261e-02 , 3.631260133036064e-05
3.00000000 , 3.528666250877305e-02 , 3.582740618291510e-05
3.04166667 , 3.430432270878159e-02 , 3.530436781730196e-05
3.08333333 , 3.346846120212368e-02 , 3.486391624660733e-05
3.12500000 , 3.259193029477248e-02 , 3.436123532790024e-05
3.16666667 , 3.169435943344739e-02 , 3.388419867775716e-05
3.20833333 , 3.092403257235679e-02 , 3.344361726589614e-05
3.25000000 , 3.022034593394463e-02 , 3.303815373990676e-05
3.29166667 , 2.941280382247921e-02 , 3.258943013522285e-05
3.33333333 , 2.870259606981904e-02 , 3.218629649552116e-05
3.37500000 , 2.792561427636987e-02 , 3.172639660053649e-05
3.41666667 , 2.728465492029460e-02 , 3.134210779504165e-05
3.45833333 , 2.664719187788520e-02 , 3.096652906693299e-05
3.50000000 , 2.602911352732836e-02 , 3.059310076962824e-05
3.54166667 , 2.537948635904662e-02 , 3.019463189478814e-05
3.58333333 , 2.480367570662447e-02 , 2.984541570842999e-05
3.62500000 , 2.419575778984333e-02 , 2.943546749780510e-05
3.66666667 , 2.358753947721933e-02 , 2.904898563698885e-05
3.70833333 , 2.306845900540379e-02 , 2.872622457641620e-05
3.75000000 , 2.254412253475848e-02 , 2.839680131346714e-05
3.79166667 , 2.207938347232332e-02 , 2.808138165014596e-05
3.83333333 , 2.151197105356251e-02 , 2.770419964583978e-05
3.87500000 , 2.103937114165047e-02 , 2.738116483576585e-05
3.91666667 , 2.064678578773153e-02 , 2.713727101244285e-05
3.95833333 , 2.009522219100470e-02 , 2.672495685993312e-05
4.00000000 , 1.968478588971918e-02 , 2.645765306207688e-05
4.04166667 , 1.930837729766055e-02 , 2.620114421184856e-05
4.08333333 , 1.880846306265288e-02 , 2.582585311900188e-05
4.12500000 , 1.844792718118887e-02 , 2.558343845661967e-05
4.16666667 , 1.801543234111333e-02 , 2.524661341307958e-05
4.20833333 , 1.767826682324091e-02 , 2.503121567366342e-05
4.25000000 , 1.725925712634105e-02 , 2.472064804943981e-05
4.29166667 , 1.692707449703597e-02 , 2.448430530403443e-05
4.33333333 , 1.652212734607920e-02 , 2.415224343959095e-05
4.37500000 , 1.620704738828694e-02 , 2.390773413486026e-05
4.41666667 , 1.588011706978312e-02 , 2.366381924860711e-05
4.45833333 , 1.554478651734039e-02 , 2.340237465915836e-05
4.50000000 , 1.525190952010492e-02 , 2.317955148559165e-05
4.54166667 , 1.486311150693274e-02 , 2.284295491641491e-05
4.58333333 , 1.462840117494281e-02 , 2.268667123315038e-05
4.62500000 , 1.431275556092930e-02 , 2.242393121067326e-05
4.66666667 , 1.404455320844301e-02 , 2.220400237846182e-05
4.70833333 , 1.372339824351696e-02 , 2.193196586852990e-05
4.75000000 , 1.346975406318897e-02 , 2.174664452793132e-05
4.79166667 , 1.315549094312311e-02 , 2.145431052840237e-05
4.83333333 , 1.293340736742756e-02 , 2.127722362432819e-05
4.87500000 , 1.266960563814632e-02 , 2.105824158219869e-05
4.91666667 , 1.245169795425990e-02 , 2.086553996502671e-05
4.95833333 , 1.218004522901798e-02 , 2.061940301533261e-05
5.00000000 , 1.191242674082427e-02 , 2.037918919001997e-05
5.04166667 , 1.169994955530373e-02 , 2.018542536474558e-05
5.08333333 , 1.148807408444083e-02 , 2.001102817712756e-05
5.12500000 , 1.126603510341279e-02 , 1.979319833976490e-05
5.16666667 , 1.105755254739656e-02 , 1.961983135889469e-05
5.20833333 , 1.081890695216033e-02 , 1.937418903227768e-05
5.25000000 , 1.065866830194419e-02 , 1.924119909990833e-05
5.29166667 , 1.042931141738301e-02 , 1.903080656813453e-05
5.33333333 , 1.020648556329891e-02 , 1.879692542493626e-05
5.37500000 , 1.007482827997839e-02 , 1.869328229512582e-05
5.41666667 , 9.826520890681133e-03 , 1.844212994207900e-05
5.45833333 , 9.649860338370978e-03 , 1.826704581900907e-05
5.50000000 , 9.467452992158043e-03 , 1.809047916570634e-05
5.54166667 , 9.352062100279487e-03 , 1.796705165634086e-05
5.58333333 , 9.146222778683481e-03 , 1.777010223688774e-05
5.62500000 , 8.975479447026140e-03 , 1.760434563658655e-05
5.66666667 , 8.816420869155902e-03 , 1.745176568159145e-05
5.70833333 , 8.647503681649255e-03 , 1.726465995705245e-05
5.75000000 , 8.475306021044883e-03 , 1.708019032071225e-05
5.79166667 , 8.350251679169887e-03 , 1.694942671394641e-05
5.83333333 , 8.205286166474385e-03 , 1.679692849503211e-05
5.87500000 , 8.050400864934084e-03 , 1.663248341931779e-05
5.91666667 , 7.892985147647814e-03 , 1.646449755673427e-05
5.95833333 , 7.739679750334111e-03 , 1.628818782623236e-05
6.00000000 , 7.617247528893522e-03 , 1.616332039123334e-05
6.04166667 , 7.490451713034356e-03 , 1.601620125795662e-05
6.08333333 , 7.371597514222824e-03 , 1.589885447530901e-05
6.12500000 , 7.203861026779222e-03 , 1.569150294431666e-05
6.16666667 , 7.093243029258804e-03 , 1.558156307024277e-05
6.20833333 , 6.949826546809207e-03 , 1.540445232823317e-05
6.25000000 , 6.854652189864451e-03 , 1.530907925614211e-05
6.29166667 , 6.720983041021584e-03 , 1.514285989155793e-05
6.33333333 , 6.624415650474494e-03 , 1.504574909916675e-05
6.37500000 , 6.506049526460253e-03 , 1.490497188026090e-05
6.41666667 , 6.409673696493968e-03 , 1.478729217823730e-05
6.45833333 , 6.266462483998728e-03 , 1.459863914305126e-05
6.50000000 , 6.177720766880792e-03 , 1.450195109638923e-05
6.54166667 , 6.076533889716995e-03 , 1.439251482783143e-05
6.58333333 , 5.964573843107844e-03 , 1.424446608083425e-05
6.62500000 , 5.866799774403961e-03 , 1.413199397004984e-05
6.66666667 , 5.752006247861152e-03 , 1.397861540309585e-05
6.70833333 , 5.644665727104233e-03 , 1.384265812953303e-05
6.75000000 , 5.566703967331060e-03 , 1.373658234205198e-05
6.79166667 , 5.446411061416273e-03 , 1.356848913460914e-05
6.83333333 , 5.366160326720695e-03 , 1.347787881095375e-05
6.87500000 , 5.279916692734003e-03 , 1.338027081897422e-05
6.91666667 , 5.201321493083223e-03 , 1.327227303192741e-05
6.95833333 , 5.095475063916056e-03 , 1.311877056102308e-05
7.00000000 , 5.010455573109846e-03 , 1.299314635040366e-05
7.04166667 , 4.925809130856693e-03 , 1.288766474419459e-05
7.08333333 , 4.847478110916092e-03 , 1.277705307431746e-05
7.12500000 , 4.760066773965237e-03 , 1.267405421907177e-05
7.16666667 , 4.692314554346729e-03 , 1.257714921441693e-05
7.20833333 , 4.594278450972848e-03 , 1.244186317564668e-05
7.25000000 , 4.542264060160949e-03 , 1.235898395189564e-05
7.29166667 , 4.474378446298567e-03 , 1.227436227860994e-05
7.33333333 , 4.370209752518143e-03 , 1.212477956177009e-05
7.37500000 , 4.301738759793538e-03 , 1.201112337360654e-05
7.41666667 , 4.264930509773990e-03 , 1.198190228467814e-05
7.45833333 , 4.175718710466780e-03 , 1.184207457878663e-05
7.50000000 , 4.082087823180470e-03 , 1.169151518143928e-05
7.54166667 , 4.043182345530766e-03 , 1.165761372950305e-05
7.58333333 , 3.962819701973990e-03 , 1.153234018741095e-05
7.62500000 , 3.915667842619969e-03 , 1.144873044228313e-05
7.66666667 , 3.820636513364731e-03 , 1.128895298298487e-05
7.70833333 , 3.770704024223746e-03 , 1.120924287376622e-05
7.75000000 , 3.716875481443757e-03 , 1.114069561561434e-05
7.79166667 , 3.652643071164728e-03 , 1.105666916807816e-05
7.83333333 , 3.601106955813018e-03 , 1.097640245493514e-05
7.87500000 , 3.521728854990937e-03 , 1.083493486491426e-05
7.91666667 , 3.481020827378832e-03 , 1.078948202756597e-05
7.95833333 , 3.422163739894690e-03 , 1.069420220246387e-05
8.00000000 , 3.353044417558151e-03 , 1.056444068408169e-05
8.04166667 , 3.306339872808170e-03 , 1.049269720552379e-05
8.08333333 , 3.244329767414426e-03 , 1.038589756771152e-05
8.12500000 , 3.200886851628723e-03 , 1.030933812225920e-05
8.16666667 , 3.151910662705424e-03 , 1.023467332735079e-05
8.20833333 , 3.105384248583761e-03 , 1.015083441909779e-05
8.25000000 , 3.054211055868183e-03 , 1.006260603640541e-05
8.29166667 , 3.003470331507273e-03 , 9.996196445704486e-06
8.33333333 , 2.948352803405940e-03 , 9.882044486025455e-06
8.37500000 , 2.910421575727414e-03 , 9.824551566326303e-06
8.41666667 , 2.853671622046632e-03 , 9.713256855424466e-06
8.45833333 , 2.817707604985250e-03 , 9.670699531746614e-06
8.50000000 , 2.761358639591775e-03 , 9.566155728235525e-06
8.54166667 , 2.713330327728387e-03 , 9.469677718866101e-06
8.58333333 , 2.687135424243379e-03 , 9.439583593318540e-06
8.62500000 , 2.640936822006173e-03 , 9.350124389794221e-06
8.66666667 , 2.591870542219815e-03 , 9.261522190203226e-06
8.70833333 , 2.549044181943176e-03 , 9.194111613458558e-06
8.75000000 , 2.516784762823425e-03 , 9.104715768589564e-06
8.79166667 , 2.459680913106941e-03 , 9.001303247812575e-06
8.83333333 , 2.430173062271364e-03 , 8.941722698732008e-06
8.87500000 , 2.392694204966581e-03 , 8.874611510015080e-06
8.91666667 , 2.362704168916283e-03 , 8.823569266569917e-06
8.95833333 , 2.315374989674165e-03 , 8.741730873751678e-06
9.00000000 , 2.272919284255391e-03 , 8.647124863347291e-06
9.04166667 , 2.245050320536249e-03 , 8.592045140117637e-06
9.08333333 , 2.192524083863394e-03 , 8.482013437657060e-06
9.12500000 , 2.170258770100239e-03 , 8.439947287610936e-06
9.16666667 , 2.138362283893577e-03 , 8.352766592511928e-06
9.20833333 , 2.106994524745181e-03 , 8.309084157851641e-06
9.25000000 , 2.076864309829670e-03 , 8.267316564020293e-06
9.29166667 , 2.027404906461000e-03 , 8.148664001876170e-06
9.33333333 , 1.992734055812211e-03 , 8.069312419733420e-06
9.37500000 , 1.976987571901218e-03 , 8.038308240507390e-06
9.41666667 , 1.947280050235448e-03 , 8.003136999600937e-06
9.45833333 , 1.907397948162827e-03 , 7.890465091001447e-06
9.50000000 , 1.886212115659142e-03 , 7.860602364360183e-06
9.54166667 , 1.849758882548776e-03 , 7.772077917969487e-06
9.58333333 , 1.823736027209095e-03 , 7.722039131263351e-06
9.62500000 , 1.785107964157809e-03 , 7.637054724389769e-06
9.66666667 , 1.755215097302644e-03 , 7.566414463273556e-06
9.70833333 , 1.727725032302658e-03 , 7.492608389094226e-06
9.75000000 , 1.683030845636071e-03 , 7.405472314316178e-06
9.79166667 , 1.670627722019139e-03 , 7.369311617480714e-06
9.83333333 , 1.646677586853865e-03 , 7.306371689717029e-06
9.87500000 , 1.626629260397661e-03 , 7.278722692328983e-06
9.91666667 , 1.599940502394200e-03 , 7.196985289469004e-06
9.95833333 , 1.576291300453780e-03 , 7.178531859722404e-06
10.00000000 , 1.556873177780400e-03 , 7.111979519188564e-06
10.04166667 , 1.521479032456171e-03 , 7.046551501586455e-06
10.08333333 , 1.495083882049169e-03 , 6.964833840819109e-06
10.12500000 , 1.481461530717806e-03 , 6.936204296421739e-06
10.16666667 , 1.460717574118925e-03 , 6.901888210922908e-06
10.20833333 , 1.431231547227882e-03 , 6.815805018891011e-06
10.25000000 , 1.413863985781219e-03 , 6.765227605180291e-06
10.29166667 , 1.388553873141421e-03 , 6.712903538433628e-06
10.33333333 , 1.352569590048776e-03 , 6.597458347993519e-06
10.37500000 , 1.335340745856330e-03 , 6.575893713441904e-06
10.41666667 , 1.320955361996500e-03 , 6.534822435762950e-06
10.45833333 , 1.297284954983712e-03 , 6.479269163803372e-06
10.50000000 , 1.278663694449083e-03 , 6.427834056265912e-06
10.54166667 , 1.257327727779498e-03 , 6.376523293232941e-06
10.58333333 , 1.233108341315088e-03 , 6.311210343969452e-06
10.62500000 , 1.215511636035915e-03 , 6.279122967423073e-06
10.66666667 , 1.188695402332470e-03 , 6.198152238117416e-06
10.70833333 , 1.171772979227961e-03 , 6.146086693508332e-06
10.75000000 , 1.135738031769478e-03 , 6.020475915708813e-06
10.79166667 , 1.120363139405167e-03 , 5.980155332589064e-06
10.83333333 , 1.120672201062424e-03 , 6.004235993252761e-06
10.87500000 , 1.103397599847022e-03 , 5.976656629235223e-06
10.91666667 , 1.089007475471493e-03 , 5.934372684457430e-06
10.95833333 , 1.060673842422807e-03 , 5.852257065793825e-06
11.00000000 , 1.046639090178098e-03 , 5.812270009974942e-06
11.04166667 , 1.042242973630147e-03 , 5.788632620141088e-06
11.08333333 , 1.009625643692235e-03 , 5.689732856945002e-06
11.12500000 , 9.930395841049717e-04 , 5.644236618652508e-06
11.16666667 , 9.733516124060304e-04 , 5.587537604069024e-06
11.20833333 , 9.688267212336637e-04 , 5.579367891541975e-06
11.25000000 , 9.633873029903611e-04 , 5.572627546852741e-06
11.29166667 , 9.399616072747065e-04 , 5.500239209155888e-06
11.33333333 , 9.190239199122023e-04 , 5.442743312559413e-06
11.37500000 , 9.029911485536893e-04 , 5.384991862047073e-06
11.41666667 , 8.885478824225791e-04 , 5.340415333344438e-06
11.45833333 , 8.777630266415276e-04 , 5.323473134258734e-06
11.50000000 , 8.561864397647015e-04 , 5.225561929489976e-06
11.54166667 , 8.427682764191887e-04 , 5.194638590700062e-06
11.58333333 , 8.166083392404747e-04 , 5.099982609477593e-06
11.62500000 , 8.123988800451629e-04 , 5.090514826327751e-06
11.66666667 , 7.928634532781390e-04 , 5.024947633938332e-06
11.70833333 , 7.922670543957967e-04 , 5.038665951106379e-06
11.75000000 , 7.776774545029379e-04 , 4.993528150620919e-06
11.79166667 , 7.614149842011566e-04 , 4.932555407912873e-06
11.83333333 , 7.554413942685145e-04 , 4.935751765095658e-06
11.87500000 , 7.309823423133076e-04 , 4.833230873665788e-06
11.91666667 , 7.194002735009753e-04 , 4.788058384242109e-06
11.95833333 , 7.112837639563182e-04 , 4.766267760303087e-06
12.00000000 , 6.925186915479487e-04 , 4.689512498176645e-06
12.04166667 , 6.908499884613886e-04 , 4.708997612918586e-06
12.08333333 , 6.749221863713143e-04 , 4.637654957496254e-06
12.12500000 , 6.695330211475464e-04 , 4.633067565524454e-06
12.16666667 , 6.542942189919180e-04 , 4.558785813282732e-06
12.20833333 , 6.539546610054240e-04 , 4.575956187892244e-06
12.25000000 , 6.286348858393419e-04 , 4.463341305086795e-06
12.29166667 , 6.192787109345263e-04 , 4.417794471120314e-06
12.33333333 , 6.108165783199857e-04 , 4.410563404708071e-06
12.37500000 , 6.018033392952429e-04 , 4.376075670580030e-06
12.41666667 , 5.915499151496047e-04 , 4.350049072980416e-06
12.45833333 , 5.832200461069750e-04 , 4.300794588394409e-06
12.50000000 , 5.714465120808663e-04 , 4.257971500876914e-06
12.54166667 , 5.549830186965399e-04 , 4.202841787154542e-06
12.58333333 , 5.462403281781615e-04 , 4.167896732074678e-06
12.62500000 , 5.340839982452187e-04 , 4.088929361179959e-06
12.66666667 , 5.294592451724548e-04 , 4.101896344966298e-06
12.70833333 , 5.179902496563936e-04 , 4.049881330669322e-06
12.75000000 , 5.116898329402346e-04 , 4.042800282346054e-06
12.79166667 , 4.940914189604810e-04 , 3.940967629554034e-06
12.83333333 , 4.906426146234956e-04 , 3.939846248382601e-06
12.87500000 , 4.775051332408166e-04 , 3.862680975637218e-06
12.91666667 , 4.727518712848917e-04 , 3.857500401722161e-06
12.95833333 , 4.673417569609834e-04 , 3.836937405655511e-06
13.00000000 , 4.549095441258274e-04 , 3.794743100011485e-06
13.04166667 , 4.492646999530457e-04 , 3.773285928168635e-06
13.08333333 , 4.411313135091117e-04 , 3.735721473132253e-06
13.12500000 , 4.312733687231240e-04 , 3.688497288382434e-06
13.16666667 , 4.264694675709726e-04 , 3.665110182606258e-06
13.20833333 , 4.145438711027768e-04 , 3.617019728122511e-06
13.25000000 , 4.086869088194594e-04 , 3.591948171099606e-06
13.29166667 , 3.983915025048732e-04 , 3.537429733200406e-06
13.33333333 , 3.918133810604667e-04 , 3.505035322937053e-06
13.37500000 , 3.887169265251958e-04 , 3.506524490626205e-06
13.41666667 , 3.803297503007464e-04 , 3.457388942720350e-06
13.45833333 , 3.728262498900742e-04 , 3.425119503433490e-06
13.50000000 , 3.597451175445029e-04 , 3.358912064706865e-06
13.54166667 , 3.552209554541650e-04 , 3.330243670989044e-06
13.58333333 , 3.492966157082205e-04 , 3.307612568811995e-06
13.62500000 , 3.409799221771064e-04 , 3.281623677074719e-06
13.66666667 , 3.445094497613362e-04 , 3.297971425014655e-06
13.70833333 , 3.303846420161136e-04 , 3.226610788405013e-06
13.75000000 , 3.211760010361820e-04 , 3.167950600636831e-06
13.79166667 , 3.223588700469064e-04 , 3.191350534851706e-06
13.83333333 , 3.099010596329259e-04 , 3.122885233985369e-06
13.87500000 , 3.055925277421839e-04 , 3.087105113179516e-06
13.91666667 , 3.001635052665353e-04 , 3.058424741826453e-06
13.95833333 , 2.952079465336655e-04 , 3.049726340026984e-06
14.00000000 , 2.883407104472785e-04 , 3.014576788369964e-06
14.04166667 , 2.889586068519226e-04 , 3.016292391204622e-06
14.08333333 , 2.778813336363708e-04 , 2.962003020761238e-06
14.12500000 , 2.727865971966609e-04 , 2.927164306066872e-06
14.16666667 , 2.623465797015648e-04 , 2.861845375013803e-06
14.20833333 , 2.683138131145304e-04 , 2.890817071239504e-06
14.25000000 , 2.621929902053538e-04 , 2.867201676760157e-06
14.29166667 , 2.512220249262549e-04 , 2.798631892321780e-06
14.33333333 , 2.497923921277699e-04 , 2.794798470475036e-06
14.37500000 , 2.417757958999944e-04 , 2.732682884601370e-06
14.41666667 , 2.346773449757677e-04 , 2.712195807956596e-06
14.45833333 , 2.341867933467794e-04 , 2.720237202072246e-06
14.50000000 , 2.268963818409215e-04 , 2.657009641192662e-06
14.54166667 , 2.232012796045491e-04 , 2.646923845255019e-06
14.58333333 , 2.141329946205074e-04 , 2.574220463235473e-06
14.62500000 , 2.151019569553795e-04 , 2.591882510026896e-06
14.66666667 , 2.092379978664695e-04 , 2.570455070653495e-06
14.70833333 , 2.004115909263034e-04 , 2.490638412759914e-06
14.75000000 , 1.973742724425179e-04 , 2.488946017792756e-06
14.79166667 , 1.948709762052251e-04 , 2.478803141003165e-06
14.83333333 , 1.888643877781964e-04 , 2.421070925623799e-06
14.87500000 , 1.856017864707341e-04 , 2.397166398546983e-06
14.91666667 , 1.840532348278680e-04 , 2.402345658591357e-06
14.95833333 , 1.804826972822231e-04 , 2.380297321183332e-06
15.00000000 , 1.757740224380714e-04 , 2.336814094850437e-06
15.04166667 , 1.641660787564350e-04 , 2.260417552168082e-06
15.08333333 , 1.691646623004734e-04 , 2.308091720789137e-06
15.12500000 , 1.638931115485723e-04 , 2.247707592363534e-06
15.16666667 , 1.575916358603629e-04 , 2.227567926120966e-06
15.20833333 , 1.528466989192369e-04 , 2.177046167236523e-06
15.25000000 , 1.540233730012919e-04 , 2.214643168277702e-06
15.29166667 , 1.489122404219448e-04 , 2.148292331522050e-06
15.33333333 , 1.414158770993797e-04 , 2.106760281937566e-06
15.37500000 , 1.437740485562989e-04 , 2.116206032120260e-06
15.41666667 , 1.349042244522149e-04 , 2.042342410755331e-06
15.45833333 , 1.326135908526699e-04 , 2.029105298755934e-06
15.50000000 , 1.271219427110098e-04 , 1.975778469561187e-06
15.54166667 , 1.301902940823143e-04 , 2.021529866841018e-06
15.58333333 , 1.234700364782099e-04 , 1.949121199741945e-06
15.62500000 , 1.192828242484223e-04 , 1.911912120871488e-06
15.66666667 , 1.183316277224773e-04 , 1.920376843516775e-06
15.70833333 , 1.169856092645322e-04 , 1.924784025807720e-06
15.75000000 , 1.119566919856927e-04 , 1.868992732499874e-06
15.79166667 , 1.104900239883367e-04 , 1.863358609935768e-06
15.83333333 , 1.053016127947076e-04 , 1.798531618789335e-06
15.87500000 , 1.024922230040483e-04 , 1.787308350646282e-06
15.91666667 , 1.020130351611693e-04 , 1.786474083667790e-06
15.95833333 , 9.976361435754442e-05 , 1.767648196594132e-06
16.00000000 , 9.490929633299858e-05 , 1.716494745267028e-06
16.04166667 , 9.540198659692183e-05 , 1.731531235981349e-06
16.08333333 , 8.922651804795932e-05 , 1.662756773889205e-06
16.12500000 , 8.660926602679101e-05 , 1.631166017057350e-06
16.16666667 , 8.500571926659880e-05 , 1.627970118130378e-06
16.20833333 , 8.085870965203888e-05 , 1.578988025041830e-06
16.25000000 , 8.124604091631213e-05 , 1.585317172984327e-06
16.29166667 , 7.687605321505862e-05 , 1.536294170614105e-06
16.33333333 , 7.655445517851178e-05 , 1.534635039428372e-06
16.37500000 , 7.316815402730496e-05 , 1.511830908363524e-06
16.41666667 , 7.351032324258279e-05 , 1.498284083018686e-06
16.45833333 , 6.951435739103727e-05 , 1.471790640793049e-06
16.50000000 , 6.653256655232516e-05 , 1.439490601741812e-06
16.54166667 , 6.500540598121581e-05 , 1.416146695986193e-06
16.58333333 , 6.233501614218034e-05 , 1.402427502735516e-06
16.62500000 , 6.137388428371714e-05 , 1.369917530747388e-06
16.66666667 , 5.822774574668985e-05 , 1.337778966611098e-06
16.70833333 , 5.445627085011187e-05 , 1.295730901786485e-06
16.75000000 , 5.520962449884293e-05 , 1.301610705200639e-06
16.79166667 , 5.314069984323269e-05 , 1.311390608635913e-06
16.83333333 , 5.144520181370404e-05 , 1.267731362621408e-06
16.87500000 , 5.018324000885450e-05 , 1.247676366031039e-06
16.91666667 , 4.723731164978313e-05 , 1.204627455352665e-06
16.95833333 , 4.740122303224400e-05 , 1.196643148626998e-06
17.00000000 , 4.584079004852381e-05 , 1.196454619579671e-06
17.04166667 , 4.133124604195644e-05 , 1.116569746895305e-06
17.08333333 , 4.200592150327100e-05 , 1.132554647052469e-06
17.12500000 , 3.945850033795573e-05 , 1.096280987637847e-06
17.16666667 , 3.847587793486084e-05 , 1.088434720159516e-06
17.20833333 , 3.636016348925523e-05 , 1.059863785110455e-06
17.25000000 , 3.673907482661518e-05 , 1.073662551154520e-06
17.29166667 , 3.529073161471393e-05 , 1.055412729308358e-06
17.33333333 , 3.140729307541174e-05 , 9.845282537124777e-07
17.37500000 , 3.158970855302032e-05 , 9.773798486437577e-07
17.41666667 , 2.937887167941049e-05 , 9.676353344108672e-07
17.45833333 , 2.819894176724935e-05 , 9.275080864468593e-07
17.50000000 , 2.892535018719309e-05 , 9.503784778231554e-07
17.54166667 , 2.544236159698627e-05 , 8.844607529619913e-07
17.58333333 , 2.482300402919575e-05 , 8.870083581342083e-07
17.62500000 , 2.399965170508454e-05 , 8.746956905579075e-07
17.66666667 , 2.328170842661733e-05 , 8.542501781805667e-07
17.70833333 , 2.167261373511293e-05 , 8.093919880324300e-07
17.75000000 , 1.943180410704426e-05 , 7.651155053803249e-07
17.79166667 , 1.849934254499148e-05 , 7.597964253097212e-07
17.83333333 , 1.732254386676237e-05 , 7.333676666683490e-07
17.87500000 , 1.785768704402636e-05 , 7.457625108931326e-07
17.91666667 , 1.717669381696895e-05 , 7.512327865073045e-07
17.95833333 , 1.434947819561367e-05 , 6.795252208120072e-07
18.00000000 , 1.484049958210298e-05 , 6.710496310029341e-07
18.04166667 , 1.321970238319969e-05 , 6.400299005419924e-07
18.08333333 , 1.280806462377746e-05 , 6.261603099197713e-07
18.12500000 , 1.184783321271750e-05 , 6.172596344411881e-07
18.16666667 , 1.182385870342868e-05 , 6.135593754245554e-07
18.20833333 , 1.005699391833075e-05 , 5.679465741910168e-07
18.25000000 , 1.028466150846435e-05 , 5.625044332375110e-07
18.29166667 , 8.992407187472513e-06 , 5.261447844324240e-07
18.33333333 , 7.795179021118102e-06 , 5.024972587962070e-07
18.37500000 , 7.515526525288419e-06 , 4.778991773363018e-07
18.41666667 , 6.861796554484509e-06 , 4.701243906587785e-07
18.45833333 , 6.492687746722572e-06 , 4.556568843817820e-07
18.50000000 , 5.868823130219633e-06 , 4.323898541987638e-07
18.54166667 , 5.046396577964365e-06 , 3.880663193409170e-07
18.58333333 , 5.095113880286204e-06 , 4.063653144564649e-07
18.62500000 , 3.760709095886710e-06 , 3.436532374350925e-07
18.66666667 , 3.193941521045586e-06 , 3.252460319456337e-07
18.70833333 , 2.557701536824619e-06 , 2.852334929178374e-07
18.75000000 , 2.254857784956215e-06 , 2.630416350364096e-07
18.79166667 , 2.749038067313636e-06 , 3.167317006856377e-07
18.83333333 , 2.071255738403248e-06 , 2.588496552592266e-07
18.87500000 , 1.906365912649206e-06 , 3.113327346441677e-07
18.91666667 , 1.289649732448175e-06 , 2.975158206123057e-07
18.95833333 , 8.820628738784024e-07 , 1.859593306040221e-07
19.00000000 , 6.652376099999677e-07 , 1.982907159287071e-07
19.04166667 , 5.419051085286926e-07 , 1.665875707863419e-07
19.08333333 , 9.185468854934451e-07 , 4.203986783521820e-07
19.12500000 , 2.917176365593937e-07 , 1.199796020702495e-07
19.16666667 , 1.324143874626453e-07 , 6.877132908868940e-08
19.20833333 , 1.865229610294144e-07 , 1.006271125092779e-07
19.25000000 , 0.000000000000000e+00 , 0.000000000000000e+00
19.29166667 , 6.154053622538725e-08 , 4.746604104276439e-08
19.33333333 , 0.000000000000000e+00 , 0.000000000000000e+00
19.37500000 , 0.000000000000000e+00 , 0.000000000000000e+00
19.41666667 , 0.000000000000000e+00 , 0.000000000000000e+00
19.45833333 , 0.000000000000000e+00 , 0.000000000000000e+00
19.50000000 , 0.000000000000000e+00 , 0.000000000000000e+00
19.54166667 , 0.000000000000000e+00 , 0.000000000000000e+00
19.58333333 , 0.000000000000000e+00 , 0.000000000000000e+00
19.62500000 , 0.000000000000000e+00 , 0.000000000000000e+00
19.66666667 , 0.000000000000000e+00 , 0.000000000000000e+00
19.70833333 , 0.000000000000000e+00 , 0.000000000000000e+00
19.75000000 , 0.000000000000000e+00 , 0.000000000000000e+00
19.79166667 , 0.000000000000000e+00 , 0.000000000000000e+00
19.83333333 , 0.000000000000000e+00 , 0.000000000000000e+00
19.87500000 , 0.000000000000000e+00 , 0.000000000000000e+00
19.91666667 , 0.000000000000000e+00 , 0.000000000000000e+00
19.95833333 , 0.000000000000000e+00 , 0.000000000000000e+00
20.00000000 , 0.000000000000000e+00 , 0.000000000000000e+00
20.04166667 , 0.000000000000000e+00 , 0.000000000000000e+00
20.08333333 , 0.000000000000000e+00 , 0.000000000000000e+00
20.12500000 , 0.000000000000000e+00 , 0.000000000000000e+00
20.16666667 , 0.000000000000000e+00 , 0.000000000000000e+00
20.20833333 , 0.000000000000000e+00 , 0.000000000000000e+00
20.25000000 , 0.000000000000000e+00 , 0.000000000000000e+00
20.29166667 , 0.000000000000000e+00 , 0.000000000000000e+00
20.33333333 , 0.000000000000000e+00 , 0.000000000000000e+00
20.37500000 , 0.000000000000000e+00 , 0.000000000000000e+00
20.41666667 , 0.000000000000000e+00 , 0.000000000000000e+00
20.45833333 , 0.000000000000000e+00 , 0.000000000000000e+00
20.50000000 , 0.000000000000000e+00 , 0.000000000000000e+00
20.54166667 , 0.000000000000000e+00 , 0.000000000000000e+00
20.58333333 , 0.000000000000000e+00 , 0.000000000000000e+00
20.62500000 , 0.000000000000000e+00 , 0.000000000000000e+00
20.66666667 , 0.000000000000000e+00 , 0.000000000000000e+00
20.70833333 , 0.000000000000000e+00 , 0.000000000000000e+00
20.75000000 , 0.000000000000000e+00 , 0.000000000000000e+00
20.79166667 , 0.000000000000000e+00 , 0.000000000000000e+00
20.83333333 , 0.000000000000000e+00 , 0.000000000000000e+00
20.87500000 , 0.000000000000000e+00 , 0.000000000000000e+00
20.91666667 , 0.000000000000000e+00 , 0.000000000000000e+00
20.95833333 , 0.000000000000000e+00 , 0.000000000000000e+00
21.00000000 , 0.000000000000000e+00 , 0.000000000000000e+00
21.04166667 , 0.000000000000000e+00 , 0.000000000000000e+00
21.08333333 , 0.000000000000000e+00 , 0.000000000000000e+00
21.12500000 , 0.000000000000000e+00 , 0.000000000000000e+00
21.16666667 , 0.000000000000000e+00 , 0.000000000000000e+00
21.20833333 , 0.000000000000000e+00 , 0.000000000000000e+00
21.25000000 , 0.000000000000000e+00 , 0.000000000000000e+00
21.29166667 , 0.000000000000000e+00 , 0.000000000000000e+00
21.33333333 , 0.000000000000000e+00 , 0.000000000000000e+00
21.37500000 , 0.000000000000000e+00 , 0.000000000000000e+00
21.41666667 , 0.000000000000000e+00 , 0.000000000000000e+00
21.45833333 , 0.000000000000000e+00 , 0.000000000000000e+00
21.50000000 , 0.000000000000000e+00 , 0.000000000000000e+00
21.54166667 , 0.000000000000000e+00 , 0.000000000000000e+00
21.58333333 , 0.000000000000000e+00 , 0.000000000000000e+00
21.62500000 , 0.000000000000000e+00 , 0.000000000000000e+00
21.66666667 , 0.000000000000000e+00 , 0.000000000000000e+00
21.70833333 , 0.000000000000000e+00 , 0.000000000000000e+00
21.75000000 , 0.000000000000000e+00 , 0.000000000000000e+00
21.79166667 , 0.000000000000000e+00 , 0.000000000000000e+00
21.83333333 , 0.000000000000000e+00 , 0.000000000000000e+00
21.87500000 , 0.000000000000000e+00 , 0.000000000000000e+00
21.91666667 , 0.000000000000000e+00 , 0.000000000000000e+00
21.95833333 , 0.000000000000000e+00 , 0.000000000000000e+00
22.00000000 , 0.000000000000000e+00 , 0.000000000000000e+00
22.04166667 , 0.000000000000000e+00 , 0.000000000000000e+00
22.08333333 , 0.000000000000000e+00 , 0.000000000000000e+00
22.12500000 , 0.000000000000000e+00 , 0.000000000000000e+00
22.16666667 , 0.000000000000000e+00 , 0.000000000000000e+00
22.20833333 , 0.000000000000000e+00 , 0.000000000000000e+00
22.25000000 , 0.000000000000000e+00 , 0.000000000000000e+00
22.29166667 , 0.000000000000000e+00 , 0.000000000000000e+00
22.33333333 , 0.000000000000000e+00 , 0.000000000000000e+00
22.37500000 , 0.000000000000000e+00 , 0.000000000000000e+00
22.41666667 , 0.000000000000000e+00 , 0.000000000000000e+00
22.45833333 , 0.000000000000000e+00 , 0.000000000000000e+00
22.50000000 , 0.000000000000000e+00 , 0.000000000000000e+00
22.54166667 , 0.000000000000000e+00 , 0.000000000000000e+00
22.58333333 , 0.000000000000000e+00 , 0.000000000000000e+00
22.62500000 , 0.000000000000000e+00 , 0.000000000000000e+00
22.66666667 , 0.000000000000000e+00 , 0.000000000000000e+00
22.70833333 , 0.000000000000000e+00 , 0.000000000000000e+00
22.75000000 , 0.000000000000000e+00 , 0.000000000000000e+00
22.79166667 , 0.000000000000000e+00 , 0.000000000000000e+00
22.83333333 , 0.000000000000000e+00 , 0.000000000000000e+00
22.87500000 , 0.000000000000000e+00 , 0.000000000000000e+00
22.91666667 , 0.000000000000000e+00 , 0.000000000000000e+00
22.95833333 , 0.000000000000000e+00 , 0.000000000000000e+00
23.00000000 , 0.000000000000000e+00 , 0.000000000000000e+00
23.04166667 , 0.000000000000000e+00 , 0.000000000000000e+00
23.08333333 , 0.000000000000000e+00 , 0.000000000000000e+00
23.12500000 , 0.000000000000000e+00 , 0.000000000000000e+00
23.16666667 , 0.000000000000000e+00 , 0.000000000000000e+00
23.20833333 , 0.000000000000000e+00 , 0.000000000000000e+00
23.25000000 , 0.000000000000000e+00 , 0.000000000000000e+00
23.29166667 , 0.000000000000000e+00 , 0.000000000000000e+00
23.33333333 , 0.000000000000000e+00 , 0.000000000000000e+00
23.37500000 , 0.000000000000000e+00 , 0.000000000000000e+00
23.41666667 , 0.000000000000000e+00 , 0.000000000000000e+00
23.45833333 , 0.000000000000000e+00 , 0.000000000000000e+00
23.50000000 , 0.000000000000000e+00 , 0.000000000000000e+00
23.54166667 , 0.000000000000000e+00 , 0.000000000000000e+00
23.58333333 , 0.000000000000000e+00 , 0.000000000000000e+00
23.62500000 , 0.000000000000000e+00 , 0.000000000000000e+00
23.66666667 , 0.000000000000000e+00 , 0.000000000000000e+00
23.70833333 , 0.000000000000000e+00 , 0.000000000000000e+00
23.75000000 , 0.000000000000000e+00 , 0.000000000000000e+00
23.79166667 , 0.000000000000000e+00 , 0.000000000000000e+00
23.83333333 , 0.000000000000000e+00 , 0.000000000000000e+00
23.87500000 , 0.000000000000000e+00 , 0.000000000000000e+00
23.91666667 , 0.000000000000000e+00 , 0.000000000000000e+00
23.95833333 , 0.000000000000000e+00 , 0.000000000000000e+00
24.00000000 , 0.000000000000000e+00 , 0.000000000000000e+00
24.04166667 , 0.000000000000000e+00 , 0.000000000000000e+00
24.08333333 , 0.000000000000000e+00 , 0.000000000000000e+00
24.12500000 , 0.000000000000000e+00 , 0.000000000000000e+00
24.16666667 , 0.000000000000000e+00 , 0.000000000000000e+00
24.20833333 , 0.000000000000000e+00 , 0.000000000000000e+00
24.25000000 , 0.000000000000000e+00 , 0.000000000000000e+00
24.29166667 , 0.000000000000000e+00 , 0.000000000000000e+00
24.33333333 , 0.000000000000000e+00 , 0.000000000000000e+00
24.37500000 , 0.000000000000000e+00 , 0.000000000000000e+00
24.41666667 , 0.000000000000000e+00 , 0.000000000000000e+00
24.45833333 , 0.000000000000000e+00 , 0.000000000000000e+00
24.50000000 , 0.000000000000000e+00 , 0.000000000000000e+00
24.54166667 , 0.000000000000000e+00 , 0.000000000000000e+00
24.58333333 , 0.000000000000000e+00 , 0.000000000000000e+00
24.62500000 , 0.000000000000000e+00 , 0.000000000000000e+00
24.66666667 , 0.000000000000000e+00 , 0.000000000000000e+00
24.70833333 , 0.000000000000000e+00 , 0.000000000000000e+00
24.75000000 , 0.000000000000000e+00 , 0.000000000000000e+00
24.79166667 , 0.000000000000000e+00 , 0.000000000000000e+00
24.83333333 , 0.000000000000000e+00 , 0.000000000000000e+00
24.87500000 , 0.000000000000000e+00 , 0.000000000000000e+00
24.91666667 , 0.000000000000000e+00 , 0.000000000000000e+00
24.95833333 , 0.000000000000000e+00 , 0.000000000000000e+00
