x_l , NLO , dNLO
0.00000000 , 0.000000000000000e+00 , 0.000000000000000e+00
0.83333333 , 0.000000000000000e+00 , 0.000000000000000e+00
1.66666667 , 0.000000000000000e+00 , 0.000000000000000e+00
2.50000000 , 0.000000000000000e+00 , 0.000000000000000e+00
3.33333333 , 0.000000000000000e+00 , 0.000000000000000e+00
4.16666667 , 0.000000000000000e+00 , 0.000000000000000e+00
5.00000000 , 0.000000000000000e+00 , 0.000000000000000e+00
5.83333333 , 0.000000000000000e+00 , 0.000000000000000e+00
6.66666667 , 0.000000000000000e+00 , 0.000000000000000e+00
7.50000000 , 0.000000000000000e+00 , 0.000000000000000e+00
8.33333333 , 0.000000000000000e+00 , 0.000000000000000e+00
9.16666667 , 0.000000000000000e+00 , 0.000000000000000e+00
10.00000000 , 0.000000000000000e+00 , 0.000000000000000e+00
10.83333333 , 0.000000000000000e+00 , 0.000000000000000e+00
11.66666667 , 0.000000000000000e+00 , 0.000000000000000e+00
12.50000000 , 0.000000000000000e+00 , 0.000000000000000e+00
13.33333333 , 0.000000000000000e+00 , 0.000000000000000e+00
14.16666667 , 0.000000000000000e+00 , 0.000000000000000e+00
15.00000000 , 0.000000000000000e+00 , 0.000000000000000e+00
15.83333333 , 0.000000000000000e+00 , 0.000000000000000e+00
16.66666667 , 0.000000000000000e+00 , 0.000000000000000e+00
17.50000000 , 0.000000000000000e+00 , 0.000000000000000e+00
18.33333333 , 0.000000000000000e+00 , 0.000000000000000e+00
19.16666667 , 0.000000000000000e+00 , 0.000000000000000e+00
20.00000000 , 0.000000000000000e+00 , 0.000000000000000e+00
20.83333333 , 0.000000000000000e+00 , 0.000000000000000e+00
21.66666667 , 0.000000000000000e+00 , 0.000000000000000e+00
22.50000000 , 0.000000000000000e+00 , 0.000000000000000e+00
23.33333333 , 0.000000000000000e+00 , 0.000000000000000e+00
24.16666667 , 0.000000000000000e+00 , 0.000000000000000e+00
25.00000000 , 0.000000000000000e+00 , 0.000000000000000e+00
25.83333333 , 0.000000000000000e+00 , 0.000000000000000e+00
26.66666667 , 0.000000000000000e+00 , 0.000000000000000e+00
27.50000000 , 0.000000000000000e+00 , 0.000000000000000e+00
28.33333333 , 0.000000000000000e+00 , 0.000000000000000e+00
29.16666667 , 0.000000000000000e+00 , 0.000000000000000e+00
30.00000000 , 0.000000000000000e+00 , 0.000000000000000e+00
30.83333333 , 0.000000000000000e+00 , 0.000000000000000e+00
31.66666667 , 0.000000000000000e+00 , 0.000000000000000e+00
32.50000000 , 0.000000000000000e+00 , 0.000000000000000e+00
33.33333333 , 0.000000000000000e+00 , 0.000000000000000e+00
34.16666667 , 0.000000000000000e+00 , 0.000000000000000e+00
35.00000000 , 0.000000000000000e+00 , 0.000000000000000e+00
35.83333333 , 0.000000000000000e+00 , 0.000000000000000e+00
36.66666667 , 0.000000000000000e+00 , 0.000000000000000e+00
37.50000000 , 0.000000000000000e+00 , 0.000000000000000e+00
38.33333333 , 0.000000000000000e+00 , 0.000000000000000e+00
39.16666667 , 0.000000000000000e+00 , 0.000000000000000e+00
40.00000000 , 0.000000000000000e+00 , 0.000000000000000e+00
40.83333333 , 0.000000000000000e+00 , 0.000000000000000e+00
41.66666667 , 0.000000000000000e+00 , 0.000000000000000e+00
42.50000000 , 0.000000000000000e+00 , 0.000000000000000e+00
43.33333333 , 0.000000000000000e+00 , 0.000000000000000e+00
44.16666667 , 0.000000000000000e+00 , 0.000000000000000e+00
45.00000000 , 0.000000000000000e+00 , 0.000000000000000e+00
45.83333333 , 0.000000000000000e+00 , 0.000000000000000e+00
46.66666667 , 0.000000000000000e+00 , 0.000000000000000e+00
47.50000000 , 0.000000000000000e+00 , 0.000000000000000e+00
48.33333333 , 0.000000000000000e+00 , 0.000000000000000e+00
49.16666667 , 0.000000000000000e+00 , 0.000000000000000e+00
50.00000000 , 0.000000000000000e+00 , 0.000000000000000e+00
50.83333333 , 0.000000000000000e+00 , 0.000000000000000e+00
51.66666667 , 0.000000000000000e+00 , 0.000000000000000e+00
52.50000000 , 0.000000000000000e+00 , 0.000000000000000e+00
53.33333333 , 0.000000000000000e+00 , 0.000000000000000e+00
54.16666667 , 0.000000000000000e+00 , 0.000000000000000e+00
55.00000000 , 0.000000000000000e+00 , 0.000000000000000e+00
55.83333333 , 0.000000000000000e+00 , 0.000000000000000e+00
56.66666667 , 0.000000000000000e+00 , 0.000000000000000e+00
57.50000000 , 0.000000000000000e+00 , 0.000000000000000e+00
58.33333333 , 0.000000000000000e+00 , 0.000000000000000e+00
59.16666667 , 0.000000000000000e+00 , 0.000000000000000e+00
60.00000000 , 0.000000000000000e+00 , 0.000000000000000e+00
60.83333333 , 0.000000000000000e+00 , 0.000000000000000e+00
61.66666667 , 0.000000000000000e+00 , 0.000000000000000e+00
62.50000000 , 0.000000000000000e+00 , 0.000000000000000e+00
63.33333333 , 0.000000000000000e+00 , 0.000000000000000e+00
64.16666667 , 0.000000000000000e+00 , 0.000000000000000e+00
65.00000000 , 0.000000000000000e+00 , 0.000000000000000e+00
65.83333333 , 0.000000000000000e+00 , 0.000000000000000e+00
66.66666667 , 0.000000000000000e+00 , 0.000000000000000e+00
67.50000000 , 0.000000000000000e+00 , 0.000000000000000e+00
68.33333333 , 0.000000000000000e+00 , 0.000000000000000e+00
69.16666667 , 0.000000000000000e+00 , 0.000000000000000e+00
70.00000000 , 0.000000000000000e+00 , 0.000000000000000e+00
70.83333333 , 0.000000000000000e+00 , 0.000000000000000e+00
71.66666667 , 0.000000000000000e+00 , 0.000000000000000e+00
72.50000000 , 0.000000000000000e+00 , 0.000000000000000e+00
73.33333333 , 0.000000000000000e+00 , 0.000000000000000e+00
74.16666667 , 0.000000000000000e+00 , 0.000000000000000e+00
75.00000000 , 0.000000000000000e+00 , 0.000000000000000e+00
75.83333333 , 0.000000000000000e+00 , 0.000000000000000e+00
76.66666667 , 0.000000000000000e+00 , 0.000000000000000e+00
77.50000000 , 0.000000000000000e+00 , 0.000000000000000e+00
78.33333333 , 0.000000000000000e+00 , 0.000000000000000e+00
79.16666667 , 0.000000000000000e+00 , 0.000000000000000e+00
80.00000000 , 0.000000000000000e+00 , 0.000000000000000e+00
80.83333333 , 0.000000000000000e+00 , 0.000000000000000e+00
81.66666667 , 0.000000000000000e+00 , 0.000000000000000e+00
82.50000000 , 0.000000000000000e+00 , 0.000000000000000e+00
83.33333333 , 0.000000000000000e+00 , 0.000000000000000e+00
84.16666667 , 0.000000000000000e+00 , 0.000000000000000e+00
85.00000000 , 0.000000000000000e+00 , 0.000000000000000e+00
85.83333333 , 0.000000000000000e+00 , 0.000000000000000e+00
86.66666667 , 0.000000000000000e+00 , 0.000000000000000e+00
87.50000000 , 0.000000000000000e+00 , 0.000000000000000e+00
88.33333333 , 0.000000000000000e+00 , 0.000000000000000e+00
89.16666667 , 0.000000000000000e+00 , 0.000000000000000e+00
90.00000000 , 0.000000000000000e+00 , 0.000000000000000e+00
90.83333333 , 0.000000000000000e+00 , 0.000000000000000e+00
91.66666667 , 0.000000000000000e+00 , 0.000000000000000e+00
92.50000000 , 0.000000000000000e+00 , 0.000000000000000e+00
93.33333333 , 0.000000000000000e+00 , 0.000000000000000e+00
94.16666667 , 0.000000000000000e+00 , 0.000000000000000e+00
95.00000000 , 0.000000000000000e+00 , 0.000000000000000e+00
95.83333333 , 0.000000000000000e+00 , 0.000000000000000e+00
96.66666667 , 0.000000000000000e+00 , 0.000000000000000e+00
97.50000000 , 0.000000000000000e+00 , 0.000000000000000e+00
98.33333333 , 0.000000000000000e+00 , 0.000000000000000e+00
99.16666667 , 0.000000000000000e+00 , 0.000000000000000e+00
100.00000000 , 0.000000000000000e+00 , 0.000000000000000e+00
100.83333333 , 0.000000000000000e+00 , 0.000000000000000e+00
101.66666667 , 0.000000000000000e+00 , 0.000000000000000e+00
102.50000000 , 0.000000000000000e+00 , 0.000000000000000e+00
103.33333333 , 0.000000000000000e+00 , 0.000000000000000e+00
104.16666667 , 0.000000000000000e+00 , 0.000000000000000e+00
105.00000000 , 0.000000000000000e+00 , 0.000000000000000e+00
105.83333333 , 0.000000000000000e+00 , 0.000000000000000e+00
106.66666667 , 0.000000000000000e+00 , 0.000000000000000e+00
107.50000000 , 0.000000000000000e+00 , 0.000000000000000e+00
108.33333333 , 0.000000000000000e+00 , 0.000000000000000e+00
109.16666667 , 0.000000000000000e+00 , 0.000000000000000e+00
110.00000000 , 0.000000000000000e+00 , 0.000000000000000e+00
110.83333333 , 0.000000000000000e+00 , 0.000000000000000e+00
111.66666667 , 0.000000000000000e+00 , 0.000000000000000e+00
112.50000000 , 0.000000000000000e+00 , 0.000000000000000e+00
113.33333333 , 0.000000000000000e+00 , 0.000000000000000e+00
114.16666667 , 0.000000000000000e+00 , 0.000000000000000e+00
115.00000000 , 0.000000000000000e+00 , 0.000000000000000e+00
115.83333333 , 0.000000000000000e+00 , 0.000000000000000e+00
116.66666667 , 0.000000000000000e+00 , 0.000000000000000e+00
117.50000000 , 0.000000000000000e+00 , 0.000000000000000e+00
118.33333333 , 0.000000000000000e+00 , 0.000000000000000e+00
119.16666667 , 0.000000000000000e+00 , 0.000000000000000e+00
120.00000000 , 0.000000000000000e+00 , 0.000000000000000e+00
120.83333333 , 0.000000000000000e+00 , 0.000000000000000e+00
121.66666667 , 0.000000000000000e+00 , 0.000000000000000e+00
122.50000000 , 0.000000000000000e+00 , 0.000000000000000e+00
123.33333333 , 0.000000000000000e+00 , 0.000000000000000e+00
124.16666667 , 0.000000000000000e+00 , 0.000000000000000e+00
125.00000000 , 0.000000000000000e+00 , 0.000000000000000e+00
125.83333333 , 0.000000000000000e+00 , 0.000000000000000e+00
126.66666667 , 0.000000000000000e+00 , 0.000000000000000e+00
127.50000000 , 0.000000000000000e+00 , 0.000000000000000e+00
128.33333333 , 0.000000000000000e+00 , 0.000000000000000e+00
129.16666667 , 0.000000000000000e+00 , 0.000000000000000e+00
130.00000000 , 0.000000000000000e+00 , 0.000000000000000e+00
130.83333333 , 0.000000000000000e+00 , 0.000000000000000e+00
131.66666667 , 0.000000000000000e+00 , 0.000000000000000e+00
132.50000000 , 0.000000000000000e+00 , 0.000000000000000e+00
133.33333333 , 0.000000000000000e+00 , 0.000000000000000e+00
134.16666667 , 0.000000000000000e+00 , 0.000000000000000e+00
135.00000000 , 0.000000000000000e+00 , 0.000000000000000e+00
135.83333333 , 0.000000000000000e+00 , 0.000000000000000e+00
136.66666667 , 0.000000000000000e+00 , 0.000000000000000e+00
137.50000000 , 0.000000000000000e+00 , 0.000000000000000e+00
138.33333333 , 0.000000000000000e+00 , 0.000000000000000e+00
139.16666667 , 9.474441977474471e-01 , 4.283555484203465e-05
140.00000000 , 1.048190055720531e-01 , 1.335351567610127e-05
140.83333333 , 4.718006559487234e-02 , 8.929696800619710e-06
141.66666667 , 3.042784286191506e-02 , 7.150039588779824e-06
142.50000000 , 2.238342464496667e-02 , 6.115455865496977e-06
143.33333333 , 1.766021472264989e-02 , 5.418687650523029e-06
144.16666667 , 1.454485156689322e-02 , 4.907786188323907e-06
145.00000000 , 1.234700125860053e-02 , 4.512481005516696e-06
145.83333333 , 1.072612445896789e-02 , 4.200865785493375e-06
146.66666667 , 9.456298278936567e-03 , 3.939285567250697e-06
147.50000000 , 8.445509078080457e-03 , 3.719854102469036e-06
148.33333333 , 7.638564135052571e-03 , 3.535982995732924e-06
149.16666667 , 6.950133702748005e-03 , 3.371815531302111e-06
150.00000000 , 6.378562478765723e-03 , 3.230564407939914e-06
150.83333333 , 5.883427549951335e-03 , 3.102993421219359e-06
151.66666667 , 5.456945394874602e-03 , 2.989630998925678e-06
152.50000000 , 5.088883402635077e-03 , 2.888387075307603e-06
153.33333333 , 4.761271233016109e-03 , 2.796099049263194e-06
154.16666667 , 4.476726487584687e-03 , 2.714424725595139e-06
155.00000000 , 4.220502386993039e-03 , 2.638480311601447e-06
155.83333333 , 3.988326310367094e-03 , 2.568444052795426e-06
156.66666667 , 3.776794224952047e-03 , 2.502036565792360e-06
157.50000000 , 3.584712347118551e-03 , 2.441461123739829e-06
158.33333333 , 3.411869296792701e-03 , 2.384185990224725e-06
159.16666667 , 3.256182004226575e-03 , 2.332773666009493e-06
160.00000000 , 3.110323084495888e-03 , 2.283271508169861e-06
160.83333333 , 2.976884309598769e-03 , 2.237253264452618e-06
161.66666667 , 2.854256016642228e-03 , 2.194245464557945e-06
162.50000000 , 2.740471766393337e-03 , 2.153338053536302e-06
163.33333333 , 2.634698817798261e-03 , 2.114741368915427e-06
164.16666667 , 2.535343784597826e-03 , 2.077139674097943e-06
165.00000000 , 2.442181337052590e-03 , 2.041884672664642e-06
165.83333333 , 2.352365484436234e-03 , 2.007021475227339e-06
166.66666667 , 2.271828362100360e-03 , 1.974858045999736e-06
167.50000000 , 2.201008314951839e-03 , 1.947013760010641e-06
168.33333333 , 2.130021738873356e-03 , 1.918866277904402e-06
169.16666667 , 2.061611986482401e-03 , 1.890187223628518e-06
170.00000000 , 1.999192871540969e-03 , 1.864541660714978e-06
170.83333333 , 1.940413690345771e-03 , 1.839716813878000e-06
171.66666667 , 1.884179825101477e-03 , 1.814613515346140e-06
172.50000000 , 1.831181813147064e-03 , 1.791257058889378e-06
173.33333333 , 1.779644809986774e-03 , 1.767369360381461e-06
174.16666667 , 1.733633209707680e-03 , 1.746394718743871e-06
175.00000000 , 1.687213955620524e-03 , 1.726395206152966e-06
175.83333333 , 1.642246106444434e-03 , 1.704428375596745e-06
176.66666667 , 1.602538571293057e-03 , 1.686098827340317e-06
177.50000000 , 1.561766819881992e-03 , 1.665757514101850e-06
178.33333333 , 1.526676400108336e-03 , 1.649821669439875e-06
179.16666667 , 1.490320743421231e-03 , 1.632030725803679e-06
180.00000000 , 1.455910054586771e-03 , 1.614419024852747e-06
180.83333333 , 1.421100514616475e-03 , 1.596799219520860e-06
181.66666667 , 1.389892549697930e-03 , 1.580648555468654e-06
182.50000000 , 1.361073922794576e-03 , 1.565296253537379e-06
183.33333333 , 1.330441982478821e-03 , 1.549288529059570e-06
184.16666667 , 1.301174274793582e-03 , 1.533240813231877e-06
185.00000000 , 1.276141189762701e-03 , 1.519572565386396e-06
185.83333333 , 1.248948620761347e-03 , 1.504704421976641e-06
186.66666667 , 1.224093635176352e-03 , 1.490805373542458e-06
187.50000000 , 1.201962472174876e-03 , 1.478627855781097e-06
188.33333333 , 1.177252712849603e-03 , 1.464395293658361e-06
189.16666667 , 1.156515439202382e-03 , 1.452905798363391e-06
190.00000000 , 1.130547706510110e-03 , 1.437050055557311e-06
190.83333333 , 1.110947372204502e-03 , 1.425569667154465e-06
191.66666667 , 1.091126812643272e-03 , 1.412480456013361e-06
192.50000000 , 1.071173813096526e-03 , 1.402709160970211e-06
193.33333333 , 1.052931818690688e-03 , 1.390633145420988e-06
194.16666667 , 1.031207371104477e-03 , 1.376219232770813e-06
195.00000000 , 1.014958729366939e-03 , 1.366329108715555e-06
195.83333333 , 9.964981431422441e-04 , 1.354525677874718e-06
196.66666667 , 9.797919287562555e-04 , 1.344389948363112e-06
197.50000000 , 9.618033788442268e-04 , 1.332669493918755e-06
198.33333333 , 9.439168895128333e-04 , 1.320147278707636e-06
199.16666667 , 9.295063717826444e-04 , 1.310633101735932e-06
200.00000000 , 9.107534824389184e-04 , 1.297166324139021e-06
200.83333333 , 8.948143612825887e-04 , 1.287602075344939e-06
201.66666667 , 8.802392845156235e-04 , 1.276853074176698e-06
202.50000000 , 8.624886770070508e-04 , 1.264666606172975e-06
203.33333333 , 8.453027180517392e-04 , 1.251544789417438e-06
204.16666667 , 8.267549443895269e-04 , 1.238001239413142e-06
205.00000000 , 8.115423667046993e-04 , 1.227718070841750e-06
205.83333333 , 7.966712214009687e-04 , 1.216774666335740e-06
206.66666667 , 7.794667409534140e-04 , 1.205017893160183e-06
207.50000000 , 7.636851172863006e-04 , 1.192185680472427e-06
208.33333333 , 7.478961302347689e-04 , 1.180201493651181e-06
209.16666667 , 7.333668034226958e-04 , 1.168986687030206e-06
210.00000000 , 7.175869119734420e-04 , 1.156387558466666e-06
210.83333333 , 7.060972804283969e-04 , 1.147953683240478e-06
211.66666667 , 6.902513026332786e-04 , 1.135070439628837e-06
212.50000000 , 6.773800062379329e-04 , 1.124245111185488e-06
213.33333333 , 6.663043128650670e-04 , 1.116369209334812e-06
214.16666667 , 6.524330451265235e-04 , 1.104286762373173e-06
215.00000000 , 6.379655517920666e-04 , 1.092532029589942e-06
215.83333333 , 6.260465651339915e-04 , 1.082216044246966e-06
216.66666667 , 6.166830690075241e-04 , 1.075121296758273e-06
217.50000000 , 6.043011008840742e-04 , 1.064393244929817e-06
218.33333333 , 5.942654639707421e-04 , 1.056168935103557e-06
219.16666667 , 5.829609884250008e-04 , 1.046164631108013e-06
220.00000000 , 5.715544114230987e-04 , 1.035133813164735e-06
220.83333333 , 5.626380177291704e-04 , 1.027770888946679e-06
221.66666667 , 5.523692972110211e-04 , 1.018685288356495e-06
222.50000000 , 5.425070849680763e-04 , 1.010023291107029e-06
223.33333333 , 5.322396109934782e-04 , 9.994514411613423e-07
224.16666667 , 5.229273817642754e-04 , 9.916079325240952e-07
225.00000000 , 5.155720115542184e-04 , 9.848875170838671e-07
225.83333333 , 5.062596568806187e-04 , 9.761869120677241e-07
226.66666667 , 4.962679256703165e-04 , 9.663268928055344e-07
227.50000000 , 4.905953616046844e-04 , 9.617854595373858e-07
228.33333333 , 4.802724892762840e-04 , 9.522875052709094e-07
229.16666667 , 4.715549740404369e-04 , 9.429801374878159e-07
230.00000000 , 4.635662282689236e-04 , 9.348493657398018e-07
230.83333333 , 4.568015945170612e-04 , 9.287310626829273e-07
231.66666667 , 4.478603940449453e-04 , 9.191384808036188e-07
232.50000000 , 4.399651301287017e-04 , 9.109174604707758e-07
233.33333333 , 4.356494415666756e-04 , 9.079410601299026e-07
234.16666667 , 4.277848657497270e-04 , 8.988324803890719e-07
235.00000000 , 4.205979659696205e-04 , 8.914918577136033e-07
235.83333333 , 4.148268331765851e-04 , 8.851508691074735e-07
236.66666667 , 4.068220590912267e-04 , 8.760976495636572e-07
237.50000000 , 4.023515579524362e-04 , 8.725102649899213e-07
238.33333333 , 3.937573342186998e-04 , 8.623256523755998e-07
239.16666667 , 3.882997940259534e-04 , 8.570472352276643e-07
240.00000000 , 3.820259862612985e-04 , 8.495242273374424e-07
240.83333333 , 3.748592474426419e-04 , 8.419169960635922e-07
241.66666667 , 3.693594966102867e-04 , 8.355888488788700e-07
242.50000000 , 3.644261397017040e-04 , 8.306835638358759e-07
243.33333333 , 3.582291602462035e-04 , 8.237344252003014e-07
244.16666667 , 3.543704389343861e-04 , 8.193014931942155e-07
245.00000000 , 3.475501069276702e-04 , 8.101341830483265e-07
245.83333333 , 3.422289868533297e-04 , 8.052487677806067e-07
246.66666667 , 3.365463025303319e-04 , 7.981200424477265e-07
247.50000000 , 3.331670343658934e-04 , 7.940566298950881e-07
248.33333333 , 3.274302960938703e-04 , 7.874679135626344e-07
249.16666667 , 3.223330393853459e-04 , 7.814412277010714e-07
250.00000000 , 3.185563960970287e-04 , 7.772060586038659e-07
250.83333333 , 3.117413545445706e-04 , 7.678403319256522e-07
251.66666667 , 3.089918661614535e-04 , 7.648986322390719e-07
252.50000000 , 3.042636650492754e-04 , 7.597370448188385e-07
253.33333333 , 2.999650166135356e-04 , 7.545923748269921e-07
254.16666667 , 2.947316232910608e-04 , 7.467195418584409e-07
255.00000000 , 2.905543301079471e-04 , 7.420098146120196e-07
255.83333333 , 2.877687984006109e-04 , 7.386619992781564e-07
256.66666667 , 2.811093641336762e-04 , 7.286646568151681e-07
257.50000000 , 2.792847415045696e-04 , 7.274449420144264e-07
258.33333333 , 2.757191825943250e-04 , 7.231706242780492e-07
259.16666667 , 2.706602355364456e-04 , 7.156940783413726e-07
260.00000000 , 2.672990966377834e-04 , 7.119712881211869e-07
260.83333333 , 2.625606096674794e-04 , 7.043896843171383e-07
261.66666667 , 2.591077644408084e-04 , 7.004503154103165e-07
262.50000000 , 2.554475703941547e-04 , 6.952168109623076e-07
263.33333333 , 2.507245312289564e-04 , 6.890642366101726e-07
264.16666667 , 2.466186786084456e-04 , 6.833128804107180e-07
265.00000000 , 2.440078881465315e-04 , 6.791276663668379e-07
265.83333333 , 2.418652827725260e-04 , 6.774539629560253e-07
266.66666667 , 2.378543697969932e-04 , 6.711758812255801e-07
267.50000000 , 2.340857208974568e-04 , 6.655077080450108e-07
268.33333333 , 2.315815099490323e-04 , 6.618027330594414e-07
269.16666667 , 2.278961967581835e-04 , 6.564811329705497e-07
270.00000000 , 2.248354549113852e-04 , 6.526567077430782e-07
270.83333333 , 2.215561461377753e-04 , 6.471502135615651e-07
271.66666667 , 2.190060987650580e-04 , 6.433068981940676e-07
272.50000000 , 2.152196115883734e-04 , 6.380696288092304e-07
273.33333333 , 2.131015398905622e-04 , 6.339063515993555e-07
274.16666667 , 2.084741045796497e-04 , 6.275972359112920e-07
275.00000000 , 2.061546682879087e-04 , 6.238712329796480e-07
275.83333333 , 2.053528487224787e-04 , 6.235570339862889e-07
276.66666667 , 2.015174761477547e-04 , 6.174840856987107e-07
277.50000000 , 1.979697121376008e-04 , 6.111563666636555e-07
278.33333333 , 1.959112166660911e-04 , 6.080533036566918e-07
279.16666667 , 1.927357763388537e-04 , 6.023623037282387e-07
280.00000000 , 1.905326770440366e-04 , 5.995679950967726e-07
280.83333333 , 1.879262635058745e-04 , 5.954296917974571e-07
281.66666667 , 1.842574451691663e-04 , 5.891463372996450e-07
282.50000000 , 1.825549488836680e-04 , 5.869535912853175e-07
283.33333333 , 1.803938936918626e-04 , 5.828162754753877e-07
284.16666667 , 1.770129057074079e-04 , 5.771796129818766e-07
285.00000000 , 1.754852609578191e-04 , 5.751618198551054e-07
285.83333333 , 1.729743015294425e-04 , 5.704399344046296e-07
286.66666667 , 1.697783256321311e-04 , 5.651950680716787e-07
287.50000000 , 1.673725014589027e-04 , 5.606243414722044e-07
288.33333333 , 1.655540237015796e-04 , 5.587093996575534e-07
289.16666667 , 1.634328713669122e-04 , 5.542047438134771e-07
290.00000000 , 1.616717637644339e-04 , 5.514198186746857e-07
290.83333333 , 1.591846905228605e-04 , 5.466743398297189e-07
291.66666667 , 1.570335038265911e-04 , 5.430475119701177e-07
292.50000000 , 1.561284444273989e-04 , 5.420663474786749e-07
293.33333333 , 1.521679646085173e-04 , 5.343198204155325e-07
294.16666667 , 1.506668499961398e-04 , 5.320330223099811e-07
295.00000000 , 1.489831779932036e-04 , 5.285531492354593e-07
295.83333333 , 1.465874193669407e-04 , 5.242426191026964e-07
296.66666667 , 1.454564485686709e-04 , 5.224499444092657e-07
297.50000000 , 1.426291615022416e-04 , 5.172966658371436e-07
298.33333333 , 1.403718036593622e-04 , 5.128352214164145e-07
299.16666667 , 1.389742312913859e-04 , 5.102015139171958e-07
300.00000000 , 1.365495797137647e-04 , 5.053545285188016e-07
300.83333333 , 1.356276779336020e-04 , 5.043189981110258e-07
301.66666667 , 1.336009055019451e-04 , 4.998511728724328e-07
302.50000000 , 1.318265782011511e-04 , 4.969366920907946e-07
303.33333333 , 1.297899520419007e-04 , 4.931596184621806e-07
304.16666667 , 1.273340580447865e-04 , 4.874875948073072e-07
305.00000000 , 1.257281844241375e-04 , 4.846713120030465e-07
305.83333333 , 1.239185153255343e-04 , 4.803563649702817e-07
306.66666667 , 1.215898080665340e-04 , 4.760664377055360e-07
307.50000000 , 1.207078411935001e-04 , 4.739288916883979e-07
308.33333333 , 1.197813014984512e-04 , 4.718509335262533e-07
309.16666667 , 1.174327202079285e-04 , 4.673616836727249e-07
310.00000000 , 1.162359390762414e-04 , 4.651858544466151e-07
310.83333333 , 1.145278446400517e-04 , 4.618956725474745e-07
311.66666667 , 1.124428294605051e-04 , 4.571782230977762e-07
312.50000000 , 1.115874041773163e-04 , 4.559467603823413e-07
313.33333333 , 1.101354171277146e-04 , 4.533298455459728e-07
314.16666667 , 1.083408935050653e-04 , 4.487606935435363e-07
315.00000000 , 1.065087006606486e-04 , 4.441613290257917e-07
315.83333333 , 1.056047799861354e-04 , 4.433084613658236e-07
316.66666667 , 1.038806539648922e-04 , 4.391764146931498e-07
317.50000000 , 1.018011378869686e-04 , 4.344853144450353e-07
318.33333333 , 1.003310907478660e-04 , 4.311363513774511e-07
319.16666667 , 1.004818701638650e-04 , 4.320696818389303e-07
320.00000000 , 9.742847737367910e-05 , 4.248872036861815e-07
320.83333333 , 9.688662246948283e-05 , 4.237286524691354e-07
321.66666667 , 9.491717930860046e-05 , 4.194747836115070e-07
322.50000000 , 9.370449083603842e-05 , 4.163611840540147e-07
323.33333333 , 9.242309711557393e-05 , 4.139177475289911e-07
324.16666667 , 9.096396610645561e-05 , 4.107909216364279e-07
325.00000000 , 8.994109756301195e-05 , 4.077527047632671e-07
325.83333333 , 8.851603530057319e-05 , 4.047480065507452e-07
326.66666667 , 8.696576055831032e-05 , 4.006553695940310e-07
327.50000000 , 8.577187301538632e-05 , 3.973916968554540e-07
328.33333333 , 8.488465043652288e-05 , 3.959021474880879e-07
329.16666667 , 8.273553405936707e-05 , 3.905454279760384e-07
330.00000000 , 8.139808670067311e-05 , 3.870559844011294e-07
330.83333333 , 8.129602445383821e-05 , 3.868823775237458e-07
331.66666667 , 7.964807823457560e-05 , 3.829643828054122e-07
332.50000000 , 7.851099613889616e-05 , 3.805353405112012e-07
333.33333333 , 7.731973670302649e-05 , 3.768708488710339e-07
334.16666667 , 7.664999506706150e-05 , 3.752476876286950e-07
335.00000000 , 7.525507564948767e-05 , 3.713629742303236e-07
335.83333333 , 7.436428612250038e-05 , 3.694610842835579e-07
336.66666667 , 7.248891307118116e-05 , 3.642362732294539e-07
337.50000000 , 7.182208121587062e-05 , 3.632655167318020e-07
338.33333333 , 7.060373986073741e-05 , 3.599415067576903e-07
339.16666667 , 7.050816098414399e-05 , 3.598831103186211e-07
340.00000000 , 6.810832118630023e-05 , 3.529812002595760e-07
340.83333333 , 6.728649758418222e-05 , 3.511186838518493e-07
341.66666667 , 6.694001177892636e-05 , 3.498925694650239e-07
342.50000000 , 6.593934063705495e-05 , 3.476708214361951e-07
343.33333333 , 6.400511324386370e-05 , 3.416259875548608e-07
344.16666667 , 6.326444296331510e-05 , 3.395599963955811e-07
345.00000000 , 6.160939606390254e-05 , 3.353562970037926e-07
345.83333333 , 6.107042841964337e-05 , 3.334611733308652e-07
346.66666667 , 5.998806054253168e-05 , 3.301536738003229e-07
347.50000000 , 5.918586926255827e-05 , 3.281104375119883e-07
348.33333333 , 5.813555910068519e-05 , 3.252247298554321e-07
349.16666667 , 5.755385527791617e-05 , 3.235532978385338e-07
350.00000000 , 5.632380255465368e-05 , 3.197626807612235e-07
350.83333333 , 5.596237593782013e-05 , 3.190414599203528e-07
351.66666667 , 5.467169278545024e-05 , 3.152019237679270e-07
352.50000000 , 5.345054072135877e-05 , 3.113775862413796e-07
353.33333333 , 5.319137389698582e-05 , 3.106112694669468e-07
354.16666667 , 5.205374890383945e-05 , 3.074036456312110e-07
355.00000000 , 5.112682651418050e-05 , 3.044021739402466e-07
355.83333333 , 4.982417736375816e-05 , 3.002221188769031e-07
356.66666667 , 4.899917644804980e-05 , 2.976318541968385e-07
357.50000000 , 4.754373302456833e-05 , 2.925947676020735e-07
358.33333333 , 4.764241376400365e-05 , 2.935697578456239e-07
359.16666667 , 4.674618407008619e-05 , 2.904198622564828e-07
360.00000000 , 4.543852537458659e-05 , 2.866253108188386e-07
360.83333333 , 4.463440590991645e-05 , 2.837284463820881e-07
361.66666667 , 4.428930611293358e-05 , 2.826073053293954e-07
362.50000000 , 4.315729220270768e-05 , 2.788730160172497e-07
363.33333333 , 4.245538894028282e-05 , 2.763284061178033e-07
364.16666667 , 4.194732722225478e-05 , 2.746988619733758e-07
365.00000000 , 4.111374585858379e-05 , 2.721443264812094e-07
365.83333333 , 4.001198470118440e-05 , 2.685146700885012e-07
366.66666667 , 3.935657138641794e-05 , 2.659883288561227e-07
367.50000000 , 3.813272771221450e-05 , 2.616297214710272e-07
368.33333333 , 3.786288663984490e-05 , 2.604089792586675e-07
369.16666667 , 3.702416782964560e-05 , 2.579090073371871e-07
370.00000000 , 3.602707242389522e-05 , 2.540209361163472e-07
370.83333333 , 3.569192085548799e-05 , 2.525611618796140e-07
371.66666667 , 3.487409074462946e-05 , 2.494428954384954e-07
372.50000000 , 3.444726684982120e-05 , 2.483314885227089e-07
373.33333333 , 3.346011918683521e-05 , 2.446318009270396e-07
374.16666667 , 3.279633692271837e-05 , 2.419115408854778e-07
375.00000000 , 3.221097074097560e-05 , 2.395338370287587e-07
375.83333333 , 3.047575817547007e-05 , 2.327697029944696e-07
376.66666667 , 3.050651129156904e-05 , 2.329122467852720e-07
377.50000000 , 2.984117720659253e-05 , 2.307510933260551e-07
378.33333333 , 2.891808163145183e-05 , 2.267017353250125e-07
379.16666667 , 2.889270760233293e-05 , 2.267796605352728e-07
380.00000000 , 2.750476605317679e-05 , 2.208321075019806e-07
380.83333333 , 2.719435250056132e-05 , 2.195913766521674e-07
381.66666667 , 2.622667752980290e-05 , 2.155610148745569e-07
382.50000000 , 2.539964368294388e-05 , 2.121023348288620e-07
383.33333333 , 2.538591839248268e-05 , 2.120415518116468e-07
384.16666667 , 2.468421842858819e-05 , 2.088607449185419e-07
385.00000000 , 2.386855305124655e-05 , 2.051926016575839e-07
385.83333333 , 2.342437925379613e-05 , 2.033605709425832e-07
386.66666667 , 2.269215692494065e-05 , 1.998569997566175e-07
387.50000000 , 2.233437062051655e-05 , 1.984531585296200e-07
388.33333333 , 2.148347998755769e-05 , 1.941872872475840e-07
389.16666667 , 2.103545158746230e-05 , 1.919236102651620e-07
390.00000000 , 2.062797434774817e-05 , 1.905038123484164e-07
390.83333333 , 1.964501208375800e-05 , 1.857089735256348e-07
391.66666667 , 1.892775174116386e-05 , 1.819484089163294e-07
392.50000000 , 1.857259046979175e-05 , 1.802380196826746e-07
393.33333333 , 1.806848791299525e-05 , 1.775988801368555e-07
394.16666667 , 1.742310234830642e-05 , 1.742465600319596e-07
395.00000000 , 1.686085296932415e-05 , 1.710256026525424e-07
395.83333333 , 1.649440879287040e-05 , 1.695146555597703e-07
396.66666667 , 1.584137354135367e-05 , 1.658149965217228e-07
397.50000000 , 1.543969885450151e-05 , 1.642002116641286e-07
398.33333333 , 1.501036245568481e-05 , 1.616665071714858e-07
399.16666667 , 1.419553157612779e-05 , 1.566652317541028e-07
400.00000000 , 1.394488473927384e-05 , 1.553196462330617e-07
400.83333333 , 1.323829643820005e-05 , 1.517385693775667e-07
401.66666667 , 1.290646610441934e-05 , 1.493350523922603e-07
402.50000000 , 1.239818160782518e-05 , 1.461843972703564e-07
403.33333333 , 1.174590850822199e-05 , 1.423058574195358e-07
404.16666667 , 1.136532445693232e-05 , 1.397019149997983e-07
405.00000000 , 1.083791543272308e-05 , 1.368434849127885e-07
405.83333333 , 1.038107160551421e-05 , 1.331349062417345e-07
406.66666667 , 1.015406549078024e-05 , 1.317630702488783e-07
407.50000000 , 9.534544914190311e-06 , 1.275733345112010e-07
408.33333333 , 9.205991238001010e-06 , 1.254445314637122e-07
409.16666667 , 8.782155790671220e-06 , 1.219898027062663e-07
410.00000000 , 7.999473235991114e-06 , 1.162966272956988e-07
410.83333333 , 7.791602492305189e-06 , 1.149329294708083e-07
411.66666667 , 7.480606827079730e-06 , 1.125356586044291e-07
412.50000000 , 7.172989793718737e-06 , 1.100089619962279e-07
413.33333333 , 6.777085024974557e-06 , 1.067123195365499e-07
414.16666667 , 6.188242304974995e-06 , 1.019657206758129e-07
415.00000000 , 5.848914265802180e-06 , 9.915825645462489e-08
415.83333333 , 5.471242085999916e-06 , 9.559348043755049e-08
416.66666667 , 5.256156965466706e-06 , 9.352046199239959e-08
417.50000000 , 4.917335750496927e-06 , 9.057975668459730e-08
418.33333333 , 4.363312334778293e-06 , 8.497766249855670e-08
419.16666667 , 4.320031481720976e-06 , 8.468341296756096e-08
420.00000000 , 3.779125183734989e-06 , 7.875497756965829e-08
420.83333333 , 3.654909138748013e-06 , 7.783145293434744e-08
421.66666667 , 3.283830593338153e-06 , 7.330397315274732e-08
422.50000000 , 3.048390504041474e-06 , 7.096230404645322e-08
423.33333333 , 2.706635351801448e-06 , 6.665827458874075e-08
424.16666667 , 2.457728190660990e-06 , 6.295336856911772e-08
425.00000000 , 2.077311842024293e-06 , 5.802972011005309e-08
425.83333333 , 1.858651226325887e-06 , 5.471508994549656e-08
426.66666667 , 1.747683738791389e-06 , 5.270779499506384e-08
427.50000000 , 1.376558894782815e-06 , 4.684651570667185e-08
428.33333333 , 1.220782406194117e-06 , 4.383860804836843e-08
429.16666667 , 9.607143479462438e-07 , 3.907414601441367e-08
430.00000000 , 7.891638981240065e-07 , 3.506369264670760e-08
430.83333333 , 7.019476488339098e-07 , 3.309085660365432e-08
431.66666667 , 5.092558974770130e-07 , 2.749925839604777e-08
432.50000000 , 3.759080600236826e-07 , 2.356804466050067e-08
433.33333333 , 2.940440713935018e-07 , 2.063499463568631e-08
434.16666667 , 1.603479867459475e-07 , 1.598125758256384e-08
435.00000000 , 1.094093182807677e-07 , 1.272447132917733e-08
435.83333333 , 4.709862135761826e-08 , 1.002934235326397e-08
436.66666667 , 2.055378929679739e-08 , 7.089406943710088e-09
437.50000000 , 0.000000000000000e+00 , 0.000000000000000e+00
438.33333333 , 0.000000000000000e+00 , 0.000000000000000e+00
439.16666667 , 0.000000000000000e+00 , 0.000000000000000e+00
440.00000000 , 0.000000000000000e+00 , 0.000000000000000e+00
440.83333333 , 0.000000000000000e+00 , 0.000000000000000e+00
441.66666667 , 0.000000000000000e+00 , 0.000000000000000e+00
442.50000000 , 0.000000000000000e+00 , 0.000000000000000e+00
443.33333333 , 0.000000000000000e+00 , 0.000000000000000e+00
444.16666667 , 0.000000000000000e+00 , 0.000000000000000e+00
445.00000000 , 0.000000000000000e+00 , 0.000000000000000e+00
445.83333333 , 0.000000000000000e+00 , 0.000000000000000e+00
446.66666667 , 0.000000000000000e+00 , 0.000000000000000e+00
447.50000000 , 0.000000000000000e+00 , 0.000000000000000e+00
448.33333333 , 0.000000000000000e+00 , 0.000000000000000e+00
449.16666667 , 0.000000000000000e+00 , 0.000000000000000e+00
450.00000000 , 0.000000000000000e+00 , 0.000000000000000e+00
450.83333333 , 0.000000000000000e+00 , 0.000000000000000e+00
451.66666667 , 0.000000000000000e+00 , 0.000000000000000e+00
452.50000000 , 0.000000000000000e+00 , 0.000000000000000e+00
453.33333333 , 0.000000000000000e+00 , 0.000000000000000e+00
454.16666667 , 0.000000000000000e+00 , 0.000000000000000e+00
455.00000000 , 0.000000000000000e+00 , 0.000000000000000e+00
455.83333333 , 0.000000000000000e+00 , 0.000000000000000e+00
456.66666667 , 0.000000000000000e+00 , 0.000000000000000e+00
457.50000000 , 0.000000000000000e+00 , 0.000000000000000e+00
458.33333333 , 0.000000000000000e+00 , 0.000000000000000e+00
459.16666667 , 0.000000000000000e+00 , 0.000000000000000e+00
460.00000000 , 0.000000000000000e+00 , 0.000000000000000e+00
460.83333333 , 0.000000000000000e+00 , 0.000000000000000e+00
461.66666667 , 0.000000000000000e+00 , 0.000000000000000e+00
462.50000000 , 0.000000000000000e+00 , 0.000000000000000e+00
463.33333333 , 0.000000000000000e+00 , 0.000000000000000e+00
464.16666667 , 0.000000000000000e+00 , 0.000000000000000e+00
465.00000000 , 0.000000000000000e+00 , 0.000000000000000e+00
465.83333333 , 0.000000000000000e+00 , 0.000000000000000e+00
466.66666667 , 0.000000000000000e+00 , 0.000000000000000e+00
467.50000000 , 0.000000000000000e+00 , 0.000000000000000e+00
468.33333333 , 0.000000000000000e+00 , 0.000000000000000e+00
469.16666667 , 0.000000000000000e+00 , 0.000000000000000e+00
470.00000000 , 0.000000000000000e+00 , 0.000000000000000e+00
470.83333333 , 0.000000000000000e+00 , 0.000000000000000e+00
471.66666667 , 0.000000000000000e+00 , 0.000000000000000e+00
472.50000000 , 0.000000000000000e+00 , 0.000000000000000e+00
473.33333333 , 0.000000000000000e+00 , 0.000000000000000e+00
474.16666667 , 0.000000000000000e+00 , 0.000000000000000e+00
475.00000000 , 0.000000000000000e+00 , 0.000000000000000e+00
475.83333333 , 0.000000000000000e+00 , 0.000000000000000e+00
476.66666667 , 0.000000000000000e+00 , 0.000000000000000e+00
477.50000000 , 0.000000000000000e+00 , 0.000000000000000e+00
478.33333333 , 0.000000000000000e+00 , 0.000000000000000e+00
479.16666667 , 0.000000000000000e+00 , 0.000000000000000e+00
480.00000000 , 0.000000000000000e+00 , 0.000000000000000e+00
480.83333333 , 0.000000000000000e+00 , 0.000000000000000e+00
481.66666667 , 0.000000000000000e+00 , 0.000000000000000e+00
482.50000000 , 0.000000000000000e+00 , 0.000000000000000e+00
483.33333333 , 0.000000000000000e+00 , 0.000000000000000e+00
484.16666667 , 0.000000000000000e+00 , 0.000000000000000e+00
485.00000000 , 0.000000000000000e+00 , 0.000000000000000e+00
485.83333333 , 0.000000000000000e+00 , 0.000000000000000e+00
486.66666667 , 0.000000000000000e+00 , 0.000000000000000e+00
487.50000000 , 0.000000000000000e+00 , 0.000000000000000e+00
488.33333333 , 0.000000000000000e+00 , 0.000000000000000e+00
489.16666667 , 0.000000000000000e+00 , 0.000000000000000e+00
490.00000000 , 0.000000000000000e+00 , 0.000000000000000e+00
490.83333333 , 0.000000000000000e+00 , 0.000000000000000e+00
491.66666667 , 0.000000000000000e+00 , 0.000000000000000e+00
492.50000000 , 0.000000000000000e+00 , 0.000000000000000e+00
493.33333333 , 0.000000000000000e+00 , 0.000000000000000e+00
494.16666667 , 0.000000000000000e+00 , 0.000000000000000e+00
495.00000000 , 0.000000000000000e+00 , 0.000000000000000e+00
495.83333333 , 0.000000000000000e+00 , 0.000000000000000e+00
496.66666667 , 0.000000000000000e+00 , 0.000000000000000e+00
497.50000000 , 0.000000000000000e+00 , 0.000000000000000e+00
498.33333333 , 0.000000000000000e+00 , 0.000000000000000e+00
499.16666667 , 0.000000000000000e+00 , 0.000000000000000e+00
