x_l , NLO , dNLO
30.00000000 , 0.000000000000000e+00 , 0.000000000000000e+00
30.16666667 , 0.000000000000000e+00 , 0.000000000000000e+00
30.33333333 , 0.000000000000000e+00 , 0.000000000000000e+00
30.50000000 , 0.000000000000000e+00 , 0.000000000000000e+00
30.66666667 , 0.000000000000000e+00 , 0.000000000000000e+00
30.83333333 , 0.000000000000000e+00 , 0.000000000000000e+00
31.00000000 , 0.000000000000000e+00 , 0.000000000000000e+00
31.16666667 , 0.000000000000000e+00 , 0.000000000000000e+00
31.33333333 , 0.000000000000000e+00 , 0.000000000000000e+00
31.50000000 , 0.000000000000000e+00 , 0.000000000000000e+00
31.66666667 , 0.000000000000000e+00 , 0.000000000000000e+00
31.83333333 , 0.000000000000000e+00 , 0.000000000000000e+00
32.00000000 , 0.000000000000000e+00 , 0.000000000000000e+00
32.16666667 , 0.000000000000000e+00 , 0.000000000000000e+00
32.33333333 , 0.000000000000000e+00 , 0.000000000000000e+00
32.50000000 , 0.000000000000000e+00 , 0.000000000000000e+00
32.66666667 , 0.000000000000000e+00 , 0.000000000000000e+00
32.83333333 , 0.000000000000000e+00 , 0.000000000000000e+00
33.00000000 , 0.000000000000000e+00 , 0.000000000000000e+00
33.16666667 , 0.000000000000000e+00 , 0.000000000000000e+00
33.33333333 , 0.000000000000000e+00 , 0.000000000000000e+00
33.50000000 , 0.000000000000000e+00 , 0.000000000000000e+00
33.66666667 , 0.000000000000000e+00 , 0.000000000000000e+00
33.83333333 , 0.000000000000000e+00 , 0.000000000000000e+00
34.00000000 , 0.000000000000000e+00 , 0.000000000000000e+00
34.16666667 , 0.000000000000000e+00 , 0.000000000000000e+00
34.33333333 , 0.000000000000000e+00 , 0.000000000000000e+00
34.50000000 , 0.000000000000000e+00 , 0.000000000000000e+00
34.66666667 , 0.000000000000000e+00 , 0.000000000000000e+00
34.83333333 , 0.000000000000000e+00 , 0.000000000000000e+00
35.00000000 , 0.000000000000000e+00 , 0.000000000000000e+00
35.16666667 , 0.000000000000000e+00 , 0.000000000000000e+00
35.33333333 , 0.000000000000000e+00 , 0.000000000000000e+00
35.50000000 , 0.000000000000000e+00 , 0.000000000000000e+00
35.66666667 , 0.000000000000000e+00 , 0.000000000000000e+00
35.83333333 , 0.000000000000000e+00 , 0.000000000000000e+00
36.00000000 , 0.000000000000000e+00 , 0.000000000000000e+00
36.16666667 , 0.000000000000000e+00 , 0.000000000000000e+00
36.33333333 , 0.000000000000000e+00 , 0.000000000000000e+00
36.50000000 , 0.000000000000000e+00 , 0.000000000000000e+00
36.66666667 , 0.000000000000000e+00 , 0.000000000000000e+00
36.83333333 , 0.000000000000000e+00 , 0.000000000000000e+00
37.00000000 , 0.000000000000000e+00 , 0.000000000000000e+00
37.16666667 , 0.000000000000000e+00 , 0.000000000000000e+00
37.33333333 , 0.000000000000000e+00 , 0.000000000000000e+00
37.50000000 , 0.000000000000000e+00 , 0.000000000000000e+00
37.66666667 , 0.000000000000000e+00 , 0.000000000000000e+00
37.83333333 , 0.000000000000000e+00 , 0.000000000000000e+00
38.00000000 , 0.000000000000000e+00 , 0.000000000000000e+00
38.16666667 , 0.000000000000000e+00 , 0.000000000000000e+00
38.33333333 , 0.000000000000000e+00 , 0.000000000000000e+00
38.50000000 , 0.000000000000000e+00 , 0.000000000000000e+00
38.66666667 , 0.000000000000000e+00 , 0.000000000000000e+00
38.83333333 , 0.000000000000000e+00 , 0.000000000000000e+00
39.00000000 , 0.000000000000000e+00 , 0.000000000000000e+00
39.16666667 , 0.000000000000000e+00 , 0.000000000000000e+00
39.33333333 , 0.000000000000000e+00 , 0.000000000000000e+00
39.50000000 , 0.000000000000000e+00 , 0.000000000000000e+00
39.66666667 , 0.000000000000000e+00 , 0.000000000000000e+00
39.83333333 , 0.000000000000000e+00 , 0.000000000000000e+00
40.00000000 , 0.000000000000000e+00 , 0.000000000000000e+00
40.16666667 , 0.000000000000000e+00 , 0.000000000000000e+00
40.33333333 , 0.000000000000000e+00 , 0.000000000000000e+00
40.50000000 , 0.000000000000000e+00 , 0.000000000000000e+00
40.66666667 , 0.000000000000000e+00 , 0.000000000000000e+00
40.83333333 , 0.000000000000000e+00 , 0.000000000000000e+00
41.00000000 , 0.000000000000000e+00 , 0.000000000000000e+00
41.16666667 , 0.000000000000000e+00 , 0.000000000000000e+00
41.33333333 , 0.000000000000000e+00 , 0.000000000000000e+00
41.50000000 , 0.000000000000000e+00 , 0.000000000000000e+00
41.66666667 , 0.000000000000000e+00 , 0.000000000000000e+00
41.83333333 , 0.000000000000000e+00 , 0.000000000000000e+00
42.00000000 , 0.000000000000000e+00 , 0.000000000000000e+00
42.16666667 , 0.000000000000000e+00 , 0.000000000000000e+00
42.33333333 , 0.000000000000000e+00 , 0.000000000000000e+00
42.50000000 , 0.000000000000000e+00 , 0.000000000000000e+00
42.66666667 , 0.000000000000000e+00 , 0.000000000000000e+00
42.83333333 , 0.000000000000000e+00 , 0.000000000000000e+00
43.00000000 , 0.000000000000000e+00 , 0.000000000000000e+00
43.16666667 , 0.000000000000000e+00 , 0.000000000000000e+00
43.33333333 , 0.000000000000000e+00 , 0.000000000000000e+00
43.50000000 , 0.000000000000000e+00 , 0.000000000000000e+00
43.66666667 , 0.000000000000000e+00 , 0.000000000000000e+00
43.83333333 , 0.000000000000000e+00 , 0.000000000000000e+00
44.00000000 , 0.000000000000000e+00 , 0.000000000000000e+00
44.16666667 , 0.000000000000000e+00 , 0.000000000000000e+00
44.33333333 , 0.000000000000000e+00 , 0.000000000000000e+00
44.50000000 , 0.000000000000000e+00 , 0.000000000000000e+00
44.66666667 , 0.000000000000000e+00 , 0.000000000000000e+00
44.83333333 , 0.000000000000000e+00 , 0.000000000000000e+00
45.00000000 , 0.000000000000000e+00 , 0.000000000000000e+00
45.16666667 , 0.000000000000000e+00 , 0.000000000000000e+00
45.33333333 , 0.000000000000000e+00 , 0.000000000000000e+00
45.50000000 , 0.000000000000000e+00 , 0.000000000000000e+00
45.66666667 , 0.000000000000000e+00 , 0.000000000000000e+00
45.83333333 , 0.000000000000000e+00 , 0.000000000000000e+00
46.00000000 , 0.000000000000000e+00 , 0.000000000000000e+00
46.16666667 , 0.000000000000000e+00 , 0.000000000000000e+00
46.33333333 , 0.000000000000000e+00 , 0.000000000000000e+00
46.50000000 , 0.000000000000000e+00 , 0.000000000000000e+00
46.66666667 , 0.000000000000000e+00 , 0.000000000000000e+00
46.83333333 , 0.000000000000000e+00 , 0.000000000000000e+00
47.00000000 , 0.000000000000000e+00 , 0.000000000000000e+00
47.16666667 , 0.000000000000000e+00 , 0.000000000000000e+00
47.33333333 , 0.000000000000000e+00 , 0.000000000000000e+00
47.50000000 , 0.000000000000000e+00 , 0.000000000000000e+00
47.66666667 , 0.000000000000000e+00 , 0.000000000000000e+00
47.83333333 , 0.000000000000000e+00 , 0.000000000000000e+00
48.00000000 , 0.000000000000000e+00 , 0.000000000000000e+00
48.16666667 , 0.000000000000000e+00 , 0.000000000000000e+00
48.33333333 , 0.000000000000000e+00 , 0.000000000000000e+00
48.50000000 , 0.000000000000000e+00 , 0.000000000000000e+00
48.66666667 , 0.000000000000000e+00 , 0.000000000000000e+00
48.83333333 , 0.000000000000000e+00 , 0.000000000000000e+00
49.00000000 , 0.000000000000000e+00 , 0.000000000000000e+00
49.16666667 , 0.000000000000000e+00 , 0.000000000000000e+00
49.33333333 , 0.000000000000000e+00 , 0.000000000000000e+00
49.50000000 , 0.000000000000000e+00 , 0.000000000000000e+00
49.66666667 , 0.000000000000000e+00 , 0.000000000000000e+00
49.83333333 , 0.000000000000000e+00 , 0.000000000000000e+00
50.00000000 , 8.115804978400525e-03 , 8.277230685475288e-06
50.16666667 , 8.169478925492706e-03 , 8.312147089017936e-06
50.33333333 , 8.203862737101043e-03 , 8.326605792544295e-06
50.50000000 , 8.233933243558403e-03 , 8.338595175641334e-06
50.66666667 , 8.277978212616836e-03 , 8.357510376894049e-06
50.83333333 , 8.319085684926252e-03 , 8.383143273710176e-06
51.00000000 , 8.360290200158702e-03 , 8.402982146926902e-06
51.16666667 , 8.401848840288080e-03 , 8.420685337633239e-06
51.33333333 , 8.444967196270914e-03 , 8.441068433805697e-06
51.50000000 , 8.487494612340551e-03 , 8.461811084370893e-06
51.66666667 , 8.524394497027292e-03 , 8.482631861554162e-06
51.83333333 , 8.553156973419150e-03 , 8.497154539471357e-06
52.00000000 , 8.595418900636125e-03 , 8.516425471786737e-06
52.16666667 , 8.663136068354881e-03 , 8.553164359578222e-06
52.33333333 , 8.673565396867311e-03 , 8.553432292095928e-06
52.50000000 , 8.728380131062342e-03 , 8.588868620314600e-06
52.66666667 , 8.765424648927730e-03 , 8.601803779449167e-06
52.83333333 , 8.806732208835611e-03 , 8.625213782710382e-06
53.00000000 , 8.850498338378554e-03 , 8.644491927235033e-06
53.16666667 , 8.904979234655547e-03 , 8.678652897587271e-06
53.33333333 , 8.932710951080858e-03 , 8.686783820093261e-06
53.50000000 , 8.980166388272521e-03 , 8.713026317786242e-06
53.66666667 , 9.017388627771135e-03 , 8.726555260652816e-06
53.83333333 , 9.063459549550063e-03 , 8.754308367669635e-06
54.00000000 , 9.118291673519699e-03 , 8.779532646662074e-06
54.16666667 , 9.184572824515336e-03 , 8.810060773032535e-06
54.33333333 , 9.290922865066158e-03 , 8.869083579767106e-06
54.50000000 , 9.381398020935386e-03 , 8.909198292392560e-06
54.66666667 , 9.490096251239161e-03 , 8.965765170080942e-06
54.83333333 , 9.585469342758529e-03 , 9.012984970782759e-06
55.00000000 , 9.694195604611855e-03 , 9.076416329643255e-06
55.16666667 , 9.805047244644762e-03 , 9.124306202177372e-06
55.33333333 , 9.894032200020357e-03 , 9.166727647087666e-06
55.50000000 , 9.995421998648399e-03 , 9.219643575239983e-06
55.66666667 , 1.010289156388428e-02 , 9.275753132075408e-06
55.83333333 , 1.019592497817749e-02 , 9.316948399637726e-06
56.00000000 , 1.028314896378761e-02 , 9.366184858148975e-06
56.16666667 , 1.038977599211068e-02 , 9.417170658862548e-06
56.33333333 , 1.047375009951623e-02 , 9.458551196332641e-06
56.50000000 , 1.055972986322013e-02 , 9.496213050117873e-06
56.66666667 , 1.065591949262146e-02 , 9.541016654918952e-06
56.83333333 , 1.074133321548795e-02 , 9.582523760332189e-06
57.00000000 , 1.084350825903279e-02 , 9.633208389509092e-06
57.16666667 , 1.091989431228845e-02 , 9.673425882760366e-06
57.33333333 , 1.101154676428285e-02 , 9.711054002357940e-06
57.50000000 , 1.110068614752761e-02 , 9.753314949065425e-06
57.66666667 , 1.118421892569840e-02 , 9.793307809099645e-06
57.83333333 , 1.128346730695342e-02 , 9.839227116159314e-06
58.00000000 , 1.134489858575879e-02 , 9.863724452077799e-06
58.16666667 , 1.144269247024677e-02 , 9.909136011312836e-06
58.33333333 , 1.151079709993912e-02 , 9.935056674564487e-06
58.50000000 , 1.159583237086066e-02 , 9.982986157387274e-06
58.66666667 , 1.165638414713968e-02 , 1.000462263954713e-05
58.83333333 , 1.175107761789289e-02 , 1.004602641447974e-05
59.00000000 , 1.182944706725469e-02 , 1.008639498261612e-05
59.16666667 , 1.190266820645921e-02 , 1.011904880147168e-05
59.33333333 , 1.198283985577259e-02 , 1.015397689387478e-05
59.50000000 , 1.206801430927569e-02 , 1.019335224293579e-05
59.66666667 , 1.212594836837928e-02 , 1.021777293190079e-05
59.83333333 , 1.221518279739528e-02 , 1.025536760831421e-05
60.00000000 , 1.228642028198148e-02 , 1.028716075808794e-05
60.16666667 , 1.235885685900186e-02 , 1.032070483985606e-05
60.33333333 , 1.247402615111603e-02 , 1.037045687182525e-05
60.50000000 , 1.250149714893688e-02 , 1.038149004330547e-05
60.66666667 , 1.258517676856960e-02 , 1.041586348197970e-05
60.83333333 , 1.267167671654043e-02 , 1.045564447509932e-05
61.00000000 , 1.271292562533202e-02 , 1.047106111395492e-05
61.16666667 , 1.280183855669010e-02 , 1.051390685383232e-05
61.33333333 , 1.285985586339779e-02 , 1.053413856677750e-05
61.50000000 , 1.292144230468455e-02 , 1.055889861243033e-05
61.66666667 , 1.299505907249114e-02 , 1.059361668387163e-05
61.83333333 , 1.307093400008224e-02 , 1.062843951582818e-05
62.00000000 , 1.313979476781655e-02 , 1.065325468217145e-05
62.16666667 , 1.320369042973311e-02 , 1.068702547944841e-05
62.33333333 , 1.328718027439512e-02 , 1.071775724698897e-05
62.50000000 , 1.335359668151238e-02 , 1.074708688301583e-05
62.66666667 , 1.340843203671090e-02 , 1.076894166530136e-05
62.83333333 , 1.347032164371857e-02 , 1.079531649115900e-05
63.00000000 , 1.355466815537158e-02 , 1.083222139594335e-05
63.16666667 , 1.360689056223824e-02 , 1.085387023943125e-05
63.33333333 , 1.364788374945908e-02 , 1.086944766154879e-05
63.50000000 , 1.373661803359308e-02 , 1.090410088570088e-05
63.66666667 , 1.380662501823772e-02 , 1.094157641455648e-05
63.83333333 , 1.388511705440728e-02 , 1.097431338702588e-05
64.00000000 , 1.391940245921180e-02 , 1.098339831495152e-05
64.16666667 , 1.398140680452405e-02 , 1.101124196026687e-05
64.33333333 , 1.404282556902016e-02 , 1.103291034214409e-05
64.50000000 , 1.412533203504777e-02 , 1.107394813996906e-05
64.66666667 , 1.415842493070671e-02 , 1.108272754056505e-05
64.83333333 , 1.422526081455718e-02 , 1.110956542333051e-05
65.00000000 , 1.428350078711675e-02 , 1.114253310394632e-05
65.16666667 , 1.433079442956470e-02 , 1.115967707061746e-05
65.33333333 , 1.438735610674218e-02 , 1.118654955297196e-05
65.50000000 , 1.443675703194230e-02 , 1.120626543632545e-05
65.66666667 , 1.451098521589531e-02 , 1.123756710858980e-05
65.83333333 , 1.453955922749602e-02 , 1.124777268941808e-05
66.00000000 , 1.459854456795166e-02 , 1.127071429375310e-05
66.16666667 , 1.464543472690179e-02 , 1.128967064395754e-05
66.33333333 , 1.468053616140992e-02 , 1.130541175706959e-05
66.50000000 , 1.474472099985752e-02 , 1.133481655298514e-05
66.66666667 , 1.477893017026962e-02 , 1.135147757485862e-05
66.83333333 , 1.480396863537279e-02 , 1.135168789969775e-05
67.00000000 , 1.487562074143492e-02 , 1.138771245995010e-05
67.16666667 , 1.494250228200680e-02 , 1.141989313244145e-05
67.33333333 , 1.496766902670290e-02 , 1.142432492147668e-05
67.50000000 , 1.502105235195912e-02 , 1.145054472924760e-05
67.66666667 , 1.504085470798588e-02 , 1.145574728264749e-05
67.83333333 , 1.510713362929358e-02 , 1.148947171124235e-05
68.00000000 , 1.516163103057971e-02 , 1.151077525276121e-05
68.16666667 , 1.521144251777990e-02 , 1.153454910949171e-05
68.33333333 , 1.524496997668454e-02 , 1.154679345149851e-05
68.50000000 , 1.528377576507230e-02 , 1.156296896273857e-05
68.66666667 , 1.531681119109763e-02 , 1.157451177036087e-05
68.83333333 , 1.537196983900956e-02 , 1.160064126452451e-05
69.00000000 , 1.540342414130436e-02 , 1.161230314528703e-05
69.16666667 , 1.543286984277846e-02 , 1.162528395904049e-05
69.33333333 , 1.550212180333617e-02 , 1.165461027179000e-05
69.50000000 , 1.554764335572031e-02 , 1.167785302099575e-05
69.66666667 , 1.557591698882464e-02 , 1.168920993324945e-05
69.83333333 , 1.561507958185468e-02 , 1.170454196194692e-05
70.00000000 , 1.565972211939904e-02 , 1.172506498706172e-05
70.16666667 , 1.567074944894989e-02 , 1.172428451030632e-05
70.33333333 , 1.575146983449422e-02 , 1.176162139013015e-05
70.50000000 , 1.577951980949989e-02 , 1.177072765475816e-05
70.66666667 , 1.580738846784595e-02 , 1.178503284517155e-05
70.83333333 , 1.585404153388830e-02 , 1.180480345755198e-05
71.00000000 , 1.588316413840994e-02 , 1.181748953589312e-05
71.16666667 , 1.592176813157882e-02 , 1.183288716902989e-05
71.33333333 , 1.599377931472086e-02 , 1.186393224232882e-05
71.50000000 , 1.601668677462860e-02 , 1.187557111658634e-05
71.66666667 , 1.606111238897833e-02 , 1.189061325553966e-05
71.83333333 , 1.609142355080598e-02 , 1.190608716173873e-05
72.00000000 , 1.612811313341361e-02 , 1.192216718639681e-05
72.16666667 , 1.617366534100736e-02 , 1.193963429589779e-05
72.33333333 , 1.619062453138338e-02 , 1.195140024547592e-05
72.50000000 , 1.623812164668168e-02 , 1.197089740307609e-05
72.66666667 , 1.627280477815054e-02 , 1.198510720991379e-05
72.83333333 , 1.629083231706067e-02 , 1.199385929340088e-05
73.00000000 , 1.632596047591888e-02 , 1.201012276840355e-05
73.16666667 , 1.636324144593152e-02 , 1.202512540606047e-05
73.33333333 , 1.641495137005389e-02 , 1.204686067026486e-05
73.50000000 , 1.644051613181827e-02 , 1.206023084154199e-05
73.66666667 , 1.648043105829821e-02 , 1.207395050858928e-05
73.83333333 , 1.648263168947178e-02 , 1.207877660182255e-05
74.00000000 , 1.654033914912628e-02 , 1.210465516345604e-05
74.16666667 , 1.657973296164871e-02 , 1.212084393924568e-05
74.33333333 , 1.659004012405891e-02 , 1.212287591743031e-05
74.50000000 , 1.663176951526152e-02 , 1.214365039313938e-05
74.66666667 , 1.666760459973407e-02 , 1.215764737098972e-05
74.83333333 , 1.666927667764369e-02 , 1.215872465754748e-05
75.00000000 , 1.672868684801095e-02 , 1.218732507011685e-05
75.16666667 , 1.677542146179323e-02 , 1.220588936961410e-05
75.33333333 , 1.677421286134334e-02 , 1.220598697512370e-05
75.50000000 , 1.681358018394666e-02 , 1.222305975418320e-05
75.66666667 , 1.686201308446244e-02 , 1.224512809869016e-05
75.83333333 , 1.687581639176522e-02 , 1.225315745314453e-05
76.00000000 , 1.691437825534439e-02 , 1.227012192038656e-05
76.16666667 , 1.695261343146027e-02 , 1.228835293648352e-05
76.33333333 , 1.696676432137048e-02 , 1.229619080674421e-05
76.50000000 , 1.698381718297485e-02 , 1.230241859905190e-05
76.66666667 , 1.701895799745915e-02 , 1.231642356902081e-05
76.83333333 , 1.704953330915271e-02 , 1.233171909741245e-05
77.00000000 , 1.709712418536496e-02 , 1.235140619337251e-05
77.16666667 , 1.710880406935562e-02 , 1.236060391655779e-05
77.33333333 , 1.711483745286902e-02 , 1.236440341944048e-05
77.50000000 , 1.716602864252638e-02 , 1.238868045843124e-05
77.66666667 , 1.718427816662782e-02 , 1.239416047040426e-05
77.83333333 , 1.721371531989730e-02 , 1.240766281526221e-05
78.00000000 , 1.723384750017681e-02 , 1.241808789639814e-05
78.16666667 , 1.726580672523885e-02 , 1.243203340001860e-05
78.33333333 , 1.726459994559894e-02 , 1.243727170942702e-05
78.50000000 , 1.730371903555184e-02 , 1.245166743957559e-05
78.66666667 , 1.731946751436684e-02 , 1.245831696631334e-05
78.83333333 , 1.736884067938927e-02 , 1.248646535775029e-05
79.00000000 , 1.737301724458682e-02 , 1.248461036575397e-05
79.16666667 , 1.739599076989862e-02 , 1.249462215995100e-05
79.33333333 , 1.742702623751324e-02 , 1.251287645407521e-05
79.50000000 , 1.744032641382376e-02 , 1.252297673995059e-05
79.66666667 , 1.745278303753707e-02 , 1.252552936318400e-05
79.83333333 , 1.750836696274707e-02 , 1.255195260669912e-05
80.00000000 , 1.752038312096622e-02 , 1.255725498025626e-05
80.16666667 , 1.753158906324019e-02 , 1.256557020778822e-05
80.33333333 , 1.754394364557010e-02 , 1.256994741014052e-05
80.50000000 , 1.756243681510478e-02 , 1.258027183090623e-05
80.66666667 , 1.758484582263126e-02 , 1.259045105199904e-05
80.83333333 , 1.762049653843955e-02 , 1.260977394013955e-05
81.00000000 , 1.764152202057945e-02 , 1.262017700259686e-05
81.16666667 , 1.766398614694722e-02 , 1.263135441376497e-05
81.33333333 , 1.769454269399652e-02 , 1.264752886595791e-05
81.50000000 , 1.769271277816648e-02 , 1.264704590681368e-05
81.66666667 , 1.772528671082561e-02 , 1.266731572631401e-05
81.83333333 , 1.769789278620755e-02 , 1.265546451897756e-05
82.00000000 , 1.775435158256657e-02 , 1.267961992859830e-05
82.16666667 , 1.777092601891491e-02 , 1.269149572197754e-05
82.33333333 , 1.779091583908633e-02 , 1.270194359584490e-05
82.50000000 , 1.782789113479445e-02 , 1.271723954709075e-05
82.66666667 , 1.780808663324820e-02 , 1.271080063721894e-05
82.83333333 , 1.784167648633417e-02 , 1.273064510272528e-05
83.00000000 , 1.785984150220292e-02 , 1.274061454511664e-05
83.16666667 , 1.785798921371330e-02 , 1.273891514375699e-05
83.33333333 , 1.788526209718519e-02 , 1.275594547680816e-05
83.50000000 , 1.789236193512291e-02 , 1.275733173959553e-05
83.66666667 , 1.793113897966868e-02 , 1.278062610389106e-05
83.83333333 , 1.790885218982865e-02 , 1.277236653245595e-05
84.00000000 , 1.793916202126485e-02 , 1.278904372940306e-05
84.16666667 , 1.797314420772498e-02 , 1.280629410039231e-05
84.33333333 , 1.798020338230680e-02 , 1.280895827109975e-05
84.50000000 , 1.796797965632344e-02 , 1.281143597820806e-05
84.66666667 , 1.798530373312551e-02 , 1.281861843744294e-05
84.83333333 , 1.803039822679626e-02 , 1.284072970681791e-05
85.00000000 , 1.802697301670849e-02 , 1.284122280033501e-05
85.16666667 , 1.803328780808019e-02 , 1.284666477388185e-05
85.33333333 , 1.804531811920061e-02 , 1.285485855263353e-05
85.50000000 , 1.806558951036950e-02 , 1.286407614707954e-05
85.66666667 , 1.806652988915756e-02 , 1.286847704763041e-05
85.83333333 , 1.807253610871177e-02 , 1.287531108936460e-05
86.00000000 , 1.809794673397503e-02 , 1.288869694167996e-05
86.16666667 , 1.806734895286361e-02 , 1.288012792539519e-05
86.33333333 , 1.809108717054858e-02 , 1.289032321561371e-05
86.50000000 , 1.811701346258692e-02 , 1.290793159087058e-05
86.66666667 , 1.813864200096041e-02 , 1.291881846549470e-05
86.83333333 , 1.814201988036692e-02 , 1.292509703400880e-05
87.00000000 , 1.815109941962632e-02 , 1.292980556117000e-05
87.16666667 , 1.813483261810844e-02 , 1.292721273916451e-05
87.33333333 , 1.817120985304504e-02 , 1.294265462717294e-05
87.50000000 , 1.817965712615637e-02 , 1.295216817028465e-05
87.66666667 , 1.816222126123278e-02 , 1.294978843372576e-05
87.83333333 , 1.816389645146348e-02 , 1.294944859326859e-05
88.00000000 , 1.820125078678613e-02 , 1.297561898885881e-05
88.16666667 , 1.819533876607823e-02 , 1.297297342051502e-05
88.33333333 , 1.819536198774931e-02 , 1.297767299734110e-05
88.50000000 , 1.820198321935453e-02 , 1.298490776501282e-05
88.66666667 , 1.821515717846789e-02 , 1.299154199276611e-05
88.83333333 , 1.821500715094564e-02 , 1.299593184467947e-05
89.00000000 , 1.821343265004686e-02 , 1.300067187746404e-05
89.16666667 , 1.820925450246422e-02 , 1.300184694169793e-05
89.33333333 , 1.823798211746427e-02 , 1.301647522896399e-05
89.50000000 , 1.823958615390214e-02 , 1.302128939594093e-05
89.66666667 , 1.821710897120217e-02 , 1.301706965692189e-05
89.83333333 , 1.821838030984796e-02 , 1.301696390195662e-05
90.00000000 , 1.825564717005518e-02 , 1.304121071760646e-05
90.16666667 , 1.826446870540955e-02 , 1.305052954249775e-05
90.33333333 , 1.824135762877932e-02 , 1.304080714711500e-05
90.50000000 , 1.822850627678682e-02 , 1.303777271649780e-05
90.66666667 , 1.823399204286280e-02 , 1.304622372269640e-05
90.83333333 , 1.825814005875549e-02 , 1.306297466633640e-05
91.00000000 , 1.823064543950603e-02 , 1.305399839762408e-05
91.16666667 , 1.822495353105816e-02 , 1.305462311078552e-05
91.33333333 , 1.825940703437611e-02 , 1.307320483931294e-05
91.50000000 , 1.824848880266784e-02 , 1.307442740202220e-05
91.66666667 , 1.827013831261855e-02 , 1.309055491290074e-05
91.83333333 , 1.824680667189545e-02 , 1.308332437484644e-05
92.00000000 , 1.825234198934688e-02 , 1.309068037715156e-05
92.16666667 , 1.824182672665082e-02 , 1.309334071687193e-05
92.33333333 , 1.823152202934670e-02 , 1.308738061086930e-05
92.50000000 , 1.822727254608089e-02 , 1.309371518991174e-05
92.66666667 , 1.823873111544313e-02 , 1.310098285303771e-05
92.83333333 , 1.820123570524113e-02 , 1.308596525925954e-05
93.00000000 , 1.820402839731306e-02 , 1.309466395306864e-05
93.16666667 , 1.819832792943205e-02 , 1.309797542855245e-05
93.33333333 , 1.821661502112460e-02 , 1.311056729427465e-05
93.50000000 , 1.821016934772487e-02 , 1.311314701494597e-05
93.66666667 , 1.822943092003676e-02 , 1.312553134988002e-05
93.83333333 , 1.821448558014394e-02 , 1.312820051813574e-05
94.00000000 , 1.821144147766984e-02 , 1.313193027974328e-05
94.16666667 , 1.821512499010750e-02 , 1.313325293375303e-05
94.33333333 , 1.816117666478313e-02 , 1.311743806287487e-05
94.50000000 , 1.820641436664422e-02 , 1.314033998438133e-05
94.66666667 , 1.814223568824322e-02 , 1.312025775344960e-05
94.83333333 , 1.817078233598249e-02 , 1.313671889861748e-05
95.00000000 , 1.816198735474796e-02 , 1.313723036981721e-05
95.16666667 , 1.814182083913116e-02 , 1.313306904799285e-05
95.33333333 , 1.813494731646438e-02 , 1.313592239029616e-05
95.50000000 , 1.818342916865093e-02 , 1.316265623695095e-05
95.66666667 , 1.811198244589375e-02 , 1.313725158525172e-05
95.83333333 , 1.809308681564465e-02 , 1.313465167827096e-05
96.00000000 , 1.812851660334987e-02 , 1.315480771838196e-05
96.16666667 , 1.810412122261033e-02 , 1.315128403060468e-05
96.33333333 , 1.809907950507522e-02 , 1.315139570124800e-05
96.50000000 , 1.807412866974926e-02 , 1.314815867981277e-05
96.66666667 , 1.807161450780553e-02 , 1.315171903518663e-05
96.83333333 , 1.805850429771130e-02 , 1.314913799212951e-05
97.00000000 , 1.802464961577523e-02 , 1.314234554789177e-05
97.16666667 , 1.803891153728581e-02 , 1.315420772643137e-05
97.33333333 , 1.801256773447916e-02 , 1.314534353554356e-05
97.50000000 , 1.800084087191817e-02 , 1.314852761290860e-05
97.66666667 , 1.801300551834821e-02 , 1.315837578235524e-05
97.83333333 , 1.799161829964870e-02 , 1.315521402215298e-05
98.00000000 , 1.796631983494113e-02 , 1.315393951968637e-05
98.16666667 , 1.795632895616502e-02 , 1.315236948876242e-05
98.33333333 , 1.792012895509787e-02 , 1.314522607100290e-05
98.50000000 , 1.792181557922369e-02 , 1.314885820005938e-05
98.66666667 , 1.791380044270190e-02 , 1.314898155386650e-05
98.83333333 , 1.788727074753924e-02 , 1.314709506589861e-05
99.00000000 , 1.788701206121506e-02 , 1.314842753091419e-05
99.16666667 , 1.787145357837214e-02 , 1.314881452139800e-05
99.33333333 , 1.783349482568368e-02 , 1.313408219052824e-05
99.50000000 , 1.785556862931357e-02 , 1.314741820973025e-05
99.66666667 , 1.782698084229141e-02 , 1.314612017863102e-05
99.83333333 , 1.780464717447579e-02 , 1.314619564927046e-05
100.00000000 , 1.780378113540966e-02 , 1.314461793438288e-05
100.16666667 , 1.776304251607442e-02 , 1.313792440631237e-05
100.33333333 , 1.774797972618216e-02 , 1.313883542173399e-05
100.50000000 , 1.774717002020295e-02 , 1.314155327487952e-05
100.66666667 , 1.772087055362129e-02 , 1.313964790092359e-05
100.83333333 , 1.768008776285783e-02 , 1.312547729356645e-05
101.00000000 , 1.767996754555008e-02 , 1.313267000079008e-05
101.16666667 , 1.764804376420009e-02 , 1.312360823794462e-05
101.33333333 , 1.763452153114219e-02 , 1.312637525233358e-05
101.50000000 , 1.762231372224151e-02 , 1.312641904381965e-05
101.66666667 , 1.759668877326400e-02 , 1.312416612461085e-05
101.83333333 , 1.758210568501254e-02 , 1.311841636814966e-05
102.00000000 , 1.754449713590273e-02 , 1.311268716098828e-05
102.16666667 , 1.753806377079348e-02 , 1.311461435100537e-05
102.33333333 , 1.752722176015932e-02 , 1.311742559341630e-05
102.50000000 , 1.750284115833208e-02 , 1.311190298947618e-05
102.66666667 , 1.749113024019316e-02 , 1.311662023314470e-05
102.83333333 , 1.745554391049774e-02 , 1.310632076659418e-05
103.00000000 , 1.742919802274764e-02 , 1.309834755178887e-05
103.16666667 , 1.739691842987501e-02 , 1.309158642988539e-05
103.33333333 , 1.737462389949222e-02 , 1.308897422024344e-05
103.50000000 , 1.733359136526486e-02 , 1.307084248698315e-05
103.66666667 , 1.733136763081868e-02 , 1.308258074640542e-05
103.83333333 , 1.727746273324282e-02 , 1.306629611009522e-05
104.00000000 , 1.725977021585792e-02 , 1.306369901689268e-05
104.16666667 , 1.724269423895101e-02 , 1.305726468473532e-05
104.33333333 , 1.723576040575363e-02 , 1.306939215962488e-05
104.50000000 , 1.720879415238484e-02 , 1.306531974973034e-05
104.66666667 , 1.717327056317140e-02 , 1.304976139961343e-05
104.83333333 , 1.712994656822127e-02 , 1.303821181574193e-05
105.00000000 , 1.710900317763579e-02 , 1.303858632030774e-05
105.16666667 , 1.707988506779867e-02 , 1.303479114251990e-05
105.33333333 , 1.704532907466135e-02 , 1.301968967342974e-05
105.50000000 , 1.704366904279873e-02 , 1.302980208056590e-05
105.66666667 , 1.701060658293503e-02 , 1.301856254784791e-05
105.83333333 , 1.699244457691402e-02 , 1.302248734487493e-05
106.00000000 , 1.694590716614366e-02 , 1.300520909943844e-05
106.16666667 , 1.691951430198594e-02 , 1.299993627681634e-05
106.33333333 , 1.687028616202654e-02 , 1.298431389906390e-05
106.50000000 , 1.689463743542116e-02 , 1.300358286856301e-05
106.66666667 , 1.683247930854621e-02 , 1.298141026903704e-05
106.83333333 , 1.678894155964333e-02 , 1.296472420210215e-05
107.00000000 , 1.675901006885936e-02 , 1.296512815640564e-05
107.16666667 , 1.672656035525207e-02 , 1.295545885296246e-05
107.33333333 , 1.668427753663036e-02 , 1.294513693888475e-05
107.50000000 , 1.665364793620494e-02 , 1.293787576400058e-05
107.66666667 , 1.663677752736706e-02 , 1.293590624765120e-05
107.83333333 , 1.662800298802136e-02 , 1.294123818186067e-05
108.00000000 , 1.655689422837529e-02 , 1.291671730288704e-05
108.16666667 , 1.655527837985391e-02 , 1.292524595637240e-05
108.33333333 , 1.648539643959529e-02 , 1.289540210313796e-05
108.50000000 , 1.646606742639207e-02 , 1.289717423121384e-05
108.66666667 , 1.643009549414268e-02 , 1.288443301835845e-05
108.83333333 , 1.640000431526530e-02 , 1.287915076814336e-05
109.00000000 , 1.634633613236886e-02 , 1.286303541116731e-05
109.16666667 , 1.632658664930997e-02 , 1.285657650411018e-05
109.33333333 , 1.629534050702072e-02 , 1.285126046975531e-05
109.50000000 , 1.624854370993837e-02 , 1.284029199576250e-05
109.66666667 , 1.621588425737817e-02 , 1.283489599456376e-05
109.83333333 , 1.617081585929381e-02 , 1.281895976354233e-05
110.00000000 , 1.611922304516064e-02 , 1.280377844303121e-05
110.16666667 , 1.611561476602571e-02 , 1.280970240230366e-05
110.33333333 , 1.606439573734053e-02 , 1.279224619301364e-05
110.50000000 , 1.600379838248137e-02 , 1.277291720776609e-05
110.66666667 , 1.599719955758952e-02 , 1.277676184998770e-05
110.83333333 , 1.594356980935920e-02 , 1.275815956277592e-05
111.00000000 , 1.590647752533004e-02 , 1.275028236868842e-05
111.16666667 , 1.586844323736667e-02 , 1.273344748464459e-05
111.33333333 , 1.581310957830055e-02 , 1.271808723319698e-05
111.50000000 , 1.578662493101966e-02 , 1.271581940493693e-05
111.66666667 , 1.575207467003661e-02 , 1.270709271513844e-05
111.83333333 , 1.569072300206353e-02 , 1.268653832380202e-05
112.00000000 , 1.563089678776145e-02 , 1.266411593555285e-05
112.16666667 , 1.559925766783251e-02 , 1.265841849859627e-05
112.33333333 , 1.557651523800762e-02 , 1.265275115232843e-05
112.50000000 , 1.550662812077716e-02 , 1.262367886095606e-05
112.66666667 , 1.549918455514368e-02 , 1.263595587156984e-05
112.83333333 , 1.543913208807450e-02 , 1.260948878660984e-05
113.00000000 , 1.536543576640339e-02 , 1.258241015620257e-05
113.16666667 , 1.535415101383943e-02 , 1.258877483922409e-05
113.33333333 , 1.529841007538530e-02 , 1.256727869028003e-05
113.50000000 , 1.524478056801855e-02 , 1.254899625535226e-05
113.66666667 , 1.519467878120810e-02 , 1.253790632538603e-05
113.83333333 , 1.516172801794397e-02 , 1.253208141636785e-05
114.00000000 , 1.510896482091173e-02 , 1.250890845781154e-05
114.16666667 , 1.506863373609476e-02 , 1.249660694437099e-05
114.33333333 , 1.502466948531971e-02 , 1.248686830310011e-05
114.50000000 , 1.496133257435386e-02 , 1.245817066969234e-05
114.66666667 , 1.490373768195229e-02 , 1.244005768900131e-05
114.83333333 , 1.483563584096908e-02 , 1.242181747758313e-05
115.00000000 , 1.479580827991941e-02 , 1.240635844297281e-05
115.16666667 , 1.475565406785835e-02 , 1.239754336064213e-05
115.33333333 , 1.467718039493534e-02 , 1.236314222811144e-05
115.50000000 , 1.463550240511820e-02 , 1.235723929272865e-05
115.66666667 , 1.456269447434204e-02 , 1.232375344336229e-05
115.83333333 , 1.451482935812693e-02 , 1.231516130487788e-05
116.00000000 , 1.441760746162512e-02 , 1.227337875250052e-05
116.16666667 , 1.437524036386200e-02 , 1.226259719613023e-05
116.33333333 , 1.433689255152367e-02 , 1.225103714352418e-05
116.50000000 , 1.424301601475991e-02 , 1.221478394559792e-05
116.66666667 , 1.418107357704600e-02 , 1.219085530362999e-05
116.83333333 , 1.411973655202488e-02 , 1.217108161872393e-05
117.00000000 , 1.405248680734711e-02 , 1.215388985383019e-05
117.16666667 , 1.399585802799959e-02 , 1.213066486657795e-05
117.33333333 , 1.392969887658890e-02 , 1.210773713184136e-05
117.50000000 , 1.388372936666811e-02 , 1.209579671923399e-05
117.66666667 , 1.380958236128328e-02 , 1.206938683577944e-05
117.83333333 , 1.372077763260851e-02 , 1.202781748125132e-05
118.00000000 , 1.366494958227903e-02 , 1.201624307161864e-05
118.16666667 , 1.360596614607363e-02 , 1.198842950570732e-05
118.33333333 , 1.353715531592278e-02 , 1.196872061608506e-05
118.50000000 , 1.347379344207961e-02 , 1.194065192055872e-05
118.66666667 , 1.339991099008808e-02 , 1.191756072839655e-05
118.83333333 , 1.328535732994109e-02 , 1.186014397043979e-05
119.00000000 , 1.323647243371688e-02 , 1.185617264541187e-05
119.16666667 , 1.318397002165268e-02 , 1.182823576173076e-05
119.33333333 , 1.308183118601775e-02 , 1.177848758997487e-05
119.50000000 , 1.301876135756392e-02 , 1.175948997960885e-05
119.66666667 , 1.295968237340547e-02 , 1.174110124455443e-05
119.83333333 , 1.283530115948119e-02 , 1.168571734868102e-05
120.00000000 , 1.280168599637528e-02 , 1.167573795786451e-05
120.16666667 , 1.271931896675063e-02 , 1.164394375374473e-05
120.33333333 , 1.264305519345094e-02 , 1.161472959658168e-05
120.50000000 , 1.255033903009784e-02 , 1.157353442862821e-05
120.66666667 , 1.249518872848151e-02 , 1.155175000345823e-05
120.83333333 , 1.241610901222774e-02 , 1.151824322724229e-05
121.00000000 , 1.232335496195045e-02 , 1.147571261824215e-05
121.16666667 , 1.224292852286012e-02 , 1.144438205736703e-05
121.33333333 , 1.215641489638198e-02 , 1.140030286156582e-05
121.50000000 , 1.207693050008159e-02 , 1.136742406622575e-05
121.66666667 , 1.200675409176908e-02 , 1.134213292774072e-05
121.83333333 , 1.188712034831269e-02 , 1.128479389622596e-05
122.00000000 , 1.182744170068712e-02 , 1.126023916887308e-05
122.16666667 , 1.172880334716293e-02 , 1.120998836646453e-05
122.33333333 , 1.165895237172912e-02 , 1.118260858234909e-05
122.50000000 , 1.155450317538458e-02 , 1.113213432825211e-05
122.66666667 , 1.149609165506232e-02 , 1.111606150195745e-05
122.83333333 , 1.137076496401872e-02 , 1.104877022545018e-05
123.00000000 , 1.127897981929578e-02 , 1.100293749025277e-05
123.16666667 , 1.119408143832280e-02 , 1.096457016701868e-05
123.33333333 , 1.109124616436687e-02 , 1.091319758710721e-05
123.50000000 , 1.099412691116032e-02 , 1.086483309139865e-05
123.66666667 , 1.090367883737834e-02 , 1.082220030865249e-05
123.83333333 , 1.080905275279545e-02 , 1.077521984804189e-05
124.00000000 , 1.072973197123392e-02 , 1.073368781212338e-05
124.16666667 , 1.059967504731982e-02 , 1.066639181700731e-05
124.33333333 , 1.051550670824068e-02 , 1.062339452276858e-05
124.50000000 , 1.041978269615521e-02 , 1.057838647178385e-05
124.66666667 , 1.028970137999855e-02 , 1.050478512692859e-05
124.83333333 , 1.018376703402625e-02 , 1.044587396383536e-05
125.00000000 , 1.007421424113296e-02 , 1.038853685379615e-05
125.16666667 , 9.952056197148415e-03 , 1.031697645966138e-05
125.33333333 , 9.831043901225080e-03 , 1.024358716654149e-05
125.50000000 , 9.710685984426775e-03 , 1.017639483668698e-05
125.66666667 , 9.615758402416599e-03 , 1.013099624098556e-05
125.83333333 , 9.575136461350924e-03 , 1.011211224853055e-05
126.00000000 , 9.513197213792405e-03 , 1.007800603667496e-05
126.16666667 , 9.478040334295364e-03 , 1.006224166436727e-05
126.33333333 , 9.410319122125772e-03 , 1.003337349461664e-05
126.50000000 , 9.387241932054610e-03 , 1.003568766706050e-05
126.66666667 , 9.339216233933738e-03 , 1.000983931075445e-05
126.83333333 , 9.311481220854810e-03 , 1.000404678622805e-05
127.00000000 , 9.276539587730587e-03 , 9.997529962207417e-06
127.16666667 , 9.204151794873827e-03 , 9.953954032505508e-06
127.33333333 , 9.179267788056540e-03 , 9.956892479831526e-06
127.50000000 , 9.132319409912812e-03 , 9.935596591842348e-06
127.66666667 , 9.101993907022618e-03 , 9.930524727089321e-06
127.83333333 , 9.039543249573536e-03 , 9.899435641249196e-06
128.00000000 , 9.007111134325067e-03 , 9.885474123686639e-06
128.16666667 , 8.996798291140876e-03 , 9.898620802839562e-06
128.33333333 , 8.925786821358849e-03 , 9.854563618225221e-06
128.50000000 , 8.892936221156797e-03 , 9.848859847905482e-06
128.66666667 , 8.860351413521438e-03 , 9.839602094435129e-06
128.83333333 , 8.831620279035496e-03 , 9.832442231454034e-06
129.00000000 , 8.786161668494137e-03 , 9.810658712870380e-06
129.16666667 , 8.738161039774867e-03 , 9.791819445355999e-06
129.33333333 , 8.709324266063707e-03 , 9.784823843240951e-06
129.50000000 , 8.652567094876596e-03 , 9.754121197980322e-06
129.66666667 , 8.629140422695167e-03 , 9.753521055934656e-06
129.83333333 , 8.592383816955942e-03 , 9.733663013835391e-06
