x_l , NLO , dNLO
0.00000000 , 5.117996728065664e-03 , 3.080980029547328e-06
0.83333333 , 5.111988009230017e-03 , 3.079415955258307e-06
1.66666667 , 5.123064016753154e-03 , 3.083376324729416e-06
2.50000000 , 5.117479916107729e-03 , 3.081435978740255e-06
3.33333333 , 5.117159847567494e-03 , 3.080465546820955e-06
4.16666667 , 5.108894924250719e-03 , 3.077942882715768e-06
5.00000000 , 5.119023645194663e-03 , 3.081680856549298e-06
5.83333333 , 5.113737401991774e-03 , 3.079925019225639e-06
6.66666667 , 5.113536503324689e-03 , 3.080329654240377e-06
7.50000000 , 5.111786934672770e-03 , 3.078960212298307e-06
8.33333333 , 5.112305413554510e-03 , 3.079487448203353e-06
9.16666667 , 5.115336680998358e-03 , 3.080728589330245e-06
10.00000000 , 5.115826246665075e-03 , 3.080901937401855e-06
10.83333333 , 5.119227184207933e-03 , 3.081991246006692e-06
11.66666667 , 5.107289817724577e-03 , 3.078455761807850e-06
12.50000000 , 5.119071851289736e-03 , 3.082507366829046e-06
13.33333333 , 5.116719570930573e-03 , 3.081308678937375e-06
14.16666667 , 5.114465063756474e-03 , 3.080389979134688e-06
15.00000000 , 5.109382163044765e-03 , 3.079432330023591e-06
15.83333333 , 5.109560056142343e-03 , 3.078588372262459e-06
16.66666667 , 5.110765713849814e-03 , 3.079555187846209e-06
17.50000000 , 5.108375906206746e-03 , 3.078411019748539e-06
18.33333333 , 5.107919152217008e-03 , 3.078318371286229e-06
19.16666667 , 5.109668451917392e-03 , 3.078977063010382e-06
20.00000000 , 5.104227541807048e-03 , 3.077706931338362e-06
20.83333333 , 5.109709114760094e-03 , 3.078642991930969e-06
21.66666667 , 5.101931857156039e-03 , 3.076294119502385e-06
22.50000000 , 5.104850063965119e-03 , 3.076630091690604e-06
23.33333333 , 5.107182171382472e-03 , 3.078092556335304e-06
24.16666667 , 5.097237586062504e-03 , 3.074677333036559e-06
25.00000000 , 5.098674759566748e-03 , 3.075156376576456e-06
25.83333333 , 5.104964305096135e-03 , 3.078149646080359e-06
26.66666667 , 5.104422563518300e-03 , 3.078152445320577e-06
27.50000000 , 5.101544221903710e-03 , 3.077234923068192e-06
28.33333333 , 5.094425996354817e-03 , 3.074804243338890e-06
29.16666667 , 5.097615309032300e-03 , 3.076080072645553e-06
30.00000000 , 5.097329585992049e-03 , 3.076187926263249e-06
30.83333333 , 5.091679655138563e-03 , 3.074293502429869e-06
31.66666667 , 5.095444451006171e-03 , 3.075599049247023e-06
32.50000000 , 5.097095848250834e-03 , 3.076264505862600e-06
33.33333333 , 5.097009723618470e-03 , 3.075906735586631e-06
34.16666667 , 5.087413834779250e-03 , 3.072382206725331e-06
35.00000000 , 5.094469530528010e-03 , 3.075076201128778e-06
35.83333333 , 5.090256920838802e-03 , 3.074388430828399e-06
36.66666667 , 5.080550383923784e-03 , 3.070631960411611e-06
37.50000000 , 5.085403427671345e-03 , 3.072911268194397e-06
38.33333333 , 5.080117189540330e-03 , 3.070749853502727e-06
39.16666667 , 5.086420962185844e-03 , 3.073124719190095e-06
40.00000000 , 5.078679309010417e-03 , 3.070154451001481e-06
40.83333333 , 5.079416516418763e-03 , 3.070766704020172e-06
41.66666667 , 5.080796272360691e-03 , 3.071036877475589e-06
42.50000000 , 5.075419107373329e-03 , 3.069455448208465e-06
43.33333333 , 5.077159285876884e-03 , 3.069617839689791e-06
44.16666667 , 5.073165320366442e-03 , 3.068659940960179e-06
45.00000000 , 5.074125283350375e-03 , 3.070032803587928e-06
45.83333333 , 5.065861283199565e-03 , 3.066573641672448e-06
46.66666667 , 5.061958437014485e-03 , 3.066001749051831e-06
47.50000000 , 5.065680159485286e-03 , 3.067175969580215e-06
48.33333333 , 5.066789203980454e-03 , 3.067965062247889e-06
49.16666667 , 5.065757266119604e-03 , 3.067118124060658e-06
50.00000000 , 5.062064948984727e-03 , 3.065817724142171e-06
50.83333333 , 5.054530449470488e-03 , 3.063775420838114e-06
51.66666667 , 5.065348285729240e-03 , 3.067218498886691e-06
52.50000000 , 5.056689593800791e-03 , 3.064519412605377e-06
53.33333333 , 5.051435262998446e-03 , 3.063219440156740e-06
54.16666667 , 5.049285139828054e-03 , 3.061899032779843e-06
55.00000000 , 5.046516463092387e-03 , 3.061530042645861e-06
55.83333333 , 5.050406818967685e-03 , 3.062085385559278e-06
56.66666667 , 5.047264967142803e-03 , 3.061502322314090e-06
57.50000000 , 5.040824973810915e-03 , 3.059599258636388e-06
58.33333333 , 5.042922195659736e-03 , 3.060536491845069e-06
59.16666667 , 5.041873892350876e-03 , 3.060528562103386e-06
60.00000000 , 5.034052187885127e-03 , 3.058573681381311e-06
60.83333333 , 5.036730955404377e-03 , 3.058699701025431e-06
61.66666667 , 5.033368298462207e-03 , 3.057937649632069e-06
62.50000000 , 5.023900591874255e-03 , 3.054285920044115e-06
63.33333333 , 5.026564625405835e-03 , 3.056289751642503e-06
64.16666667 , 5.032621148965109e-03 , 3.058055889660291e-06
65.00000000 , 5.015817875106292e-03 , 3.052363227587058e-06
65.83333333 , 5.020982363949897e-03 , 3.053718306517813e-06
66.66666667 , 5.016808445489850e-03 , 3.052439747601105e-06
67.50000000 , 5.013198165745776e-03 , 3.052088640764158e-06
68.33333333 , 5.007896635640908e-03 , 3.049706594786789e-06
69.16666667 , 5.013415048624899e-03 , 3.052043255948974e-06
70.00000000 , 5.005466395023342e-03 , 3.048864160082663e-06
70.83333333 , 5.004732585866764e-03 , 3.050192904632868e-06
71.66666667 , 5.004155790312176e-03 , 3.050537214218908e-06
72.50000000 , 5.000383345772480e-03 , 3.048508499656098e-06
73.33333333 , 4.999987955365445e-03 , 3.048585601039182e-06
74.16666667 , 4.992748207393612e-03 , 3.046212725003474e-06
75.00000000 , 4.991436010921315e-03 , 3.045894603272178e-06
75.83333333 , 4.983846064376795e-03 , 3.043292657328793e-06
76.66666667 , 4.992188486750992e-03 , 3.046113871733919e-06
77.50000000 , 4.983562071780640e-03 , 3.043790665034371e-06
78.33333333 , 4.978594966754449e-03 , 3.042037625649324e-06
79.16666667 , 4.980622026253708e-03 , 3.043693915948492e-06
80.00000000 , 4.973146253912488e-03 , 3.040903135607195e-06
80.83333333 , 4.967530629861770e-03 , 3.039071050675386e-06
81.66666667 , 4.968489626993049e-03 , 3.039435465154928e-06
82.50000000 , 4.965432700167073e-03 , 3.038150981518141e-06
83.33333333 , 4.960894548224274e-03 , 3.037181722980018e-06
84.16666667 , 4.957212387288821e-03 , 3.036197552488305e-06
85.00000000 , 4.956310677647087e-03 , 3.036610570394237e-06
85.83333333 , 4.956689785862204e-03 , 3.037133455543379e-06
86.66666667 , 4.944502053570191e-03 , 3.032455589862509e-06
87.50000000 , 4.944437120477517e-03 , 3.032308879621312e-06
88.33333333 , 4.941833014949256e-03 , 3.032980237928115e-06
89.16666667 , 4.942798156773416e-03 , 3.033426406807442e-06
90.00000000 , 4.938488745674177e-03 , 3.031536737341289e-06
90.83333333 , 4.933211145802834e-03 , 3.030319692824945e-06
91.66666667 , 4.928946129061125e-03 , 3.028382522134097e-06
92.50000000 , 4.926702148159037e-03 , 3.028140041843539e-06
93.33333333 , 4.917422203117182e-03 , 3.024751696827497e-06
94.16666667 , 4.916795776613839e-03 , 3.025286814298125e-06
95.00000000 , 4.912237029362271e-03 , 3.023306236190972e-06
95.83333333 , 4.912244206678207e-03 , 3.023474383143404e-06
96.66666667 , 4.906005676488758e-03 , 3.022436260826056e-06
97.50000000 , 4.902355837209691e-03 , 3.020726812130247e-06
98.33333333 , 4.898804642628002e-03 , 3.020040323028071e-06
99.16666667 , 4.898901521143654e-03 , 3.020525754652158e-06
100.00000000 , 4.885881590476614e-03 , 3.015857242733420e-06
100.83333333 , 4.885369622831507e-03 , 3.016466504719642e-06
101.66666667 , 4.884715284675109e-03 , 3.016814849826088e-06
102.50000000 , 4.879297589438849e-03 , 3.014187289019393e-06
103.33333333 , 4.875338047528049e-03 , 3.012949101849763e-06
104.16666667 , 4.870704579718532e-03 , 3.012612427552338e-06
105.00000000 , 4.862610596323621e-03 , 3.009610591182436e-06
105.83333333 , 4.867470826219610e-03 , 3.011289837371605e-06
106.66666667 , 4.856769562256312e-03 , 3.008189592404237e-06
107.50000000 , 4.855100387074378e-03 , 3.007598611850292e-06
108.33333333 , 4.850129267889062e-03 , 3.006295295203877e-06
109.16666667 , 4.841799929636073e-03 , 3.004171584914410e-06
110.00000000 , 4.836022301395544e-03 , 3.001392830645367e-06
110.83333333 , 4.829414832793374e-03 , 2.999939475698289e-06
111.66666667 , 4.827395923159671e-03 , 2.998763765542410e-06
112.50000000 , 4.817808567828282e-03 , 2.996323665363033e-06
113.33333333 , 4.820180789329658e-03 , 2.998044533378775e-06
114.16666667 , 4.812060573064005e-03 , 2.994267681563877e-06
115.00000000 , 4.807269470008667e-03 , 2.993709548513779e-06
115.83333333 , 4.805685742332752e-03 , 2.994189977570024e-06
116.66666667 , 4.799929251281613e-03 , 2.991777411512096e-06
117.50000000 , 4.789949115282767e-03 , 2.988762259434715e-06
118.33333333 , 4.780891635823657e-03 , 2.985855605644145e-06
119.16666667 , 4.781851113937166e-03 , 2.986268256399403e-06
120.00000000 , 4.774901344667425e-03 , 2.984972871999513e-06
120.83333333 , 4.767874665370863e-03 , 2.983088367109869e-06
121.66666667 , 4.761277120405810e-03 , 2.981056844248651e-06
122.50000000 , 4.758349816544432e-03 , 2.980398770169957e-06
123.33333333 , 4.747834554770427e-03 , 2.977419978741123e-06
124.16666667 , 4.734682124230378e-03 , 2.973410141323109e-06
125.00000000 , 4.727376659159897e-03 , 2.971594699695912e-06
125.83333333 , 4.722027801207469e-03 , 2.969476444034314e-06
126.66666667 , 4.711711316201404e-03 , 2.966484150640984e-06
127.50000000 , 4.704510930956560e-03 , 2.964848750976160e-06
128.33333333 , 4.698666944911218e-03 , 2.963813120593064e-06
129.16666667 , 4.689498578995218e-03 , 2.961250744562027e-06
130.00000000 , 4.678537808335987e-03 , 2.958059720789043e-06
130.83333333 , 4.668190378555067e-03 , 2.954422273905485e-06
131.66666667 , 4.664110396324025e-03 , 2.953493810928065e-06
132.50000000 , 4.647727014492241e-03 , 2.948622813724278e-06
133.33333333 , 4.643176731708420e-03 , 2.947193266799877e-06
134.16666667 , 4.636346694693562e-03 , 2.946205138016057e-06
135.00000000 , 4.622169842905495e-03 , 2.941700117958383e-06
135.83333333 , 4.620335603650609e-03 , 2.941745021236367e-06
136.66666667 , 4.606777441921212e-03 , 2.937700953156229e-06
137.50000000 , 4.598155587087859e-03 , 2.935426259673352e-06
138.33333333 , 4.586968518229234e-03 , 2.931894640974615e-06
139.16666667 , 4.571677514459177e-03 , 2.927196199047973e-06
140.00000000 , 4.567103224733839e-03 , 2.926378063620608e-06
140.83333333 , 4.563989660228397e-03 , 2.925413478588663e-06
141.66666667 , 4.549022578169099e-03 , 2.921873744533232e-06
142.50000000 , 4.542467576928808e-03 , 2.919689514931733e-06
143.33333333 , 4.533726034893916e-03 , 2.917371953508027e-06
144.16666667 , 4.520897478205299e-03 , 2.912573400886845e-06
145.00000000 , 4.512881445620269e-03 , 2.911714888663067e-06
145.83333333 , 4.500629947548840e-03 , 2.906882775026902e-06
146.66666667 , 4.488159596181497e-03 , 2.903623010115105e-06
147.50000000 , 4.482111625693302e-03 , 2.902764911751745e-06
148.33333333 , 4.476125255310012e-03 , 2.899890630108599e-06
149.16666667 , 4.461749684672026e-03 , 2.895910641906543e-06
150.00000000 , 4.450571153656401e-03 , 2.893547280564750e-06
150.83333333 , 4.438252006563287e-03 , 2.889254108175830e-06
151.66666667 , 4.435112433871913e-03 , 2.889862745172829e-06
152.50000000 , 4.420667831896749e-03 , 2.884362598355900e-06
153.33333333 , 4.409934602832910e-03 , 2.880596586381339e-06
154.16666667 , 4.396351186777149e-03 , 2.877402686910735e-06
155.00000000 , 4.387809749620529e-03 , 2.874485278075321e-06
155.83333333 , 4.385046853945352e-03 , 2.874095757786216e-06
156.66666667 , 4.365306147506622e-03 , 2.868449597658238e-06
157.50000000 , 4.356574218752287e-03 , 2.865244834867934e-06
158.33333333 , 4.348745464724304e-03 , 2.863647171131371e-06
159.16666667 , 4.335229838634208e-03 , 2.858422224425087e-06
160.00000000 , 4.326520116042485e-03 , 2.857223019410214e-06
160.83333333 , 4.317344256695579e-03 , 2.854974308587633e-06
161.66666667 , 4.309313141300983e-03 , 2.851613101962517e-06
162.50000000 , 4.295585591849621e-03 , 2.846940017340602e-06
163.33333333 , 4.280686546145971e-03 , 2.842581899436693e-06
164.16666667 , 4.280332820121939e-03 , 2.843121843894161e-06
165.00000000 , 4.258721236692312e-03 , 2.835648690286819e-06
165.83333333 , 4.252379774410332e-03 , 2.834912190339805e-06
166.66666667 , 4.237293755841373e-03 , 2.829497340505606e-06
167.50000000 , 4.230561664696993e-03 , 2.828277326815889e-06
168.33333333 , 4.221598568627356e-03 , 2.825325004360435e-06
169.16666667 , 4.207800346927875e-03 , 2.822483534491914e-06
170.00000000 , 4.195872759990943e-03 , 2.817575993019680e-06
170.83333333 , 4.184250400327338e-03 , 2.813586991282280e-06
171.66666667 , 4.177145724458626e-03 , 2.812715027457891e-06
172.50000000 , 4.165358429882754e-03 , 2.808883012782115e-06
173.33333333 , 4.159431673436255e-03 , 2.808066497493157e-06
174.16666667 , 4.144329180803663e-03 , 2.802420002031615e-06
175.00000000 , 4.131587012919975e-03 , 2.798799398794901e-06
175.83333333 , 4.117730933614372e-03 , 2.793666003500077e-06
176.66666667 , 4.107111018812981e-03 , 2.791174878626528e-06
177.50000000 , 4.093651760469253e-03 , 2.785551631001212e-06
178.33333333 , 4.086823048721301e-03 , 2.784454538279048e-06
179.16666667 , 4.071198393217911e-03 , 2.779089969072133e-06
180.00000000 , 4.068783778483297e-03 , 2.779853571578276e-06
180.83333333 , 4.050887748828909e-03 , 2.773702612372122e-06
181.66666667 , 4.040134679994804e-03 , 2.770670667621137e-06
182.50000000 , 4.030250939186787e-03 , 2.767584007096661e-06
183.33333333 , 4.021298427981234e-03 , 2.764589788842765e-06
184.16666667 , 4.008567404086547e-03 , 2.761051340926073e-06
185.00000000 , 3.996394947135632e-03 , 2.757125770785411e-06
185.83333333 , 3.981674031613274e-03 , 2.751809551673803e-06
186.66666667 , 3.972846146241620e-03 , 2.749279750752116e-06
187.50000000 , 3.961025176714679e-03 , 2.744697437203943e-06
188.33333333 , 3.944846102730350e-03 , 2.740968296003585e-06
189.16666667 , 3.929987862210388e-03 , 2.735617218849929e-06
190.00000000 , 3.925685785375195e-03 , 2.734782779890899e-06
190.83333333 , 3.906672999624100e-03 , 2.728320554455792e-06
191.66666667 , 3.897882422878639e-03 , 2.725317777767059e-06
192.50000000 , 3.878698238186019e-03 , 2.719379784240760e-06
193.33333333 , 3.867890477128813e-03 , 2.715853778436207e-06
194.16666667 , 3.861226612169025e-03 , 2.714522396241556e-06
195.00000000 , 3.848482476646069e-03 , 2.709385207853275e-06
195.83333333 , 3.837176989489030e-03 , 2.706761339564171e-06
196.66666667 , 3.822195154918966e-03 , 2.701127526979525e-06
197.50000000 , 3.811236340230319e-03 , 2.697934159468377e-06
198.33333333 , 3.792091051000820e-03 , 2.691831381547212e-06
199.16666667 , 3.786118157440243e-03 , 2.689572841027535e-06
200.00000000 , 3.765594243472368e-03 , 2.682289092014501e-06
200.83333333 , 3.757092296414368e-03 , 2.679914728957860e-06
201.66666667 , 3.740538210725675e-03 , 2.674527623100680e-06
202.50000000 , 3.726373458141817e-03 , 2.669814807934809e-06
203.33333333 , 3.715603968820195e-03 , 2.667475583643989e-06
204.16666667 , 3.709784151113501e-03 , 2.665516843716438e-06
205.00000000 , 3.689932311841044e-03 , 2.658096775608082e-06
205.83333333 , 3.675621796604699e-03 , 2.653283998048037e-06
206.66666667 , 3.661379094725451e-03 , 2.649757507445765e-06
207.50000000 , 3.649093231888183e-03 , 2.644983064796058e-06
208.33333333 , 3.633134976282496e-03 , 2.639978902592166e-06
209.16666667 , 3.614082095938279e-03 , 2.633057725711743e-06
210.00000000 , 3.604969506032814e-03 , 2.630100121640018e-06
210.83333333 , 3.587032881038714e-03 , 2.623074118652632e-06
211.66666667 , 3.570575820719149e-03 , 2.617644230684907e-06
212.50000000 , 3.559533742530863e-03 , 2.614496411260439e-06
213.33333333 , 3.544389478256105e-03 , 2.611042636487332e-06
214.16666667 , 3.523710543885927e-03 , 2.602933480020626e-06
215.00000000 , 3.508475842106873e-03 , 2.596400365954531e-06
215.83333333 , 3.489931597061478e-03 , 2.591130879155072e-06
216.66666667 , 3.471687795234677e-03 , 2.584932071331541e-06
217.50000000 , 3.449325341943048e-03 , 2.578295601270898e-06
218.33333333 , 3.428709012646752e-03 , 2.571065394594105e-06
219.16666667 , 3.407240199047054e-03 , 2.564660044113435e-06
220.00000000 , 3.383236413027347e-03 , 2.556867155951622e-06
220.83333333 , 3.359135363879757e-03 , 2.547803827539780e-06
221.66666667 , 3.336026622037670e-03 , 2.540225081993951e-06
222.50000000 , 3.311961721479555e-03 , 2.531556217993177e-06
223.33333333 , 3.285617706842980e-03 , 2.521832072869368e-06
224.16666667 , 3.259941716372702e-03 , 2.513207478159534e-06
225.00000000 , 3.236965992535806e-03 , 2.505404491996850e-06
225.83333333 , 3.218974751057052e-03 , 2.500944361713310e-06
226.66666667 , 3.193964775471093e-03 , 2.490593554018453e-06
227.50000000 , 3.164279704316469e-03 , 2.480614041524878e-06
228.33333333 , 3.140569320756760e-03 , 2.471839814953898e-06
229.16666667 , 3.113992090728017e-03 , 2.462405707065634e-06
230.00000000 , 3.086591105423657e-03 , 2.453564417633039e-06
230.83333333 , 3.061071102431140e-03 , 2.443883379050797e-06
231.66666667 , 3.038780727096011e-03 , 2.435665190332075e-06
232.50000000 , 3.011487380700561e-03 , 2.426484475030060e-06
233.33333333 , 2.988360836188829e-03 , 2.417603849566927e-06
234.16666667 , 2.962021028818749e-03 , 2.409502354429474e-06
235.00000000 , 2.935531632899079e-03 , 2.397828045045231e-06
235.83333333 , 2.907055276953409e-03 , 2.388073293857514e-06
236.66666667 , 2.881303416733859e-03 , 2.379335606244563e-06
237.50000000 , 2.854716392414896e-03 , 2.368908016198916e-06
238.33333333 , 2.826584999380194e-03 , 2.357792118090885e-06
239.16666667 , 2.808671912776050e-03 , 2.352570853571446e-06
240.00000000 , 2.772199859626544e-03 , 2.336851429576630e-06
240.83333333 , 2.747805427460686e-03 , 2.328259244161376e-06
241.66666667 , 2.714652224784491e-03 , 2.315191212909496e-06
242.50000000 , 2.690516826041244e-03 , 2.305958745823884e-06
243.33333333 , 2.664607009467117e-03 , 2.295949771068843e-06
244.16666667 , 2.633434279749060e-03 , 2.283213534322472e-06
245.00000000 , 2.604969410077581e-03 , 2.272834265634039e-06
245.83333333 , 2.574653829077562e-03 , 2.259783802773678e-06
246.66666667 , 2.548818031074622e-03 , 2.248733374202013e-06
247.50000000 , 2.522281032120625e-03 , 2.239105379883531e-06
248.33333333 , 2.491140842657643e-03 , 2.226447362276805e-06
249.16666667 , 2.459476162192461e-03 , 2.212276815671856e-06
250.00000000 , 2.434084566929937e-03 , 2.202213496711796e-06
250.83333333 , 2.403996640204514e-03 , 2.190447035441127e-06
251.66666667 , 2.374251816502512e-03 , 2.177405142005229e-06
252.50000000 , 2.340495087507088e-03 , 2.161801381979849e-06
253.33333333 , 2.311419945088830e-03 , 2.149292198826239e-06
254.16666667 , 2.282159220682666e-03 , 2.137415540153196e-06
255.00000000 , 2.249338407222964e-03 , 2.122626735066508e-06
255.83333333 , 2.219330069582263e-03 , 2.109978527377706e-06
256.66666667 , 2.191846397903274e-03 , 2.097483369453206e-06
257.50000000 , 2.157032779827908e-03 , 2.081363597676535e-06
258.33333333 , 2.126840613750600e-03 , 2.068219138124248e-06
259.16666667 , 2.095696974425817e-03 , 2.053768061047743e-06
260.00000000 , 2.063098042256945e-03 , 2.039321866958995e-06
260.83333333 , 2.026371079599165e-03 , 2.021068039752511e-06
261.66666667 , 1.997389194776026e-03 , 2.007675284757932e-06
262.50000000 , 1.962791317483916e-03 , 1.990825389774577e-06
263.33333333 , 1.931092589130765e-03 , 1.976204071635731e-06
264.16666667 , 1.898326730526075e-03 , 1.959898972975839e-06
265.00000000 , 1.871575044015587e-03 , 1.947561225045509e-06
265.83333333 , 1.845420329922947e-03 , 1.936154919051995e-06
266.66666667 , 1.820147130142683e-03 , 1.923338942414392e-06
267.50000000 , 1.796838086606446e-03 , 1.913263704045603e-06
268.33333333 , 1.772887685792723e-03 , 1.902708645429868e-06
269.16666667 , 1.749953164070686e-03 , 1.892616444426744e-06
270.00000000 , 1.727771334137954e-03 , 1.882692808527311e-06
270.83333333 , 1.702924548148046e-03 , 1.870903571667174e-06
271.66666667 , 1.677466446726972e-03 , 1.858117391686092e-06
272.50000000 , 1.655675401049043e-03 , 1.848915556265961e-06
273.33333333 , 1.632133476272490e-03 , 1.837416277276087e-06
274.16666667 , 1.606600897799599e-03 , 1.825248159757098e-06
275.00000000 , 1.583552738866625e-03 , 1.812769569425935e-06
275.83333333 , 1.558570025753429e-03 , 1.802189522991538e-06
276.66666667 , 1.533416612064657e-03 , 1.789052055460365e-06
277.50000000 , 1.507381902969541e-03 , 1.774435348136120e-06
278.33333333 , 1.482167006126828e-03 , 1.763002674045458e-06
279.16666667 , 1.454770567186812e-03 , 1.749752833211845e-06
280.00000000 , 1.429361081949898e-03 , 1.735968174191135e-06
280.83333333 , 1.403321820777355e-03 , 1.722129717240972e-06
281.66666667 , 1.375331803604749e-03 , 1.706800224959682e-06
282.50000000 , 1.348950224702741e-03 , 1.692265052357335e-06
283.33333333 , 1.319181244400159e-03 , 1.675096212891041e-06
284.16666667 , 1.294084713811357e-03 , 1.661755455411321e-06
285.00000000 , 1.263713350438913e-03 , 1.645143313355980e-06
285.83333333 , 1.236833212417941e-03 , 1.629023084050593e-06
286.66666667 , 1.209256333901529e-03 , 1.614548638756999e-06
287.50000000 , 1.178250322641831e-03 , 1.595511778463780e-06
288.33333333 , 1.151313769379048e-03 , 1.579788711007158e-06
289.16666667 , 1.116295954365812e-03 , 1.556849063213263e-06
290.00000000 , 1.084095572695022e-03 , 1.536616998260305e-06
290.83333333 , 1.052246194921428e-03 , 1.516185379127524e-06
291.66666667 , 1.019472843767572e-03 , 1.495451470696163e-06
292.50000000 , 9.874467326324568e-04 , 1.474700505839367e-06
293.33333333 , 9.508403089306937e-04 , 1.449660889112756e-06
294.16666667 , 9.133745492332738e-04 , 1.422371968461778e-06
295.00000000 , 8.813835887942889e-04 , 1.400567562401073e-06
295.83333333 , 8.433071002160535e-04 , 1.373611698230412e-06
296.66666667 , 8.035242145211235e-04 , 1.343283872987911e-06
297.50000000 , 7.647233497985572e-04 , 1.313155070120191e-06
298.33333333 , 7.219650260070546e-04 , 1.278191240996367e-06
299.16666667 , 6.800416273173238e-04 , 1.243201063377024e-06
300.00000000 , 6.329453062692687e-04 , 1.202099301449254e-06
300.83333333 , 5.886053420445370e-04 , 1.161929407879759e-06
301.66666667 , 5.416671499381003e-04 , 1.118200985604660e-06
302.50000000 , 4.900378947334495e-04 , 1.067769843682081e-06
303.33333333 , 4.356624375130201e-04 , 1.009059910304475e-06
304.16666667 , 3.790599191977758e-04 , 9.436846847437980e-07
305.00000000 , 3.189502444217965e-04 , 8.689717367181607e-07
305.83333333 , 2.556780407567723e-04 , 7.826458388025347e-07
306.66666667 , 1.918262715982147e-04 , 6.824605608641298e-07
307.50000000 , 1.209371276554427e-04 , 5.462842718673821e-07
308.33333333 , 5.282257276273777e-05 , 3.693997647556185e-07
309.16666667 , 1.174441863968336e-05 , 1.823625475408508e-07
310.00000000 , 3.132981615722067e-06 , 9.960825065016255e-08
310.83333333 , 4.739008725484658e-07 , 3.980616435203957e-08
311.66666667 , 1.046680427675820e-08 , 8.148252420724488e-09
312.50000000 , 0.000000000000000e+00 , 0.000000000000000e+00
313.33333333 , 0.000000000000000e+00 , 0.000000000000000e+00
314.16666667 , 0.000000000000000e+00 , 0.000000000000000e+00
315.00000000 , 0.000000000000000e+00 , 0.000000000000000e+00
315.83333333 , 0.000000000000000e+00 , 0.000000000000000e+00
316.66666667 , 0.000000000000000e+00 , 0.000000000000000e+00
317.50000000 , 0.000000000000000e+00 , 0.000000000000000e+00
318.33333333 , 0.000000000000000e+00 , 0.000000000000000e+00
319.16666667 , 0.000000000000000e+00 , 0.000000000000000e+00
320.00000000 , 0.000000000000000e+00 , 0.000000000000000e+00
320.83333333 , 0.000000000000000e+00 , 0.000000000000000e+00
321.66666667 , 0.000000000000000e+00 , 0.000000000000000e+00
322.50000000 , 0.000000000000000e+00 , 0.000000000000000e+00
323.33333333 , 0.000000000000000e+00 , 0.000000000000000e+00
324.16666667 , 0.000000000000000e+00 , 0.000000000000000e+00
325.00000000 , 0.000000000000000e+00 , 0.000000000000000e+00
325.83333333 , 0.000000000000000e+00 , 0.000000000000000e+00
326.66666667 , 0.000000000000000e+00 , 0.000000000000000e+00
327.50000000 , 0.000000000000000e+00 , 0.000000000000000e+00
328.33333333 , 0.000000000000000e+00 , 0.000000000000000e+00
329.16666667 , 0.000000000000000e+00 , 0.000000000000000e+00
330.00000000 , 0.000000000000000e+00 , 0.000000000000000e+00
330.83333333 , 0.000000000000000e+00 , 0.000000000000000e+00
331.66666667 , 0.000000000000000e+00 , 0.000000000000000e+00
332.50000000 , 0.000000000000000e+00 , 0.000000000000000e+00
333.33333333 , 0.000000000000000e+00 , 0.000000000000000e+00
334.16666667 , 0.000000000000000e+00 , 0.000000000000000e+00
335.00000000 , 0.000000000000000e+00 , 0.000000000000000e+00
335.83333333 , 0.000000000000000e+00 , 0.000000000000000e+00
336.66666667 , 0.000000000000000e+00 , 0.000000000000000e+00
337.50000000 , 0.000000000000000e+00 , 0.000000000000000e+00
338.33333333 , 0.000000000000000e+00 , 0.000000000000000e+00
339.16666667 , 0.000000000000000e+00 , 0.000000000000000e+00
340.00000000 , 0.000000000000000e+00 , 0.000000000000000e+00
340.83333333 , 0.000000000000000e+00 , 0.000000000000000e+00
341.66666667 , 0.000000000000000e+00 , 0.000000000000000e+00
342.50000000 , 0.000000000000000e+00 , 0.000000000000000e+00
343.33333333 , 0.000000000000000e+00 , 0.000000000000000e+00
344.16666667 , 0.000000000000000e+00 , 0.000000000000000e+00
345.00000000 , 0.000000000000000e+00 , 0.000000000000000e+00
345.83333333 , 0.000000000000000e+00 , 0.000000000000000e+00
346.66666667 , 0.000000000000000e+00 , 0.000000000000000e+00
347.50000000 , 0.000000000000000e+00 , 0.000000000000000e+00
348.33333333 , 0.000000000000000e+00 , 0.000000000000000e+00
349.16666667 , 0.000000000000000e+00 , 0.000000000000000e+00
350.00000000 , 0.000000000000000e+00 , 0.000000000000000e+00
350.83333333 , 0.000000000000000e+00 , 0.000000000000000e+00
351.66666667 , 0.000000000000000e+00 , 0.000000000000000e+00
352.50000000 , 0.000000000000000e+00 , 0.000000000000000e+00
353.33333333 , 0.000000000000000e+00 , 0.000000000000000e+00
354.16666667 , 0.000000000000000e+00 , 0.000000000000000e+00
355.00000000 , 0.000000000000000e+00 , 0.000000000000000e+00
355.83333333 , 0.000000000000000e+00 , 0.000000000000000e+00
356.66666667 , 0.000000000000000e+00 , 0.000000000000000e+00
357.50000000 , 0.000000000000000e+00 , 0.000000000000000e+00
358.33333333 , 0.000000000000000e+00 , 0.000000000000000e+00
359.16666667 , 0.000000000000000e+00 , 0.000000000000000e+00
360.00000000 , 0.000000000000000e+00 , 0.000000000000000e+00
360.83333333 , 0.000000000000000e+00 , 0.000000000000000e+00
361.66666667 , 0.000000000000000e+00 , 0.000000000000000e+00
362.50000000 , 0.000000000000000e+00 , 0.000000000000000e+00
363.33333333 , 0.000000000000000e+00 , 0.000000000000000e+00
364.16666667 , 0.000000000000000e+00 , 0.000000000000000e+00
365.00000000 , 0.000000000000000e+00 , 0.000000000000000e+00
365.83333333 , 0.000000000000000e+00 , 0.000000000000000e+00
366.66666667 , 0.000000000000000e+00 , 0.000000000000000e+00
367.50000000 , 0.000000000000000e+00 , 0.000000000000000e+00
368.33333333 , 0.000000000000000e+00 , 0.000000000000000e+00
369.16666667 , 0.000000000000000e+00 , 0.000000000000000e+00
370.00000000 , 0.000000000000000e+00 , 0.000000000000000e+00
370.83333333 , 0.000000000000000e+00 , 0.000000000000000e+00
371.66666667 , 0.000000000000000e+00 , 0.000000000000000e+00
372.50000000 , 0.000000000000000e+00 , 0.000000000000000e+00
373.33333333 , 0.000000000000000e+00 , 0.000000000000000e+00
374.16666667 , 0.000000000000000e+00 , 0.000000000000000e+00
375.00000000 , 0.000000000000000e+00 , 0.000000000000000e+00
375.83333333 , 0.000000000000000e+00 , 0.000000000000000e+00
376.66666667 , 0.000000000000000e+00 , 0.000000000000000e+00
377.50000000 , 0.000000000000000e+00 , 0.000000000000000e+00
378.33333333 , 0.000000000000000e+00 , 0.000000000000000e+00
379.16666667 , 0.000000000000000e+00 , 0.000000000000000e+00
380.00000000 , 0.000000000000000e+00 , 0.000000000000000e+00
380.83333333 , 0.000000000000000e+00 , 0.000000000000000e+00
381.66666667 , 0.000000000000000e+00 , 0.000000000000000e+00
382.50000000 , 0.000000000000000e+00 , 0.000000000000000e+00
383.33333333 , 0.000000000000000e+00 , 0.000000000000000e+00
384.16666667 , 0.000000000000000e+00 , 0.000000000000000e+00
385.00000000 , 0.000000000000000e+00 , 0.000000000000000e+00
385.83333333 , 0.000000000000000e+00 , 0.000000000000000e+00
386.66666667 , 0.000000000000000e+00 , 0.000000000000000e+00
387.50000000 , 0.000000000000000e+00 , 0.000000000000000e+00
388.33333333 , 0.000000000000000e+00 , 0.000000000000000e+00
389.16666667 , 0.000000000000000e+00 , 0.000000000000000e+00
390.00000000 , 0.000000000000000e+00 , 0.000000000000000e+00
390.83333333 , 0.000000000000000e+00 , 0.000000000000000e+00
391.66666667 , 0.000000000000000e+00 , 0.000000000000000e+00
392.50000000 , 0.000000000000000e+00 , 0.000000000000000e+00
393.33333333 , 0.000000000000000e+00 , 0.000000000000000e+00
394.16666667 , 0.000000000000000e+00 , 0.000000000000000e+00
395.00000000 , 0.000000000000000e+00 , 0.000000000000000e+00
395.83333333 , 0.000000000000000e+00 , 0.000000000000000e+00
396.66666667 , 0.000000000000000e+00 , 0.000000000000000e+00
397.50000000 , 0.000000000000000e+00 , 0.000000000000000e+00
398.33333333 , 0.000000000000000e+00 , 0.000000000000000e+00
399.16666667 , 0.000000000000000e+00 , 0.000000000000000e+00
400.00000000 , 0.000000000000000e+00 , 0.000000000000000e+00
400.83333333 , 0.000000000000000e+00 , 0.000000000000000e+00
401.66666667 , 0.000000000000000e+00 , 0.000000000000000e+00
402.50000000 , 0.000000000000000e+00 , 0.000000000000000e+00
403.33333333 , 0.000000000000000e+00 , 0.000000000000000e+00
404.16666667 , 0.000000000000000e+00 , 0.000000000000000e+00
405.00000000 , 0.000000000000000e+00 , 0.000000000000000e+00
405.83333333 , 0.000000000000000e+00 , 0.000000000000000e+00
406.66666667 , 0.000000000000000e+00 , 0.000000000000000e+00
407.50000000 , 0.000000000000000e+00 , 0.000000000000000e+00
408.33333333 , 0.000000000000000e+00 , 0.000000000000000e+00
409.16666667 , 0.000000000000000e+00 , 0.000000000000000e+00
410.00000000 , 0.000000000000000e+00 , 0.000000000000000e+00
410.83333333 , 0.000000000000000e+00 , 0.000000000000000e+00
411.66666667 , 0.000000000000000e+00 , 0.000000000000000e+00
412.50000000 , 0.000000000000000e+00 , 0.000000000000000e+00
413.33333333 , 0.000000000000000e+00 , 0.000000000000000e+00
414.16666667 , 0.000000000000000e+00 , 0.000000000000000e+00
415.00000000 , 0.000000000000000e+00 , 0.000000000000000e+00
415.83333333 , 0.000000000000000e+00 , 0.000000000000000e+00
416.66666667 , 0.000000000000000e+00 , 0.000000000000000e+00
417.50000000 , 0.000000000000000e+00 , 0.000000000000000e+00
418.33333333 , 0.000000000000000e+00 , 0.000000000000000e+00
419.16666667 , 0.000000000000000e+00 , 0.000000000000000e+00
420.00000000 , 0.000000000000000e+00 , 0.000000000000000e+00
420.83333333 , 0.000000000000000e+00 , 0.000000000000000e+00
421.66666667 , 0.000000000000000e+00 , 0.000000000000000e+00
422.50000000 , 0.000000000000000e+00 , 0.000000000000000e+00
423.33333333 , 0.000000000000000e+00 , 0.000000000000000e+00
424.16666667 , 0.000000000000000e+00 , 0.000000000000000e+00
425.00000000 , 0.000000000000000e+00 , 0.000000000000000e+00
425.83333333 , 0.000000000000000e+00 , 0.000000000000000e+00
426.66666667 , 0.000000000000000e+00 , 0.000000000000000e+00
427.50000000 , 0.000000000000000e+00 , 0.000000000000000e+00
428.33333333 , 0.000000000000000e+00 , 0.000000000000000e+00
429.16666667 , 0.000000000000000e+00 , 0.000000000000000e+00
430.00000000 , 0.000000000000000e+00 , 0.000000000000000e+00
430.83333333 , 0.000000000000000e+00 , 0.000000000000000e+00
431.66666667 , 0.000000000000000e+00 , 0.000000000000000e+00
432.50000000 , 0.000000000000000e+00 , 0.000000000000000e+00
433.33333333 , 0.000000000000000e+00 , 0.000000000000000e+00
434.16666667 , 0.000000000000000e+00 , 0.000000000000000e+00
435.00000000 , 0.000000000000000e+00 , 0.000000000000000e+00
435.83333333 , 0.000000000000000e+00 , 0.000000000000000e+00
436.66666667 , 0.000000000000000e+00 , 0.000000000000000e+00
437.50000000 , 0.000000000000000e+00 , 0.000000000000000e+00
438.33333333 , 0.000000000000000e+00 , 0.000000000000000e+00
439.16666667 , 0.000000000000000e+00 , 0.000000000000000e+00
440.00000000 , 0.000000000000000e+00 , 0.000000000000000e+00
440.83333333 , 0.000000000000000e+00 , 0.000000000000000e+00
441.66666667 , 0.000000000000000e+00 , 0.000000000000000e+00
442.50000000 , 0.000000000000000e+00 , 0.000000000000000e+00
443.33333333 , 0.000000000000000e+00 , 0.000000000000000e+00
444.16666667 , 0.000000000000000e+00 , 0.000000000000000e+00
445.00000000 , 0.000000000000000e+00 , 0.000000000000000e+00
445.83333333 , 0.000000000000000e+00 , 0.000000000000000e+00
446.66666667 , 0.000000000000000e+00 , 0.000000000000000e+00
447.50000000 , 0.000000000000000e+00 , 0.000000000000000e+00
448.33333333 , 0.000000000000000e+00 , 0.000000000000000e+00
449.16666667 , 0.000000000000000e+00 , 0.000000000000000e+00
450.00000000 , 0.000000000000000e+00 , 0.000000000000000e+00
450.83333333 , 0.000000000000000e+00 , 0.000000000000000e+00
451.66666667 , 0.000000000000000e+00 , 0.000000000000000e+00
452.50000000 , 0.000000000000000e+00 , 0.000000000000000e+00
453.33333333 , 0.000000000000000e+00 , 0.000000000000000e+00
454.16666667 , 0.000000000000000e+00 , 0.000000000000000e+00
455.00000000 , 0.000000000000000e+00 , 0.000000000000000e+00
455.83333333 , 0.000000000000000e+00 , 0.000000000000000e+00
456.66666667 , 0.000000000000000e+00 , 0.000000000000000e+00
457.50000000 , 0.000000000000000e+00 , 0.000000000000000e+00
458.33333333 , 0.000000000000000e+00 , 0.000000000000000e+00
459.16666667 , 0.000000000000000e+00 , 0.000000000000000e+00
460.00000000 , 0.000000000000000e+00 , 0.000000000000000e+00
460.83333333 , 0.000000000000000e+00 , 0.000000000000000e+00
461.66666667 , 0.000000000000000e+00 , 0.000000000000000e+00
462.50000000 , 0.000000000000000e+00 , 0.000000000000000e+00
463.33333333 , 0.000000000000000e+00 , 0.000000000000000e+00
464.16666667 , 0.000000000000000e+00 , 0.000000000000000e+00
465.00000000 , 0.000000000000000e+00 , 0.000000000000000e+00
465.83333333 , 0.000000000000000e+00 , 0.000000000000000e+00
466.66666667 , 0.000000000000000e+00 , 0.000000000000000e+00
467.50000000 , 0.000000000000000e+00 , 0.000000000000000e+00
468.33333333 , 0.000000000000000e+00 , 0.000000000000000e+00
469.16666667 , 0.000000000000000e+00 , 0.000000000000000e+00
470.00000000 , 0.000000000000000e+00 , 0.000000000000000e+00
470.83333333 , 0.000000000000000e+00 , 0.000000000000000e+00
471.66666667 , 0.000000000000000e+00 , 0.000000000000000e+00
472.50000000 , 0.000000000000000e+00 , 0.000000000000000e+00
473.33333333 , 0.000000000000000e+00 , 0.000000000000000e+00
474.16666667 , 0.000000000000000e+00 , 0.000000000000000e+00
475.00000000 , 0.000000000000000e+00 , 0.000000000000000e+00
475.83333333 , 0.000000000000000e+00 , 0.000000000000000e+00
476.66666667 , 0.000000000000000e+00 , 0.000000000000000e+00
477.50000000 , 0.000000000000000e+00 , 0.000000000000000e+00
478.33333333 , 0.000000000000000e+00 , 0.000000000000000e+00
479.16666667 , 0.000000000000000e+00 , 0.000000000000000e+00
480.00000000 , 0.000000000000000e+00 , 0.000000000000000e+00
480.83333333 , 0.000000000000000e+00 , 0.000000000000000e+00
481.66666667 , 0.000000000000000e+00 , 0.000000000000000e+00
482.50000000 , 0.000000000000000e+00 , 0.000000000000000e+00
483.33333333 , 0.000000000000000e+00 , 0.000000000000000e+00
484.16666667 , 0.000000000000000e+00 , 0.000000000000000e+00
485.00000000 , 0.000000000000000e+00 , 0.000000000000000e+00
485.83333333 , 0.000000000000000e+00 , 0.000000000000000e+00
486.66666667 , 0.000000000000000e+00 , 0.000000000000000e+00
487.50000000 , 0.000000000000000e+00 , 0.000000000000000e+00
488.33333333 , 0.000000000000000e+00 , 0.000000000000000e+00
489.16666667 , 0.000000000000000e+00 , 0.000000000000000e+00
490.00000000 , 0.000000000000000e+00 , 0.000000000000000e+00
490.83333333 , 0.000000000000000e+00 , 0.000000000000000e+00
491.66666667 , 0.000000000000000e+00 , 0.000000000000000e+00
492.50000000 , 0.000000000000000e+00 , 0.000000000000000e+00
493.33333333 , 0.000000000000000e+00 , 0.000000000000000e+00
494.16666667 , 0.000000000000000e+00 , 0.000000000000000e+00
495.00000000 , 0.000000000000000e+00 , 0.000000000000000e+00
495.83333333 , 0.000000000000000e+00 , 0.000000000000000e+00
496.66666667 , 0.000000000000000e+00 , 0.000000000000000e+00
497.50000000 , 0.000000000000000e+00 , 0.000000000000000e+00
498.33333333 , 0.000000000000000e+00 , 0.000000000000000e+00
499.16666667 , 0.000000000000000e+00 , 0.000000000000000e+00
