x_l , NLO , dNLO
200.00000000 , 0.000000000000000e+00 , 0.000000000000000e+00
200.50000000 , 0.000000000000000e+00 , 0.000000000000000e+00
201.00000000 , 0.000000000000000e+00 , 0.000000000000000e+00
201.50000000 , 0.000000000000000e+00 , 0.000000000000000e+00
202.00000000 , 6.913379707970591e-09 , 6.913379703520318e-09
202.50000000 , 0.000000000000000e+00 , 0.000000000000000e+00
203.00000000 , 2.930504535590385e-08 , 2.774053692337428e-08
203.50000000 , 5.894083596392473e-08 , 3.554952306208560e-08
204.00000000 , 2.533265886642207e-08 , 1.302334301762180e-08
204.50000000 , 2.948755578517891e-08 , 1.922660295576210e-08
205.00000000 , 8.324908733201224e-08 , 5.292274718714686e-08
205.50000000 , 7.205308017945639e-08 , 3.391171863746818e-08
206.00000000 , 4.004184104531465e-07 , 3.427756384609602e-07
206.50000000 , 5.827230558396541e-08 , 1.366975082700604e-08
207.00000000 , 1.458163903591034e-07 , 8.037742647647889e-08
207.50000000 , 1.055397906724001e-07 , 2.141286785638558e-08
208.00000000 , 6.951063055359313e-08 , 1.517379517235074e-08
208.50000000 , 1.077956535133805e-07 , 2.145719636665882e-08
209.00000000 , 1.384627182575372e-07 , 2.394708473743752e-08
209.50000000 , 1.368562331929777e-07 , 2.113887604149306e-08
210.00000000 , 1.361849626905479e-07 , 2.012650160824333e-08
210.50000000 , 2.152609863484777e-07 , 2.760654755384859e-08
211.00000000 , 1.909278485504780e-07 , 2.461515281273428e-08
211.50000000 , 2.264178629693644e-07 , 2.714487747106416e-08
212.00000000 , 3.100658722063409e-07 , 3.161385414178893e-08
212.50000000 , 2.645942267174128e-07 , 2.848031259860304e-08
213.00000000 , 3.338783678853813e-07 , 3.245858304367411e-08
213.50000000 , 3.943573278338465e-07 , 3.434304697618910e-08
214.00000000 , 4.350575071432973e-07 , 3.595664930147387e-08
214.50000000 , 5.379807468854668e-07 , 4.211177889584710e-08
215.00000000 , 5.502528798587346e-07 , 4.051705104786844e-08
215.50000000 , 5.577361697810616e-07 , 4.124077353387390e-08
216.00000000 , 7.389377663224549e-07 , 4.634370594045908e-08
216.50000000 , 7.915282008995239e-07 , 4.907489831472630e-08
217.00000000 , 8.492620187142708e-07 , 4.970484941630167e-08
217.50000000 , 1.011028185715808e-06 , 5.403701090895681e-08
218.00000000 , 1.118666650731783e-06 , 5.731745304456447e-08
218.50000000 , 1.236461431789493e-06 , 6.007302956088196e-08
219.00000000 , 1.510570472384006e-06 , 6.572588725260028e-08
219.50000000 , 1.730612880310496e-06 , 7.073054529998378e-08
220.00000000 , 1.949030679944961e-06 , 7.536617848805162e-08
220.50000000 , 2.309855558085790e-06 , 8.081053741100074e-08
221.00000000 , 2.633400450767261e-06 , 8.645115654342123e-08
221.50000000 , 3.041937788678923e-06 , 9.278363817938439e-08
222.00000000 , 3.590257137558654e-06 , 1.027595302082615e-07
222.50000000 , 3.950507315722754e-06 , 1.045765634921728e-07
223.00000000 , 4.583423724261674e-06 , 1.132426694817000e-07
223.50000000 , 5.253319008491037e-06 , 1.217501777844863e-07
224.00000000 , 5.875344907587171e-06 , 1.285291299894993e-07
224.50000000 , 6.538502732267056e-06 , 1.347780223073296e-07
225.00000000 , 7.031632225222252e-06 , 1.388581322171058e-07
225.50000000 , 7.712510695650696e-06 , 1.475314675424996e-07
226.00000000 , 8.673408621379085e-06 , 1.554591870431790e-07
226.50000000 , 9.289701294317753e-06 , 1.598295392730475e-07
227.00000000 , 1.059865822879653e-05 , 1.726763589129297e-07
227.50000000 , 1.158624661480102e-05 , 1.805238183563618e-07
228.00000000 , 1.163468528853155e-05 , 1.773534343081956e-07
228.50000000 , 1.330083783624624e-05 , 1.917771174163573e-07
229.00000000 , 1.461945307374500e-05 , 2.018289214949482e-07
229.50000000 , 1.569587907489295e-05 , 2.076704330907791e-07
230.00000000 , 1.602755088721750e-05 , 2.083039542282164e-07
230.50000000 , 1.741412012189926e-05 , 2.183976070588157e-07
231.00000000 , 1.921002081970672e-05 , 2.283399227389399e-07
231.50000000 , 2.033328860292262e-05 , 2.352321748562567e-07
232.00000000 , 2.156041042302244e-05 , 2.440131980043037e-07
232.50000000 , 2.307340424595290e-05 , 2.515014289017217e-07
233.00000000 , 2.457258433340365e-05 , 2.586843957833592e-07
233.50000000 , 2.646413535439063e-05 , 2.696379459285555e-07
234.00000000 , 2.809680370657312e-05 , 2.768556154611527e-07
234.50000000 , 3.007188214776394e-05 , 2.876767829724995e-07
235.00000000 , 3.157883925996410e-05 , 2.944143925896337e-07
235.50000000 , 3.337009222895944e-05 , 3.024967228783953e-07
236.00000000 , 3.589521263912254e-05 , 3.135898871574671e-07
236.50000000 , 3.786842360632456e-05 , 3.213100211104370e-07
237.00000000 , 3.954390187156327e-05 , 3.290948296101064e-07
237.50000000 , 4.214839883985886e-05 , 3.382650081093311e-07
238.00000000 , 4.378864537450875e-05 , 3.457376927896298e-07
238.50000000 , 4.622722397747936e-05 , 3.543054425556775e-07
239.00000000 , 4.931226954055773e-05 , 3.680384877033728e-07
239.50000000 , 5.127377826316546e-05 , 3.732009900713831e-07
240.00000000 , 5.446022209351464e-05 , 3.850851659747903e-07
240.50000000 , 5.697626554606678e-05 , 3.920962415729627e-07
241.00000000 , 6.108368810831829e-05 , 4.101203903917082e-07
241.50000000 , 6.416064263841345e-05 , 4.174555851182014e-07
242.00000000 , 6.666539796944116e-05 , 4.272535061950452e-07
242.50000000 , 7.041944257078502e-05 , 4.385178131767711e-07
243.00000000 , 7.342304193353824e-05 , 4.473912866827530e-07
243.50000000 , 7.733084635399113e-05 , 4.593238881439343e-07
244.00000000 , 8.112881701080771e-05 , 4.685484919508453e-07
244.50000000 , 8.564562097469015e-05 , 4.826360370606575e-07
245.00000000 , 8.887199927085807e-05 , 4.929683580130909e-07
245.50000000 , 9.317862068143045e-05 , 5.044722907997377e-07
246.00000000 , 9.824042616909019e-05 , 5.182701620214940e-07
246.50000000 , 1.033246820313084e-04 , 5.308868394817571e-07
247.00000000 , 1.087990834011263e-04 , 5.444125354402763e-07
247.50000000 , 1.143432834767530e-04 , 5.587041731251898e-07
248.00000000 , 1.197338864448656e-04 , 5.723428285396983e-07
248.50000000 , 1.267256558397528e-04 , 5.888367802184957e-07
249.00000000 , 1.306253365892210e-04 , 5.945933077494304e-07
249.50000000 , 1.368247107624375e-04 , 6.104075617318099e-07
250.00000000 , 1.450293251562955e-04 , 6.285311200182725e-07
250.50000000 , 1.505432783833584e-04 , 6.400606583881401e-07
251.00000000 , 1.591517300566230e-04 , 6.586841619037860e-07
251.50000000 , 1.672113494857334e-04 , 6.749576586756288e-07
252.00000000 , 1.748032614918966e-04 , 6.892419008960718e-07
252.50000000 , 1.867203634402017e-04 , 7.142288625343174e-07
253.00000000 , 1.955905259623958e-04 , 7.295123090200481e-07
253.50000000 , 2.065387823148658e-04 , 7.495743495513252e-07
254.00000000 , 2.183997483369695e-04 , 7.703832482492354e-07
254.50000000 , 2.303362172892072e-04 , 7.926440155552735e-07
255.00000000 , 2.451922033673556e-04 , 8.169674776894381e-07
255.50000000 , 2.599444007726472e-04 , 8.401528441184862e-07
256.00000000 , 2.777338296330216e-04 , 8.693337555987575e-07
256.50000000 , 2.994891816136747e-04 , 9.028862815375209e-07
257.00000000 , 3.252651800411773e-04 , 9.404355743604552e-07
257.50000000 , 3.601194899657735e-04 , 9.893796461317264e-07
258.00000000 , 4.072937087052639e-04 , 1.050532427353022e-06
258.50000000 , 4.602345904528696e-04 , 1.113359257500006e-06
259.00000000 , 5.164001227439390e-04 , 1.177521954081499e-06
259.50000000 , 5.837008085288956e-04 , 1.249992279530059e-06
260.00000000 , 6.619736872255976e-04 , 1.329120394319512e-06
260.50000000 , 7.425655965213580e-04 , 1.401962728045450e-06
261.00000000 , 8.051137167641447e-04 , 1.459641453673253e-06
261.50000000 , 8.462272049184476e-04 , 1.496481570025197e-06
262.00000000 , 8.792931581388729e-04 , 1.525851526520172e-06
262.50000000 , 9.101988612549599e-04 , 1.554136095861890e-06
263.00000000 , 9.350857862344923e-04 , 1.575901680096095e-06
263.50000000 , 9.597363835834241e-04 , 1.595734731866762e-06
264.00000000 , 9.797907367849721e-04 , 1.612622928375710e-06
264.50000000 , 1.005289918011097e-03 , 1.634841052608575e-06
265.00000000 , 1.024237355365163e-03 , 1.649000211408711e-06
265.50000000 , 1.042850492105927e-03 , 1.666014670929096e-06
266.00000000 , 1.065768437951937e-03 , 1.684448947730228e-06
266.50000000 , 1.084006467471947e-03 , 1.698436921886558e-06
267.00000000 , 1.103511797853323e-03 , 1.714318224669584e-06
267.50000000 , 1.122291744478922e-03 , 1.730583452200570e-06
268.00000000 , 1.140643936672700e-03 , 1.744683211457654e-06
268.50000000 , 1.158808819010036e-03 , 1.758192247603717e-06
269.00000000 , 1.176866023875771e-03 , 1.772227949088058e-06
269.50000000 , 1.189676425122319e-03 , 1.780196584633637e-06
270.00000000 , 1.209481056557111e-03 , 1.796538996994016e-06
270.50000000 , 1.229754710858885e-03 , 1.813662084249074e-06
271.00000000 , 1.242214940160447e-03 , 1.820644904274026e-06
271.50000000 , 1.265655414566454e-03 , 1.841138603744531e-06
272.00000000 , 1.278472905009648e-03 , 1.848921744301998e-06
272.50000000 , 1.293851185199577e-03 , 1.861207042704606e-06
273.00000000 , 1.314429588597030e-03 , 1.876705266617348e-06
273.50000000 , 1.332914037260316e-03 , 1.889473456143652e-06
274.00000000 , 1.349674670864595e-03 , 1.903157249179812e-06
274.50000000 , 1.366849439523362e-03 , 1.916423373479546e-06
275.00000000 , 1.381142805098428e-03 , 1.926387153262603e-06
275.50000000 , 1.397750970870164e-03 , 1.937953329260513e-06
276.00000000 , 1.414902494992977e-03 , 1.949727486215656e-06
276.50000000 , 1.433112136159295e-03 , 1.962885499478438e-06
277.00000000 , 1.454510130162645e-03 , 1.979571365352427e-06
277.50000000 , 1.465771053354303e-03 , 1.985781609725074e-06
278.00000000 , 1.481289297517303e-03 , 1.997694459530876e-06
278.50000000 , 1.498030130686684e-03 , 2.009032259008738e-06
279.00000000 , 1.518218290978173e-03 , 2.024210900337464e-06
279.50000000 , 1.532690332826821e-03 , 2.033395271940342e-06
280.00000000 , 1.553583930903934e-03 , 2.048140892414540e-06
280.50000000 , 1.568295106584042e-03 , 2.058222401843994e-06
281.00000000 , 1.585412449471890e-03 , 2.069806969401435e-06
281.50000000 , 1.606777464693940e-03 , 2.084641433508625e-06
282.00000000 , 1.623288976459662e-03 , 2.095695830541028e-06
282.50000000 , 1.635183434255682e-03 , 2.104177983140962e-06
283.00000000 , 1.653670982178901e-03 , 2.115261605701590e-06
283.50000000 , 1.671370053254598e-03 , 2.129111357812627e-06
284.00000000 , 1.689407188383175e-03 , 2.139714241530074e-06
284.50000000 , 1.708999727960054e-03 , 2.153089853078662e-06
285.00000000 , 1.727530023238979e-03 , 2.166403432798126e-06
285.50000000 , 1.742019923454978e-03 , 2.175487071698409e-06
286.00000000 , 1.761019649048299e-03 , 2.187036876603292e-06
286.50000000 , 1.780935345684466e-03 , 2.201302930420270e-06
287.00000000 , 1.795324131996115e-03 , 2.211273708247962e-06
287.50000000 , 1.811411417508444e-03 , 2.221750576328123e-06
288.00000000 , 1.830792891649507e-03 , 2.233288333588762e-06
288.50000000 , 1.844358410578361e-03 , 2.241074415046129e-06
289.00000000 , 1.869625887789173e-03 , 2.258688957726003e-06
289.50000000 , 1.882965078125487e-03 , 2.265838004788593e-06
290.00000000 , 1.904572323957296e-03 , 2.281879242827682e-06
290.50000000 , 1.923007067290234e-03 , 2.292765892360556e-06
291.00000000 , 1.939170228199635e-03 , 2.302960908312137e-06
291.50000000 , 1.958990317556403e-03 , 2.316936879567301e-06
292.00000000 , 1.970769802178527e-03 , 2.322295209523486e-06
292.50000000 , 1.990710867406515e-03 , 2.334864184184063e-06
293.00000000 , 2.011736539922780e-03 , 2.348350564570718e-06
293.50000000 , 2.030040371724397e-03 , 2.360134933199773e-06
294.00000000 , 2.046672649134685e-03 , 2.369989312952297e-06
294.50000000 , 2.067119614202581e-03 , 2.383050145097577e-06
295.00000000 , 2.090008233491797e-03 , 2.398607882369079e-06
295.50000000 , 2.105567670375994e-03 , 2.407492910676835e-06
296.00000000 , 2.122652688530450e-03 , 2.416945429862577e-06
296.50000000 , 2.143559347429231e-03 , 2.430390570064775e-06
297.00000000 , 2.157531347428474e-03 , 2.438093455387288e-06
297.50000000 , 2.181330699127175e-03 , 2.453503261718443e-06
298.00000000 , 2.199456942839772e-03 , 2.463244565359407e-06
298.50000000 , 2.219684716222139e-03 , 2.476743470093688e-06
299.00000000 , 2.238578309542528e-03 , 2.487682056010425e-06
299.50000000 , 2.257586172280787e-03 , 2.498336597035238e-06
300.00000000 , 2.276803424613433e-03 , 2.510000463331479e-06
300.50000000 , 2.299301827999240e-03 , 2.524138162851789e-06
301.00000000 , 2.315567796237615e-03 , 2.532782477240296e-06
301.50000000 , 2.337047308783775e-03 , 2.547538518354288e-06
302.00000000 , 2.356585017911070e-03 , 2.557740380069372e-06
302.50000000 , 2.373722381949397e-03 , 2.566515693408138e-06
303.00000000 , 2.394053092153568e-03 , 2.579094259492875e-06
303.50000000 , 2.415866727283303e-03 , 2.591944054342113e-06
304.00000000 , 2.437178471555918e-03 , 2.605206620963032e-06
304.50000000 , 2.458414267759801e-03 , 2.618179115734283e-06
305.00000000 , 2.476652864797068e-03 , 2.626424974644508e-06
305.50000000 , 2.499100411940446e-03 , 2.640686428419121e-06
306.00000000 , 2.517984681218409e-03 , 2.650245512436245e-06
306.50000000 , 2.543650928197912e-03 , 2.665053705088566e-06
307.00000000 , 2.561277613916405e-03 , 2.675688110483802e-06
307.50000000 , 2.580255206332845e-03 , 2.686149547195034e-06
308.00000000 , 2.603197382057356e-03 , 2.699975479419963e-06
308.50000000 , 2.621229705820791e-03 , 2.709751206988191e-06
309.00000000 , 2.643753137169763e-03 , 2.723891119622970e-06
309.50000000 , 2.664832522954377e-03 , 2.733409165577459e-06
310.00000000 , 2.686464782588847e-03 , 2.746572267551828e-06
310.50000000 , 2.707373000360845e-03 , 2.758352349658461e-06
311.00000000 , 2.727438006814996e-03 , 2.770319786902960e-06
311.50000000 , 2.755320477782031e-03 , 2.786889687901046e-06
312.00000000 , 2.771388524755101e-03 , 2.793902299091841e-06
312.50000000 , 2.795951737120521e-03 , 2.807534147480392e-06
313.00000000 , 2.820750126025275e-03 , 2.822585598458282e-06
313.50000000 , 2.836644588486363e-03 , 2.828527833079562e-06
314.00000000 , 2.864302958832556e-03 , 2.843851111259933e-06
314.50000000 , 2.887685284009920e-03 , 2.856953046668625e-06
315.00000000 , 2.912538455365535e-03 , 2.871866660287578e-06
315.50000000 , 2.933835281913933e-03 , 2.883147443653845e-06
316.00000000 , 2.954988541760108e-03 , 2.894019063883956e-06
316.50000000 , 2.979541501761794e-03 , 2.907092352289838e-06
317.00000000 , 3.008344264867267e-03 , 2.922140865494372e-06
317.50000000 , 3.026468847103388e-03 , 2.932550020693925e-06
318.00000000 , 3.048844619382793e-03 , 2.943999958336260e-06
318.50000000 , 3.080526210054186e-03 , 2.961360040798590e-06
319.00000000 , 3.099655940960245e-03 , 2.970855581999359e-06
319.50000000 , 3.125437778357693e-03 , 2.985503909235880e-06
320.00000000 , 3.150739315812548e-03 , 2.999124409681075e-06
320.50000000 , 3.169118892447824e-03 , 3.007636791306005e-06
321.00000000 , 3.204148552454807e-03 , 3.027862098139281e-06
321.50000000 , 3.225486497971909e-03 , 3.036062635467055e-06
322.00000000 , 3.249892210783824e-03 , 3.049028491786283e-06
322.50000000 , 3.276610595381781e-03 , 3.064213486625582e-06
323.00000000 , 3.296998483496163e-03 , 3.073025202930583e-06
323.50000000 , 3.329006011382569e-03 , 3.090784002831777e-06
324.00000000 , 3.352067748921181e-03 , 3.102536169262741e-06
324.50000000 , 3.380909233957386e-03 , 3.116877026656179e-06
325.00000000 , 3.409025514509571e-03 , 3.131697248575480e-06
325.50000000 , 3.436211312590995e-03 , 3.145223321531189e-06
326.00000000 , 3.466061440181980e-03 , 3.160755868771721e-06
326.50000000 , 3.487367560344567e-03 , 3.172225123933302e-06
327.00000000 , 3.517444832013095e-03 , 3.186145737373849e-06
327.50000000 , 3.545634254567059e-03 , 3.201047045547920e-06
328.00000000 , 3.572677524439135e-03 , 3.213143354064382e-06
328.50000000 , 3.605005294819118e-03 , 3.229509145023395e-06
329.00000000 , 3.629469815334844e-03 , 3.243061869303636e-06
329.50000000 , 3.658697642470639e-03 , 3.257760308829098e-06
330.00000000 , 3.692749808523853e-03 , 3.272925616746295e-06
330.50000000 , 3.719106926541634e-03 , 3.287541160622993e-06
331.00000000 , 3.752475862708595e-03 , 3.304448244907033e-06
331.50000000 , 3.783106415301344e-03 , 3.318639067384404e-06
332.00000000 , 3.807736215187407e-03 , 3.330018613052238e-06
332.50000000 , 3.845769043681467e-03 , 3.350079404848180e-06
333.00000000 , 3.873482111076275e-03 , 3.362805872111131e-06
333.50000000 , 3.906724409715465e-03 , 3.379057443989580e-06
334.00000000 , 3.943232183198610e-03 , 3.396685445056750e-06
334.50000000 , 3.975272864284682e-03 , 3.412098654380928e-06
335.00000000 , 4.004020914697010e-03 , 3.427589020062907e-06
335.50000000 , 4.031507138801389e-03 , 3.439002651210697e-06
336.00000000 , 4.072747799258500e-03 , 3.458481787675519e-06
336.50000000 , 4.107890959960921e-03 , 3.475271889143039e-06
337.00000000 , 4.133371551703602e-03 , 3.486022110880791e-06
337.50000000 , 4.171991264690139e-03 , 3.505158547703505e-06
338.00000000 , 4.209712435310620e-03 , 3.524099362199618e-06
338.50000000 , 4.238607852788510e-03 , 3.535496355020772e-06
339.00000000 , 4.278551410155156e-03 , 3.554707183549575e-06
339.50000000 , 4.324822475696384e-03 , 3.577350283614777e-06
340.00000000 , 4.351658864249368e-03 , 3.590344905234355e-06
340.50000000 , 4.391331763673153e-03 , 3.608749768370155e-06
341.00000000 , 4.423908518873134e-03 , 3.623087940979411e-06
341.50000000 , 4.466329237683757e-03 , 3.643275529620718e-06
342.00000000 , 4.499819660446059e-03 , 3.658572080754405e-06
342.50000000 , 4.543114546142074e-03 , 3.677784608942221e-06
343.00000000 , 4.580789797616650e-03 , 3.696571064294993e-06
343.50000000 , 4.620618659362499e-03 , 3.714931723679841e-06
344.00000000 , 4.663423695111290e-03 , 3.732981097640700e-06
344.50000000 , 4.701925930015588e-03 , 3.750340050894189e-06
345.00000000 , 4.741280263767558e-03 , 3.769060755284860e-06
345.50000000 , 4.784970271720513e-03 , 3.788540904058339e-06
346.00000000 , 4.827347948862666e-03 , 3.807685948455296e-06
346.50000000 , 4.869587170561354e-03 , 3.826509288834913e-06
347.00000000 , 4.916552070745856e-03 , 3.848402804115998e-06
347.50000000 , 4.961657298767821e-03 , 3.865592043954812e-06
348.00000000 , 5.006929940525538e-03 , 3.887599665626226e-06
348.50000000 , 5.056577150570854e-03 , 3.909456165973191e-06
349.00000000 , 5.101359297322189e-03 , 3.928843832236983e-06
349.50000000 , 5.140840831514806e-03 , 3.946658313803171e-06
350.00000000 , 5.203418036056083e-03 , 3.974246384691278e-06
350.50000000 , 5.244615206029701e-03 , 3.992760672767232e-06
351.00000000 , 5.289285454372136e-03 , 4.009676727876878e-06
351.50000000 , 5.350778229564705e-03 , 4.037902069323616e-06
352.00000000 , 5.396493644862880e-03 , 4.057649907964750e-06
352.50000000 , 5.452417300994419e-03 , 4.080675298060567e-06
353.00000000 , 5.503969659650805e-03 , 4.104485043878176e-06
353.50000000 , 5.556468465721835e-03 , 4.126326684263885e-06
354.00000000 , 5.616675231605135e-03 , 4.153410715133741e-06
354.50000000 , 5.678785704318069e-03 , 4.178492802335026e-06
355.00000000 , 5.727963367768058e-03 , 4.198201011340114e-06
355.50000000 , 5.795299356117128e-03 , 4.227657209275355e-06
356.00000000 , 5.853479490727062e-03 , 4.252498525159301e-06
356.50000000 , 5.912999224350636e-03 , 4.277251408119762e-06
357.00000000 , 5.982325909503357e-03 , 4.304890053543297e-06
357.50000000 , 6.037375677525574e-03 , 4.327837773884180e-06
358.00000000 , 6.102338851119190e-03 , 4.355533202618639e-06
358.50000000 , 6.170415905714873e-03 , 4.383701746465973e-06
359.00000000 , 6.241583583342122e-03 , 4.412163007126885e-06
359.50000000 , 6.315611654719249e-03 , 4.443137876044565e-06
360.00000000 , 6.387278129739257e-03 , 4.471580935878887e-06
360.50000000 , 6.462830397807537e-03 , 4.502378243542254e-06
361.00000000 , 6.540239106960604e-03 , 4.533830184517075e-06
361.50000000 , 6.623381808030582e-03 , 4.566582154882348e-06
362.00000000 , 6.700701567274697e-03 , 4.598566112979822e-06
362.50000000 , 6.777925363734592e-03 , 4.631592468192365e-06
363.00000000 , 6.862378884097682e-03 , 4.664834819481448e-06
363.50000000 , 6.942867027148071e-03 , 4.695210081633858e-06
364.00000000 , 7.031420566625424e-03 , 4.731074874049158e-06
364.50000000 , 7.126744307590641e-03 , 4.769033983503873e-06
365.00000000 , 7.215231966586495e-03 , 4.803198007592915e-06
365.50000000 , 7.313748056029849e-03 , 4.841662936081199e-06
366.00000000 , 7.416140960460407e-03 , 4.881700263192451e-06
366.50000000 , 7.518974565691211e-03 , 4.922429414612271e-06
367.00000000 , 7.609637752161620e-03 , 4.956511155005183e-06
367.50000000 , 7.714399000883191e-03 , 4.996933937470430e-06
368.00000000 , 7.809017833394889e-03 , 5.031122549910703e-06
368.50000000 , 7.874987396594573e-03 , 5.059948040049752e-06
369.00000000 , 7.907886083758017e-03 , 5.072314445149968e-06
369.50000000 , 7.939956897726853e-03 , 5.083156742227628e-06
370.00000000 , 7.960633111422276e-03 , 5.089488782760299e-06
370.50000000 , 7.989176215085063e-03 , 5.101346327500650e-06
371.00000000 , 8.008818248119528e-03 , 5.105344919027084e-06
371.50000000 , 8.018265695267372e-03 , 5.109185818466748e-06
372.00000000 , 8.033938820644097e-03 , 5.114251371985718e-06
372.50000000 , 8.054288284350761e-03 , 5.121440904870509e-06
373.00000000 , 8.069862825368005e-03 , 5.125832686473006e-06
373.50000000 , 8.087933862857982e-03 , 5.133051038712769e-06
374.00000000 , 8.101104714374653e-03 , 5.135471912088175e-06
374.50000000 , 8.106389205151965e-03 , 5.136838084413147e-06
375.00000000 , 8.133458413073356e-03 , 5.144598151013674e-06
375.50000000 , 8.156798959387162e-03 , 5.154810820360812e-06
376.00000000 , 8.155918920093083e-03 , 5.151837157714424e-06
376.50000000 , 8.174323363147296e-03 , 5.157808540258560e-06
377.00000000 , 8.194719083581813e-03 , 5.165805840592974e-06
377.50000000 , 8.197714730386088e-03 , 5.164236457088366e-06
378.00000000 , 8.217716552577041e-03 , 5.172080185134773e-06
378.50000000 , 8.232545896775361e-03 , 5.176845434592128e-06
379.00000000 , 8.251366342884099e-03 , 5.185345430561503e-06
379.50000000 , 8.260236340441525e-03 , 5.184455016702873e-06
380.00000000 , 8.270597141299423e-03 , 5.188454389348749e-06
380.50000000 , 8.286981514852647e-03 , 5.195629007359490e-06
381.00000000 , 8.301591328700833e-03 , 5.198620601345922e-06
381.50000000 , 8.311281985084623e-03 , 5.199888588178112e-06
382.00000000 , 8.329242453163344e-03 , 5.207813523813093e-06
382.50000000 , 8.347235210939732e-03 , 5.211069420668920e-06
383.00000000 , 8.362809396519642e-03 , 5.218379002178662e-06
383.50000000 , 8.367835998674885e-03 , 5.217167144738271e-06
384.00000000 , 8.395712546006509e-03 , 5.227641003329508e-06
384.50000000 , 8.398232354947925e-03 , 5.229232111330927e-06
385.00000000 , 8.404837997917854e-03 , 5.229759112635453e-06
385.50000000 , 8.436059595360368e-03 , 5.239668625602871e-06
386.00000000 , 8.440149599175762e-03 , 5.241025771321164e-06
386.50000000 , 8.459847837093764e-03 , 5.247255088612015e-06
387.00000000 , 8.471686601821534e-03 , 5.250228689793802e-06
387.50000000 , 8.478898740313870e-03 , 5.250880483138337e-06
388.00000000 , 8.498910100891792e-03 , 5.258178424055049e-06
388.50000000 , 8.517165546422777e-03 , 5.263377178756152e-06
389.00000000 , 8.530039348301483e-03 , 5.268019691199690e-06
389.50000000 , 8.542131196940110e-03 , 5.272172153033271e-06
390.00000000 , 8.548622497717338e-03 , 5.271922393085640e-06
390.50000000 , 8.560898269360620e-03 , 5.275998973449996e-06
391.00000000 , 8.590541379171587e-03 , 5.286175732283018e-06
391.50000000 , 8.599825072769815e-03 , 5.289233140237249e-06
392.00000000 , 8.621391002047370e-03 , 5.296544475077540e-06
392.50000000 , 8.611066509362537e-03 , 5.291160739228864e-06
393.00000000 , 8.642714019740042e-03 , 5.300806569083515e-06
393.50000000 , 8.657687239960760e-03 , 5.306557883127858e-06
394.00000000 , 8.653760640300483e-03 , 5.304411240141087e-06
394.50000000 , 8.672162085164989e-03 , 5.310312207778063e-06
395.00000000 , 8.682264137883290e-03 , 5.314312425022309e-06
395.50000000 , 8.697486751638370e-03 , 5.318289008936992e-06
396.00000000 , 8.715789472188800e-03 , 5.323848771138292e-06
396.50000000 , 8.729465578294864e-03 , 5.326429596629367e-06
397.00000000 , 8.742122194177864e-03 , 5.332165082607989e-06
397.50000000 , 8.752928391053469e-03 , 5.333321410493445e-06
398.00000000 , 8.769230100176665e-03 , 5.340946195632530e-06
398.50000000 , 8.781135004949106e-03 , 5.342214642817851e-06
399.00000000 , 8.794195791379073e-03 , 5.347217059754207e-06
399.50000000 , 8.800278584006250e-03 , 5.348212873405011e-06
400.00000000 , 8.809492236378261e-03 , 5.350156902319487e-06
400.50000000 , 8.833010141752598e-03 , 5.357231616707220e-06
401.00000000 , 8.845087956854328e-03 , 5.360804569759166e-06
401.50000000 , 8.858908307726843e-03 , 5.365481762975945e-06
402.00000000 , 8.863362079059927e-03 , 5.366234626591654e-06
402.50000000 , 8.873438597087157e-03 , 5.369364189936669e-06
403.00000000 , 8.885056717640092e-03 , 5.374398261641000e-06
403.50000000 , 8.903813160429687e-03 , 5.377870738352390e-06
404.00000000 , 8.921185693683643e-03 , 5.383496438415721e-06
404.50000000 , 8.933730460709579e-03 , 5.387213448372654e-06
405.00000000 , 8.937485129906256e-03 , 5.388338281677183e-06
405.50000000 , 8.954534600459604e-03 , 5.391110916759402e-06
406.00000000 , 8.963528564846826e-03 , 5.395678341876981e-06
406.50000000 , 8.967778602445301e-03 , 5.396582830538009e-06
407.00000000 , 8.990524909481015e-03 , 5.404213589314319e-06
407.50000000 , 8.998147891562202e-03 , 5.405121834125278e-06
408.00000000 , 9.011808126044671e-03 , 5.410982657374831e-06
408.50000000 , 9.010152157956445e-03 , 5.408786644086888e-06
409.00000000 , 9.033804934279360e-03 , 5.416393815999554e-06
409.50000000 , 9.043774876416147e-03 , 5.420326004718139e-06
410.00000000 , 9.044197498807806e-03 , 5.418436725032616e-06
410.50000000 , 9.056868695818815e-03 , 5.422660166104273e-06
411.00000000 , 9.064610271117652e-03 , 5.423552191446152e-06
411.50000000 , 9.091124970357299e-03 , 5.433479821134346e-06
412.00000000 , 9.097704639180828e-03 , 5.435138988914335e-06
412.50000000 , 9.110296670367696e-03 , 5.437309606578017e-06
413.00000000 , 9.108587007419410e-03 , 5.437466808431587e-06
413.50000000 , 9.120273118020928e-03 , 5.441955332297552e-06
414.00000000 , 9.135871688640097e-03 , 5.445241834359136e-06
414.50000000 , 9.142193677797377e-03 , 5.446991117548852e-06
415.00000000 , 9.153650241007987e-03 , 5.449554785265540e-06
415.50000000 , 9.153996709184061e-03 , 5.450330198326650e-06
416.00000000 , 9.156644857011110e-03 , 5.450612955787525e-06
416.50000000 , 9.173012063080726e-03 , 5.453608253685070e-06
417.00000000 , 9.191774740043207e-03 , 5.462274630394883e-06
417.50000000 , 9.187221978119348e-03 , 5.459417466106779e-06
418.00000000 , 9.201822186203286e-03 , 5.463989241949632e-06
418.50000000 , 9.206142691628345e-03 , 5.465438542715654e-06
419.00000000 , 9.215194419741708e-03 , 5.467276864114505e-06
419.50000000 , 9.228949596383819e-03 , 5.471927213031364e-06
420.00000000 , 9.220653664104989e-03 , 5.468742502291419e-06
420.50000000 , 9.231332488115591e-03 , 5.472239732948449e-06
421.00000000 , 9.243454615102363e-03 , 5.475673956421741e-06
421.50000000 , 9.231691652161060e-03 , 5.470342570932709e-06
422.00000000 , 9.249197727433246e-03 , 5.475852662787063e-06
422.50000000 , 9.256634155500515e-03 , 5.479639570537078e-06
423.00000000 , 9.262599692076429e-03 , 5.481063370080015e-06
423.50000000 , 9.266463977673509e-03 , 5.481436462660483e-06
424.00000000 , 9.270660083160361e-03 , 5.482261062125185e-06
424.50000000 , 9.270594726004999e-03 , 5.481754470740335e-06
425.00000000 , 9.290318422951012e-03 , 5.487722907358490e-06
425.50000000 , 9.287692560802082e-03 , 5.487796630094498e-06
426.00000000 , 9.283413872140718e-03 , 5.486057991502230e-06
426.50000000 , 9.288612035362397e-03 , 5.487052281485570e-06
427.00000000 , 9.295537286544970e-03 , 5.488258705263999e-06
427.50000000 , 9.286943259524059e-03 , 5.487071354171882e-06
428.00000000 , 9.295108260530333e-03 , 5.489230095939259e-06
428.50000000 , 9.298473208891605e-03 , 5.488818518792772e-06
429.00000000 , 9.292504083597433e-03 , 5.486827375733371e-06
429.50000000 , 9.303926556235792e-03 , 5.491893349006478e-06
430.00000000 , 9.297796068023738e-03 , 5.488458601904801e-06
430.50000000 , 9.294592544003761e-03 , 5.487528085049885e-06
431.00000000 , 9.293322464403396e-03 , 5.488220733785575e-06
431.50000000 , 9.301433290147081e-03 , 5.490741484295723e-06
432.00000000 , 9.289716199704489e-03 , 5.484565686328048e-06
432.50000000 , 9.284423581557991e-03 , 5.483568412771647e-06
433.00000000 , 9.281312703105300e-03 , 5.483188617905997e-06
433.50000000 , 9.285195925593676e-03 , 5.484070807895702e-06
434.00000000 , 9.273921028474618e-03 , 5.480202722154706e-06
434.50000000 , 9.251503548052634e-03 , 5.473645335475961e-06
435.00000000 , 9.266051565637397e-03 , 5.479173684329204e-06
435.50000000 , 9.249986264939756e-03 , 5.473358870336813e-06
436.00000000 , 9.250734564694621e-03 , 5.474182912910487e-06
436.50000000 , 9.237467813387064e-03 , 5.468879030412222e-06
437.00000000 , 9.228825080528906e-03 , 5.466638125145645e-06
437.50000000 , 9.225929897823769e-03 , 5.466178431291232e-06
438.00000000 , 9.218408935168551e-03 , 5.464389832723634e-06
438.50000000 , 9.195421483937288e-03 , 5.455788497102142e-06
439.00000000 , 9.189178439753105e-03 , 5.455603947194003e-06
439.50000000 , 9.172593313992852e-03 , 5.450284743823349e-06
440.00000000 , 9.149530656615515e-03 , 5.442195384259146e-06
440.50000000 , 9.142821583556374e-03 , 5.442699411702378e-06
441.00000000 , 9.125041554343011e-03 , 5.436649279963580e-06
441.50000000 , 9.116880388637913e-03 , 5.434124487633082e-06
442.00000000 , 9.084857224508483e-03 , 5.423608935196108e-06
442.50000000 , 9.062160608876822e-03 , 5.416322044124918e-06
443.00000000 , 9.044650331365594e-03 , 5.412234536968728e-06
443.50000000 , 9.018569009249135e-03 , 5.404486370895013e-06
444.00000000 , 8.988940409862776e-03 , 5.395022233529530e-06
444.50000000 , 8.977177694596085e-03 , 5.391966048481597e-06
445.00000000 , 8.937306497470217e-03 , 5.379832159762070e-06
445.50000000 , 8.906714742124372e-03 , 5.370280933195063e-06
446.00000000 , 8.877414837574966e-03 , 5.360504967579404e-06
446.50000000 , 8.841500495950538e-03 , 5.350845816121935e-06
447.00000000 , 8.808713059781115e-03 , 5.340284902340181e-06
447.50000000 , 8.770768971492419e-03 , 5.329398889369753e-06
448.00000000 , 8.734208383659705e-03 , 5.318790801124808e-06
448.50000000 , 8.687528753884514e-03 , 5.303535853903764e-06
449.00000000 , 8.642732370817587e-03 , 5.290056624729415e-06
449.50000000 , 8.602603707120461e-03 , 5.277276807861102e-06
450.00000000 , 8.549876982480784e-03 , 5.261310826685721e-06
450.50000000 , 8.503978203451631e-03 , 5.248761494124286e-06
451.00000000 , 8.438267570496844e-03 , 5.226750767829495e-06
451.50000000 , 8.384892389977748e-03 , 5.211455019374718e-06
452.00000000 , 8.328400604541328e-03 , 5.193102092422785e-06
452.50000000 , 8.257311665474797e-03 , 5.171194567196118e-06
453.00000000 , 8.190829339394190e-03 , 5.150675842391360e-06
453.50000000 , 8.115202316445960e-03 , 5.126856048768533e-06
454.00000000 , 8.036837346273909e-03 , 5.101334454298476e-06
454.50000000 , 7.963122367874945e-03 , 5.077788600528568e-06
455.00000000 , 7.865617410384412e-03 , 5.046448954274701e-06
455.50000000 , 7.767653262320984e-03 , 5.015803414079990e-06
456.00000000 , 7.679780278869832e-03 , 4.987464087801795e-06
456.50000000 , 7.563418892611842e-03 , 4.949219998075563e-06
457.00000000 , 7.459628872281889e-03 , 4.914434027592145e-06
457.50000000 , 7.333888578254077e-03 , 4.874246187825150e-06
458.00000000 , 7.212636530657479e-03 , 4.834343020564794e-06
458.50000000 , 7.077126961748981e-03 , 4.788553592165421e-06
459.00000000 , 6.930972321057119e-03 , 4.739018201614088e-06
459.50000000 , 6.762034822508641e-03 , 4.681217710407240e-06
460.00000000 , 6.604063269952197e-03 , 4.625763177997183e-06
460.50000000 , 6.404896254950511e-03 , 4.555059245945175e-06
461.00000000 , 6.200656994691819e-03 , 4.480369899205603e-06
461.50000000 , 5.990299312702286e-03 , 4.405514227256327e-06
462.00000000 , 5.743596756570619e-03 , 4.313188930956468e-06
462.50000000 , 5.471617174692244e-03 , 4.209875328971252e-06
463.00000000 , 5.180164672823692e-03 , 4.095487854468501e-06
463.50000000 , 4.845399325150991e-03 , 3.961049568586895e-06
464.00000000 , 4.483431661015837e-03 , 3.810916934733012e-06
464.50000000 , 4.069649986457869e-03 , 3.631467231448492e-06
465.00000000 , 3.599682290501078e-03 , 3.415476800191273e-06
465.50000000 , 3.062602702381483e-03 , 3.151753791017456e-06
466.00000000 , 2.391011716460846e-03 , 2.785831072087304e-06
466.50000000 , 1.498600981883567e-03 , 2.216001354204893e-06
467.00000000 , 7.415830824691796e-04 , 1.579887846674605e-06
467.50000000 , 4.936762863729679e-04 , 1.291137766630086e-06
468.00000000 , 3.493528676118512e-04 , 1.090978665849981e-06
468.50000000 , 2.454985715230452e-04 , 9.176747439947402e-07
469.00000000 , 1.731881311548839e-04 , 7.760317329303650e-07
469.50000000 , 1.154178379062709e-04 , 6.359437980675847e-07
470.00000000 , 7.527263434713461e-05 , 5.200407301717980e-07
470.50000000 , 4.375961697326927e-05 , 3.975671564743785e-07
471.00000000 , 2.241199010597081e-05 , 2.878067086090338e-07
471.50000000 , 9.047515327087131e-06 , 1.863654357336533e-07
472.00000000 , 2.015123110612319e-06 , 8.996755908850592e-08
472.50000000 , 5.385796080537596e-08 , 2.990108309805555e-08
473.00000000 , 0.000000000000000e+00 , 0.000000000000000e+00
473.50000000 , 0.000000000000000e+00 , 0.000000000000000e+00
474.00000000 , 0.000000000000000e+00 , 0.000000000000000e+00
474.50000000 , 0.000000000000000e+00 , 0.000000000000000e+00
475.00000000 , 0.000000000000000e+00 , 0.000000000000000e+00
475.50000000 , 0.000000000000000e+00 , 0.000000000000000e+00
476.00000000 , 0.000000000000000e+00 , 0.000000000000000e+00
476.50000000 , 0.000000000000000e+00 , 0.000000000000000e+00
477.00000000 , 0.000000000000000e+00 , 0.000000000000000e+00
477.50000000 , 0.000000000000000e+00 , 0.000000000000000e+00
478.00000000 , 0.000000000000000e+00 , 0.000000000000000e+00
478.50000000 , 0.000000000000000e+00 , 0.000000000000000e+00
479.00000000 , 0.000000000000000e+00 , 0.000000000000000e+00
479.50000000 , 0.000000000000000e+00 , 0.000000000000000e+00
480.00000000 , 0.000000000000000e+00 , 0.000000000000000e+00
480.50000000 , 0.000000000000000e+00 , 0.000000000000000e+00
481.00000000 , 0.000000000000000e+00 , 0.000000000000000e+00
481.50000000 , 0.000000000000000e+00 , 0.000000000000000e+00
482.00000000 , 0.000000000000000e+00 , 0.000000000000000e+00
482.50000000 , 0.000000000000000e+00 , 0.000000000000000e+00
483.00000000 , 0.000000000000000e+00 , 0.000000000000000e+00
483.50000000 , 0.000000000000000e+00 , 0.000000000000000e+00
484.00000000 , 0.000000000000000e+00 , 0.000000000000000e+00
484.50000000 , 0.000000000000000e+00 , 0.000000000000000e+00
485.00000000 , 0.000000000000000e+00 , 0.000000000000000e+00
485.50000000 , 0.000000000000000e+00 , 0.000000000000000e+00
486.00000000 , 0.000000000000000e+00 , 0.000000000000000e+00
486.50000000 , 0.000000000000000e+00 , 0.000000000000000e+00
487.00000000 , 0.000000000000000e+00 , 0.000000000000000e+00
487.50000000 , 0.000000000000000e+00 , 0.000000000000000e+00
488.00000000 , 0.000000000000000e+00 , 0.000000000000000e+00
488.50000000 , 0.000000000000000e+00 , 0.000000000000000e+00
489.00000000 , 0.000000000000000e+00 , 0.000000000000000e+00
489.50000000 , 0.000000000000000e+00 , 0.000000000000000e+00
490.00000000 , 0.000000000000000e+00 , 0.000000000000000e+00
490.50000000 , 0.000000000000000e+00 , 0.000000000000000e+00
491.00000000 , 0.000000000000000e+00 , 0.000000000000000e+00
491.50000000 , 0.000000000000000e+00 , 0.000000000000000e+00
492.00000000 , 0.000000000000000e+00 , 0.000000000000000e+00
492.50000000 , 0.000000000000000e+00 , 0.000000000000000e+00
493.00000000 , 0.000000000000000e+00 , 0.000000000000000e+00
493.50000000 , 0.000000000000000e+00 , 0.000000000000000e+00
494.00000000 , 0.000000000000000e+00 , 0.000000000000000e+00
494.50000000 , 0.000000000000000e+00 , 0.000000000000000e+00
495.00000000 , 0.000000000000000e+00 , 0.000000000000000e+00
495.50000000 , 0.000000000000000e+00 , 0.000000000000000e+00
496.00000000 , 0.000000000000000e+00 , 0.000000000000000e+00
496.50000000 , 0.000000000000000e+00 , 0.000000000000000e+00
497.00000000 , 0.000000000000000e+00 , 0.000000000000000e+00
497.50000000 , 0.000000000000000e+00 , 0.000000000000000e+00
498.00000000 , 0.000000000000000e+00 , 0.000000000000000e+00
498.50000000 , 0.000000000000000e+00 , 0.000000000000000e+00
499.00000000 , 0.000000000000000e+00 , 0.000000000000000e+00
499.50000000 , 0.000000000000000e+00 , 0.000000000000000e+00
