x_l , NLO , dNLO
165.00000000 , 9.627170621469569e-03 , 2.499711409688272e-05
165.02500000 , 9.589107946209199e-03 , 2.490331512219481e-05
165.05000000 , 9.628038998488717e-03 , 2.494926055935773e-05
165.07500000 , 9.654171204658982e-03 , 2.501586624551964e-05
165.10000000 , 9.654461863745948e-03 , 2.498841102208509e-05
165.12500000 , 9.686749571981967e-03 , 2.506062875311370e-05
165.15000000 , 9.673714978954726e-03 , 2.501805074672402e-05
165.17500000 , 9.746052546657268e-03 , 2.512992574364836e-05
165.20000000 , 9.744267762082998e-03 , 2.511548049265242e-05
165.22500000 , 9.748753141606642e-03 , 2.512704008177619e-05
165.25000000 , 9.708886688150353e-03 , 2.502944179187228e-05
165.27500000 , 9.772776484611757e-03 , 2.515651612642295e-05
165.30000000 , 9.735078586104694e-03 , 2.508824074455419e-05
165.32500000 , 9.786618936781842e-03 , 2.515054254370649e-05
165.35000000 , 9.792382241700136e-03 , 2.518502318057476e-05
165.37500000 , 9.806491848078394e-03 , 2.515167962634352e-05
165.40000000 , 9.863457361942270e-03 , 2.530273955020969e-05
165.42500000 , 9.819797177865212e-03 , 2.517733349249287e-05
165.45000000 , 9.877570687560563e-03 , 2.527153657750824e-05
165.47500000 , 9.908217173285726e-03 , 2.531761607136511e-05
165.50000000 , 9.964770205223702e-03 , 2.538775812771859e-05
165.52500000 , 9.900956853600092e-03 , 2.530871036909913e-05
165.55000000 , 9.907867775619519e-03 , 2.532532479555908e-05
165.57500000 , 9.911265190135646e-03 , 2.533283554091436e-05
165.60000000 , 9.963406962131856e-03 , 2.541138799230354e-05
165.62500000 , 9.964922360587698e-03 , 2.538527280396011e-05
165.65000000 , 9.954500717059233e-03 , 2.539139119024819e-05
165.67500000 , 9.978973501100745e-03 , 2.542939098740727e-05
165.70000000 , 1.004860336397880e-02 , 2.550195904570515e-05
165.72500000 , 1.004143309783248e-02 , 2.549495766963878e-05
165.75000000 , 1.005911645665249e-02 , 2.551705110350681e-05
165.77500000 , 1.013996254732023e-02 , 2.563790809801032e-05
165.80000000 , 1.007666746933205e-02 , 2.552968496201267e-05
165.82500000 , 1.006942411879271e-02 , 2.552549269099377e-05
165.85000000 , 1.009709616746344e-02 , 2.558498792998730e-05
165.87500000 , 1.010743695805323e-02 , 2.558400957480599e-05
165.90000000 , 1.007933991701272e-02 , 2.551427871290575e-05
165.92500000 , 1.011884147687980e-02 , 2.558603267533426e-05
165.95000000 , 1.020663730231049e-02 , 2.569565485721641e-05
165.97500000 , 1.017213917454434e-02 , 2.563807687637315e-05
166.00000000 , 1.015540526457858e-02 , 2.564258263161362e-05
166.02500000 , 1.025714125271026e-02 , 2.578697212465368e-05
166.05000000 , 1.024425872041188e-02 , 2.576469112846614e-05
166.07500000 , 1.029267835985800e-02 , 2.583677178456819e-05
166.10000000 , 1.028560285218606e-02 , 2.581343629160344e-05
166.12500000 , 1.031471530672936e-02 , 2.583876673311757e-05
166.15000000 , 1.026103140975863e-02 , 2.572890912380194e-05
166.17500000 , 1.033912064501419e-02 , 2.588428187712184e-05
166.20000000 , 1.035393185565302e-02 , 2.585924571559117e-05
166.22500000 , 1.033863901120650e-02 , 2.588097100016587e-05
166.25000000 , 1.038381594975761e-02 , 2.592879347769077e-05
166.27500000 , 1.034588030466660e-02 , 2.587379625112357e-05
166.30000000 , 1.034380731956994e-02 , 2.584663075727749e-05
166.32500000 , 1.041734546454174e-02 , 2.597111845825976e-05
166.35000000 , 1.040713343973375e-02 , 2.593889239471601e-05
166.37500000 , 1.043752894878741e-02 , 2.594299822721771e-05
166.40000000 , 1.049187591107991e-02 , 2.606041876624564e-05
166.42500000 , 1.049950320565632e-02 , 2.606856119508406e-05
166.45000000 , 1.049816658207667e-02 , 2.605381005381435e-05
166.47500000 , 1.051555949505291e-02 , 2.606129293869691e-05
166.50000000 , 1.059494917143898e-02 , 2.619372047257945e-05
166.52500000 , 1.059765624304606e-02 , 2.621813782075825e-05
166.55000000 , 1.060112762156865e-02 , 2.621232188252959e-05
166.57500000 , 1.061159792354277e-02 , 2.622066086830708e-05
166.60000000 , 1.058692034398910e-02 , 2.614840473409534e-05
166.62500000 , 1.062646768590718e-02 , 2.620524293170559e-05
166.65000000 , 1.065511487521425e-02 , 2.625434626695696e-05
166.67500000 , 1.067090223805324e-02 , 2.623931269079825e-05
166.70000000 , 1.063440492215070e-02 , 2.620287585982125e-05
166.72500000 , 1.069520115980966e-02 , 2.627367938585976e-05
166.75000000 , 1.076987690850629e-02 , 2.640633046867814e-05
166.77500000 , 1.072729175355859e-02 , 2.633304005732255e-05
166.80000000 , 1.077233700529867e-02 , 2.638711063662857e-05
166.82500000 , 1.077334400499739e-02 , 2.639585565386681e-05
166.85000000 , 1.075240931905756e-02 , 2.634604501502986e-05
166.87500000 , 1.075511497062499e-02 , 2.637097895619677e-05
166.90000000 , 1.077092547478303e-02 , 2.635954273251771e-05
166.92500000 , 1.084398824415293e-02 , 2.648104533032207e-05
166.95000000 , 1.083728258212505e-02 , 2.647798105726964e-05
166.97500000 , 1.085323136507704e-02 , 2.645906820064060e-05
167.00000000 , 1.083469566974857e-02 , 2.645806720731493e-05
167.02500000 , 1.100369707272819e-02 , 2.668879162368663e-05
167.05000000 , 1.095920079511028e-02 , 2.662314759584229e-05
167.07500000 , 1.095581854596361e-02 , 2.661987646667559e-05
167.10000000 , 1.097249342987072e-02 , 2.661922063154484e-05
167.12500000 , 1.094156475565814e-02 , 2.659630329005153e-05
167.15000000 , 1.096347735039574e-02 , 2.660004550819339e-05
167.17500000 , 1.106114950524825e-02 , 2.674975601612552e-05
167.20000000 , 1.103936061194103e-02 , 2.670378047734982e-05
167.22500000 , 1.106666832046474e-02 , 2.676821364245811e-05
167.25000000 , 1.105971241042050e-02 , 2.673941338435420e-05
167.27500000 , 1.106132717007334e-02 , 2.671825164634155e-05
167.30000000 , 1.108109129751705e-02 , 2.671729105779096e-05
167.32500000 , 1.115912601391914e-02 , 2.685448800142867e-05
167.35000000 , 1.114442044138284e-02 , 2.684479371715796e-05
167.37500000 , 1.114593056043720e-02 , 2.681953924586699e-05
167.40000000 , 1.117012852932661e-02 , 2.686201278550312e-05
167.42500000 , 1.124517039005069e-02 , 2.695096065941817e-05
167.45000000 , 1.125146509051015e-02 , 2.694422563487659e-05
167.47500000 , 1.127016502566994e-02 , 2.696035606060112e-05
167.50000000 , 1.128211429411510e-02 , 2.698397753833484e-05
167.52500000 , 1.124707802624893e-02 , 2.692728474293833e-05
167.55000000 , 1.125300745428055e-02 , 2.697327699500956e-05
167.57500000 , 1.137432757046926e-02 , 2.714731778767438e-05
167.60000000 , 1.135927869641493e-02 , 2.709226200974916e-05
167.62500000 , 1.135010318851401e-02 , 2.705369284382631e-05
167.65000000 , 1.139625847480810e-02 , 2.713322967298534e-05
167.67500000 , 1.143259610353769e-02 , 2.716372389870410e-05
167.70000000 , 1.150218617490773e-02 , 2.728813852528450e-05
167.72500000 , 1.149606229658483e-02 , 2.725818537110474e-05
167.75000000 , 1.152564468166256e-02 , 2.730718565433914e-05
167.77500000 , 1.151902375274668e-02 , 2.729027400344864e-05
167.80000000 , 1.156977507411629e-02 , 2.737577466286189e-05
167.82500000 , 1.158225505036228e-02 , 2.735662601503216e-05
167.85000000 , 1.157389567764667e-02 , 2.733000092439010e-05
167.87500000 , 1.160357000213200e-02 , 2.739706968280662e-05
167.90000000 , 1.163649176643358e-02 , 2.741657079449526e-05
167.92500000 , 1.164177786735810e-02 , 2.739877274098212e-05
167.95000000 , 1.168224357135179e-02 , 2.748466667946306e-05
167.97500000 , 1.169292323589613e-02 , 2.750124797108635e-05
168.00000000 , 1.166662225520058e-02 , 2.746274809822120e-05
168.02500000 , 1.170846954476956e-02 , 2.750377841172241e-05
168.05000000 , 1.174105566956415e-02 , 2.750665069856852e-05
168.07500000 , 1.173333319586001e-02 , 2.749176868685598e-05
168.10000000 , 1.180930461385339e-02 , 2.763971879770795e-05
168.12500000 , 1.179190079857396e-02 , 2.757980584880638e-05
168.15000000 , 1.181342482897763e-02 , 2.761919310297351e-05
168.17500000 , 1.181509865052689e-02 , 2.762043518312694e-05
168.20000000 , 1.190028342246352e-02 , 2.774818335674543e-05
168.22500000 , 1.191129854889225e-02 , 2.775726453800985e-05
168.25000000 , 1.191472244082206e-02 , 2.774809784813734e-05
168.27500000 , 1.189251827235764e-02 , 2.773907010221781e-05
168.30000000 , 1.196258278641415e-02 , 2.776834631774229e-05
168.32500000 , 1.200351325244772e-02 , 2.785485765570590e-05
168.35000000 , 1.198205736788498e-02 , 2.780985005389103e-05
168.37500000 , 1.206234030364131e-02 , 2.793726227132166e-05
168.40000000 , 1.208036369261426e-02 , 2.792462420941969e-05
168.42500000 , 1.207587684282358e-02 , 2.793461522556001e-05
168.45000000 , 1.212323837186760e-02 , 2.800910646018148e-05
168.47500000 , 1.218921342757343e-02 , 2.807765398036345e-05
168.50000000 , 1.217362634852390e-02 , 2.805000900832199e-05
168.52500000 , 1.223263371546520e-02 , 2.813474326489232e-05
168.55000000 , 1.221615208452482e-02 , 2.804565268600742e-05
168.57500000 , 1.222676929905212e-02 , 2.807980395877350e-05
168.60000000 , 1.225049308590820e-02 , 2.810331187312935e-05
168.62500000 , 1.230833556422587e-02 , 2.816772641025814e-05
168.65000000 , 1.230455072283722e-02 , 2.821940639269110e-05
168.67500000 , 1.233353355017523e-02 , 2.821288872479831e-05
168.70000000 , 1.239373205939062e-02 , 2.829890874786172e-05
168.72500000 , 1.243576036835845e-02 , 2.835292644470691e-05
168.75000000 , 1.244143465987438e-02 , 2.836922233354239e-05
168.77500000 , 1.245037337835291e-02 , 2.833472045462894e-05
168.80000000 , 1.247259612346253e-02 , 2.836599045040805e-05
168.82500000 , 1.247363750081287e-02 , 2.841229489408163e-05
168.85000000 , 1.253093665477151e-02 , 2.843921850214333e-05
168.87500000 , 1.257403050257349e-02 , 2.850088239889760e-05
168.90000000 , 1.252898902511088e-02 , 2.843164361216077e-05
168.92500000 , 1.259580997571817e-02 , 2.853631596041721e-05
168.95000000 , 1.261330652408000e-02 , 2.852821794914472e-05
168.97500000 , 1.261974914867556e-02 , 2.855487004614770e-05
169.00000000 , 1.264455678114574e-02 , 2.858241374700539e-05
169.02500000 , 1.264738441705448e-02 , 2.855958219937438e-05
169.05000000 , 1.275773217283064e-02 , 2.873062447196776e-05
169.07500000 , 1.274469657485618e-02 , 2.867184519035695e-05
169.10000000 , 1.279758996186891e-02 , 2.876440206423313e-05
169.12500000 , 1.281205891181993e-02 , 2.876371944822195e-05
169.15000000 , 1.281571102319141e-02 , 2.876956499119055e-05
169.17500000 , 1.285439093867587e-02 , 2.882627135956580e-05
169.20000000 , 1.285982730410872e-02 , 2.882056462765091e-05
169.22500000 , 1.290426748759302e-02 , 2.886866000394402e-05
169.25000000 , 1.294872465312924e-02 , 2.891910198305059e-05
169.27500000 , 1.303765964120978e-02 , 2.900835329260209e-05
169.30000000 , 1.303420451429541e-02 , 2.904132495884359e-05
169.32500000 , 1.303473896295377e-02 , 2.900602968944461e-05
169.35000000 , 1.305907804578042e-02 , 2.903755234497787e-05
169.37500000 , 1.301992253251869e-02 , 2.900104529036632e-05
169.40000000 , 1.311681251400694e-02 , 2.912875446047392e-05
169.42500000 , 1.312147768167256e-02 , 2.910651952385194e-05
169.45000000 , 1.317246919499886e-02 , 2.916652879739959e-05
169.47500000 , 1.317197703477309e-02 , 2.916422571993642e-05
169.50000000 , 1.322827727010079e-02 , 2.919916095934596e-05
169.52500000 , 1.319700689515146e-02 , 2.916587919499299e-05
169.55000000 , 1.321542716150772e-02 , 2.920702776593984e-05
169.57500000 , 1.331870108705870e-02 , 2.932016582271409e-05
169.60000000 , 1.333090343755457e-02 , 2.934966623799019e-05
169.62500000 , 1.338761365342453e-02 , 2.940445747155231e-05
169.65000000 , 1.341995773643639e-02 , 2.943962699305994e-05
169.67500000 , 1.339259163096998e-02 , 2.938674206996545e-05
169.70000000 , 1.343113458006170e-02 , 2.940809624149708e-05
169.72500000 , 1.355986457235999e-02 , 2.961755863940354e-05
169.75000000 , 1.352445274829857e-02 , 2.956066164098119e-05
169.77500000 , 1.356697079171838e-02 , 2.962404827214298e-05
169.80000000 , 1.358659591495017e-02 , 2.961113430616922e-05
169.82500000 , 1.362120440572446e-02 , 2.964990871044786e-05
169.85000000 , 1.360203708671001e-02 , 2.961899632014742e-05
169.87500000 , 1.363609157764648e-02 , 2.965994295449876e-05
169.90000000 , 1.366942843862413e-02 , 2.968380893773628e-05
169.92500000 , 1.369557563135167e-02 , 2.970498490634801e-05
169.95000000 , 1.372166121724960e-02 , 2.975214732997847e-05
169.97500000 , 1.380073815398116e-02 , 2.985282895958880e-05
170.00000000 , 1.381605204271438e-02 , 2.986230707652773e-05
170.02500000 , 1.384061165713517e-02 , 2.989625583586491e-05
170.05000000 , 1.385523779521147e-02 , 2.988614634105917e-05
170.07500000 , 1.389305282357335e-02 , 2.996628231460621e-05
170.10000000 , 1.399851646361320e-02 , 3.011348325827824e-05
170.12500000 , 1.398682271343562e-02 , 3.001601743509726e-05
170.15000000 , 1.400734134589910e-02 , 3.005020723628565e-05
170.17500000 , 1.404818432685479e-02 , 3.012063392684892e-05
170.20000000 , 1.411049005579706e-02 , 3.017941107448688e-05
170.22500000 , 1.416671742721048e-02 , 3.024588669141447e-05
170.25000000 , 1.412760214459243e-02 , 3.019013452199223e-05
170.27500000 , 1.421080784805058e-02 , 3.028952435211814e-05
170.30000000 , 1.423927202472502e-02 , 3.033036900911060e-05
170.32500000 , 1.428601347349685e-02 , 3.035948998829247e-05
170.35000000 , 1.427253590427738e-02 , 3.032181707008409e-05
170.37500000 , 1.430441009710353e-02 , 3.038197611700329e-05
170.40000000 , 1.435302795191800e-02 , 3.045432190937781e-05
170.42500000 , 1.433848237227821e-02 , 3.041163334089709e-05
170.45000000 , 1.441508516322676e-02 , 3.047845012304314e-05
170.47500000 , 1.444903412237583e-02 , 3.054346354411808e-05
170.50000000 , 1.451794667114563e-02 , 3.062313155709165e-05
170.52500000 , 1.450295511547362e-02 , 3.055409342828028e-05
170.55000000 , 1.456923579626403e-02 , 3.067258813791955e-05
170.57500000 , 1.456871980934957e-02 , 3.065161981703702e-05
170.60000000 , 1.466090204273100e-02 , 3.074244766429865e-05
170.62500000 , 1.463226160013598e-02 , 3.070241877036912e-05
170.65000000 , 1.476101156031168e-02 , 3.083034033705049e-05
170.67500000 , 1.471738974528574e-02 , 3.080840310043312e-05
170.70000000 , 1.478232864386267e-02 , 3.085601115840172e-05
170.72500000 , 1.483692408493654e-02 , 3.096148023307031e-05
170.75000000 , 1.484010322762101e-02 , 3.094680373833825e-05
170.77500000 , 1.486948975185720e-02 , 3.098812329716454e-05
170.80000000 , 1.490532403946791e-02 , 3.097974501064736e-05
170.82500000 , 1.497840617299526e-02 , 3.107636561308800e-05
170.85000000 , 1.501086954917561e-02 , 3.112910286496677e-05
170.87500000 , 1.503608025599745e-02 , 3.113957316937870e-05
170.90000000 , 1.512681030046718e-02 , 3.127060663380942e-05
170.92500000 , 1.515611276322761e-02 , 3.127991753458014e-05
170.95000000 , 1.515445770581760e-02 , 3.125779693477666e-05
170.97500000 , 1.519419626743032e-02 , 3.131393125516133e-05
171.00000000 , 1.530723815633795e-02 , 3.144677345011285e-05
171.02500000 , 1.527951153811720e-02 , 3.139253402916941e-05
171.05000000 , 1.529355620710643e-02 , 3.139375327061215e-05
171.07500000 , 1.536204854305234e-02 , 3.145263385380443e-05
171.10000000 , 1.537667184096488e-02 , 3.148384240402899e-05
171.12500000 , 1.544793180091897e-02 , 3.158273197575235e-05
171.15000000 , 1.547757255015400e-02 , 3.162517931702450e-05
171.17500000 , 1.553375498740297e-02 , 3.165678608905663e-05
171.20000000 , 1.561022375931372e-02 , 3.174171415883019e-05
171.22500000 , 1.563133430514266e-02 , 3.173645835311186e-05
171.25000000 , 1.560363223234469e-02 , 3.170465119433541e-05
171.27500000 , 1.566619478256616e-02 , 3.176056895016914e-05
171.30000000 , 1.572473646854811e-02 , 3.185627281610374e-05
171.32500000 , 1.577367759915954e-02 , 3.191606146708085e-05
171.35000000 , 1.579517293351608e-02 , 3.185775557981011e-05
171.37500000 , 1.584721454818977e-02 , 3.193988932260476e-05
171.40000000 , 1.593173934684841e-02 , 3.206520591204619e-05
171.42500000 , 1.595802483968122e-02 , 3.206233051242063e-05
171.45000000 , 1.596286347476111e-02 , 3.210252990490572e-05
171.47500000 , 1.604343327297359e-02 , 3.217708808117426e-05
171.50000000 , 1.603529836057646e-02 , 3.212295930095530e-05
171.52500000 , 1.607713893343613e-02 , 3.217577820739217e-05
171.55000000 , 1.615435628326877e-02 , 3.226027029363609e-05
171.57500000 , 1.616007548732349e-02 , 3.226687767648895e-05
171.60000000 , 1.629857531586926e-02 , 3.244747182195134e-05
171.62500000 , 1.631491582876949e-02 , 3.243315301902863e-05
171.65000000 , 1.636320237806137e-02 , 3.248694730109289e-05
171.67500000 , 1.633894383080149e-02 , 3.243442435809463e-05
171.70000000 , 1.640982727882300e-02 , 3.252244684967153e-05
171.72500000 , 1.644457003876360e-02 , 3.256275704863526e-05
171.75000000 , 1.652343580468832e-02 , 3.263599743705375e-05
171.77500000 , 1.657754404137091e-02 , 3.268216789192054e-05
171.80000000 , 1.659208083618196e-02 , 3.269760892237317e-05
171.82500000 , 1.661347710723850e-02 , 3.269414718654913e-05
171.85000000 , 1.668805993154313e-02 , 3.280716616226729e-05
171.87500000 , 1.674853426354773e-02 , 3.286012088506418e-05
171.90000000 , 1.679259475625097e-02 , 3.287815939629096e-05
171.92500000 , 1.687687754233076e-02 , 3.298774004137078e-05
171.95000000 , 1.698232409155837e-02 , 3.312416483591913e-05
171.97500000 , 1.700471788381092e-02 , 3.311444303397499e-05
172.00000000 , 1.693939035504404e-02 , 3.304274792128749e-05
172.02500000 , 1.703664636797484e-02 , 3.314023685584360e-05
172.05000000 , 1.714414444144926e-02 , 3.323535715075618e-05
172.07500000 , 1.714354663891618e-02 , 3.324328457555684e-05
172.10000000 , 1.723775993942510e-02 , 3.334843083589213e-05
172.12500000 , 1.724594811725636e-02 , 3.337328515175068e-05
172.15000000 , 1.731620863226365e-02 , 3.340088921303372e-05
172.17500000 , 1.736028911526824e-02 , 3.343582802587614e-05
172.20000000 , 1.735584036220372e-02 , 3.343727878721530e-05
172.22500000 , 1.742079733659150e-02 , 3.350130412298789e-05
172.25000000 , 1.756439163614793e-02 , 3.365526775711929e-05
172.27500000 , 1.757316697837132e-02 , 3.366694553713482e-05
172.30000000 , 1.763054940443104e-02 , 3.368744856365218e-05
172.32500000 , 1.768836734744908e-02 , 3.378187021426771e-05
172.35000000 , 1.769845928110038e-02 , 3.376709152140680e-05
172.37500000 , 1.779973835846500e-02 , 3.388796893518700e-05
172.40000000 , 1.783130935989463e-02 , 3.388221929183458e-05
172.42500000 , 1.792334046482310e-02 , 3.397879137913412e-05
172.45000000 , 1.795308043032889e-02 , 3.401609337082968e-05
172.47500000 , 1.798068964780844e-02 , 3.402846222933232e-05
172.50000000 , 1.814565706773102e-02 , 3.420571846161295e-05
172.52500000 , 1.810010247543350e-02 , 3.413818273806715e-05
172.55000000 , 1.817781264920218e-02 , 3.419823644715535e-05
172.57500000 , 1.826089770818374e-02 , 3.433454460457148e-05
172.60000000 , 1.827844535457038e-02 , 3.432522396712015e-05
172.62500000 , 1.834395962404804e-02 , 3.437094480454830e-05
172.65000000 , 1.842376266259184e-02 , 3.446624924177226e-05
172.67500000 , 1.851513826997901e-02 , 3.454152072759813e-05
172.70000000 , 1.852013165689144e-02 , 3.454191711994242e-05
172.72500000 , 1.850887995209332e-02 , 3.454934960545992e-05
172.75000000 , 1.866340842021216e-02 , 3.470020274225603e-05
172.77500000 , 1.871800598742642e-02 , 3.472421004930166e-05
172.80000000 , 1.870234182066522e-02 , 3.472475156563564e-05
172.82500000 , 1.882064823482913e-02 , 3.483567958826216e-05
172.85000000 , 1.895130102428010e-02 , 3.498192504430175e-05
172.87500000 , 1.894647236631268e-02 , 3.494607586970653e-05
172.90000000 , 1.903314168240577e-02 , 3.501567171443240e-05
172.92500000 , 1.908131139511391e-02 , 3.506913208466199e-05
172.95000000 , 1.914862861141918e-02 , 3.513514488622520e-05
172.97500000 , 1.925560741096169e-02 , 3.522705592287850e-05
173.00000000 , 1.927872987762420e-02 , 3.525601282503655e-05
173.02500000 , 1.929975861926417e-02 , 3.525204590960528e-05
173.05000000 , 1.936488425650465e-02 , 3.534072826480718e-05
173.07500000 , 1.948088642496427e-02 , 3.542944342828019e-05
173.10000000 , 1.951551811530477e-02 , 3.544400469180326e-05
173.12500000 , 1.961237715306123e-02 , 3.557628587152795e-05
173.15000000 , 1.967493143859345e-02 , 3.557891157884754e-05
173.17500000 , 1.973147770722924e-02 , 3.569234429607685e-05
173.20000000 , 1.975937726683404e-02 , 3.569528877689080e-05
173.22500000 , 1.983671841249427e-02 , 3.574483418544872e-05
173.25000000 , 1.995064755388424e-02 , 3.586001991590252e-05
173.27500000 , 1.999421811942718e-02 , 3.590112349667231e-05
173.30000000 , 2.012343335479102e-02 , 3.601150641452710e-05
173.32500000 , 2.009627819566768e-02 , 3.598242130028125e-05
173.35000000 , 2.020125152468438e-02 , 3.607189078677306e-05
173.37500000 , 2.031766645177037e-02 , 3.622266436801111e-05
173.40000000 , 2.033348049484414e-02 , 3.620616300656442e-05
173.42500000 , 2.044148368671968e-02 , 3.629868774694330e-05
173.45000000 , 2.048390145295730e-02 , 3.630705828324445e-05
173.47500000 , 2.052677013407713e-02 , 3.636723647134749e-05
173.50000000 , 2.072559963138488e-02 , 3.656000242708177e-05
173.52500000 , 2.075602308533437e-02 , 3.656381637845398e-05
173.55000000 , 2.086116062155046e-02 , 3.665550788331764e-05
173.57500000 , 2.085012836705930e-02 , 3.665409738151726e-05
173.60000000 , 2.099557732583963e-02 , 3.676936826447665e-05
173.62500000 , 2.112718368627720e-02 , 3.690919251109612e-05
173.65000000 , 2.110539687460716e-02 , 3.686970508023461e-05
173.67500000 , 2.118815610987015e-02 , 3.695337254052977e-05
173.70000000 , 2.120582949537105e-02 , 3.695678369612054e-05
173.72500000 , 2.130342167890335e-02 , 3.705578962197241e-05
173.75000000 , 2.141946328667897e-02 , 3.715447221839305e-05
173.77500000 , 2.155364375947163e-02 , 3.725415581930443e-05
173.80000000 , 2.159724699276714e-02 , 3.729940871534042e-05
173.82500000 , 2.173682543096549e-02 , 3.743578796004725e-05
173.85000000 , 2.174869830262379e-02 , 3.742954024380170e-05
173.87500000 , 2.193562427350845e-02 , 3.759225792872429e-05
173.90000000 , 2.189892803239458e-02 , 3.757213849548345e-05
173.92500000 , 2.204383937395016e-02 , 3.772016629813935e-05
173.95000000 , 2.211874627446298e-02 , 3.774777025366709e-05
173.97500000 , 2.216853347541704e-02 , 3.780770188432759e-05
174.00000000 , 2.226149361616447e-02 , 3.787412650564419e-05
174.02500000 , 2.238500081091412e-02 , 3.800704130916563e-05
174.05000000 , 2.244126184776144e-02 , 3.802687618309815e-05
174.07500000 , 2.255427710580963e-02 , 3.813183852212125e-05
174.10000000 , 2.274578372243026e-02 , 3.830372883216999e-05
174.12500000 , 2.274171281918498e-02 , 3.827704613494034e-05
174.15000000 , 2.278596701605476e-02 , 3.832461273322162e-05
174.17500000 , 2.284967239435658e-02 , 3.835785645936416e-05
174.20000000 , 2.299920591990518e-02 , 3.848456828509288e-05
174.22500000 , 2.305433754919924e-02 , 3.853819117774807e-05
174.25000000 , 2.313492242630249e-02 , 3.862685696247412e-05
174.27500000 , 2.329512907729767e-02 , 3.877133159416396e-05
174.30000000 , 2.337739906984949e-02 , 3.882338039971574e-05
174.32500000 , 2.343871349575057e-02 , 3.885753703161150e-05
174.35000000 , 2.359640588359407e-02 , 3.901647551327100e-05
174.37500000 , 2.364210842668231e-02 , 3.903284551774156e-05
174.40000000 , 2.382111635180040e-02 , 3.917469637730915e-05
174.42500000 , 2.388200152370697e-02 , 3.924577927246287e-05
174.45000000 , 2.393208292310028e-02 , 3.927375881827801e-05
174.47500000 , 2.409024855953344e-02 , 3.942385373964425e-05
174.50000000 , 2.421734399564911e-02 , 3.949245862551520e-05
174.52500000 , 2.425110845780444e-02 , 3.952845343906551e-05
174.55000000 , 2.434768822349492e-02 , 3.961020480534455e-05
174.57500000 , 2.449716025451910e-02 , 3.975963948241614e-05
174.60000000 , 2.467142736361189e-02 , 3.991330610345136e-05
174.62500000 , 2.474113544663389e-02 , 3.994389232213794e-05
174.65000000 , 2.481468985523442e-02 , 3.998016982868323e-05
174.67500000 , 2.494935888490457e-02 , 4.012546746257380e-05
174.70000000 , 2.506016926600876e-02 , 4.019472530987322e-05
174.72500000 , 2.515313766249586e-02 , 4.029344762680873e-05
174.75000000 , 2.530543111371146e-02 , 4.040816315573413e-05
174.77500000 , 2.537574091297805e-02 , 4.047188093909591e-05
174.80000000 , 2.556116007630042e-02 , 4.059540218356909e-05
174.82500000 , 2.563229827538421e-02 , 4.065021535766151e-05
174.85000000 , 2.573251409467362e-02 , 4.076868727305037e-05
174.87500000 , 2.583506545377459e-02 , 4.079974314940302e-05
174.90000000 , 2.598808809204387e-02 , 4.094294176197611e-05
174.92500000 , 2.608785637204112e-02 , 4.104480626944967e-05
174.95000000 , 2.619394120301069e-02 , 4.108478571029948e-05
174.97500000 , 2.634749857034943e-02 , 4.124580918881943e-05
175.00000000 , 2.650005324523137e-02 , 4.134277784303116e-05
175.02500000 , 2.659302385332456e-02 , 4.142414082334965e-05
175.05000000 , 2.669793809487881e-02 , 4.148715962411170e-05
175.07500000 , 2.688175769748193e-02 , 4.164460338003495e-05
175.10000000 , 2.708052819207187e-02 , 4.184877465124347e-05
175.12500000 , 2.716532874125204e-02 , 4.187556653875906e-05
175.15000000 , 2.723619060561176e-02 , 4.190084356140264e-05
175.17500000 , 2.743822346607377e-02 , 4.207403408845605e-05
175.20000000 , 2.749114110762762e-02 , 4.213056555402378e-05
175.22500000 , 2.759720644534619e-02 , 4.217830934813610e-05
175.25000000 , 2.775768549347805e-02 , 4.229394423680896e-05
175.27500000 , 2.794293486880816e-02 , 4.244428927783467e-05
175.30000000 , 2.816734457121050e-02 , 4.262120687178421e-05
175.32500000 , 2.821208656025960e-02 , 4.265811242317981e-05
175.35000000 , 2.828590488066323e-02 , 4.269575225644697e-05
175.37500000 , 2.849940361524285e-02 , 4.289707899336901e-05
175.40000000 , 2.867717033643257e-02 , 4.301183338263790e-05
175.42500000 , 2.880991838419626e-02 , 4.310765348348187e-05
175.45000000 , 2.896324239385841e-02 , 4.322263156813666e-05
175.47500000 , 2.911476604165655e-02 , 4.335017453941106e-05
175.50000000 , 2.923915977747851e-02 , 4.342898296912979e-05
175.52500000 , 2.938637419297168e-02 , 4.353771557767141e-05
175.55000000 , 2.947810360666101e-02 , 4.359786316346086e-05
175.57500000 , 2.969202176213882e-02 , 4.376668565594558e-05
175.60000000 , 2.987046936528703e-02 , 4.388993540772005e-05
175.62500000 , 2.992974909685767e-02 , 4.395263112378252e-05
175.65000000 , 3.023231294136717e-02 , 4.417801154815089e-05
175.67500000 , 3.032947315972956e-02 , 4.423354700811729e-05
175.70000000 , 3.056522496277300e-02 , 4.443304736855888e-05
175.72500000 , 3.062856611546522e-02 , 4.443674117882190e-05
175.75000000 , 3.080764868491703e-02 , 4.459171514585647e-05
175.77500000 , 3.096922165564204e-02 , 4.468025490323430e-05
175.80000000 , 3.119015042793011e-02 , 4.487827644391759e-05
175.82500000 , 3.135768482496842e-02 , 4.497615203403191e-05
175.85000000 , 3.155229900652223e-02 , 4.516418565687490e-05
175.87500000 , 3.176970753325752e-02 , 4.528737562762199e-05
175.90000000 , 3.181190205981688e-02 , 4.530938967861149e-05
175.92500000 , 3.208205159328401e-02 , 4.549919615841000e-05
175.95000000 , 3.230856898242654e-02 , 4.570022150484233e-05
175.97500000 , 3.242166784308956e-02 , 4.576332094799008e-05
176.00000000 , 3.271947564375870e-02 , 4.596430135450332e-05
176.02500000 , 3.286235213772727e-02 , 4.605683437163510e-05
176.05000000 , 3.293298679324158e-02 , 4.611254939713810e-05
176.07500000 , 3.335437103064508e-02 , 4.640710383908738e-05
176.10000000 , 3.343346634419706e-02 , 4.645864300513401e-05
176.12500000 , 3.363563319387127e-02 , 4.660606406021968e-05
176.15000000 , 3.388314435596224e-02 , 4.678238187634738e-05
176.17500000 , 3.395055219881043e-02 , 4.682707450635628e-05
176.20000000 , 3.427279853802097e-02 , 4.705066364857269e-05
176.22500000 , 3.450270033528379e-02 , 4.723502567428119e-05
176.25000000 , 3.469954916946363e-02 , 4.733496538562242e-05
176.27500000 , 3.492231947350187e-02 , 4.750499558654401e-05
176.30000000 , 3.510693203457387e-02 , 4.763123410684897e-05
176.32500000 , 3.545773967580933e-02 , 4.787983529427614e-05
176.35000000 , 3.557344398659728e-02 , 4.796838149146368e-05
176.37500000 , 3.582372408114837e-02 , 4.810826639065387e-05
176.40000000 , 3.612230855144141e-02 , 4.832937970182213e-05
176.42500000 , 3.631387972305260e-02 , 4.847891858008128e-05
176.45000000 , 3.654017292295978e-02 , 4.860443818346466e-05
176.47500000 , 3.680946298395708e-02 , 4.876478430067398e-05
176.50000000 , 3.707150798894208e-02 , 4.896192458758499e-05
176.52500000 , 3.733354079198805e-02 , 4.913002299930556e-05
176.55000000 , 3.757576662230090e-02 , 4.929662127576258e-05
176.57500000 , 3.777908839902032e-02 , 4.943186168508429e-05
176.60000000 , 3.807910685172035e-02 , 4.961598259659434e-05
176.62500000 , 3.832826050185882e-02 , 4.980131049467052e-05
176.65000000 , 3.863229041303033e-02 , 4.998285428417977e-05
176.67500000 , 3.883102608107990e-02 , 5.008523503295652e-05
176.70000000 , 3.912369873389388e-02 , 5.029992224183383e-05
176.72500000 , 3.936893264315179e-02 , 5.048164217886602e-05
176.75000000 , 3.978633985384403e-02 , 5.073467173621513e-05
176.77500000 , 3.996154072266728e-02 , 5.083618394685815e-05
176.80000000 , 4.031475763602176e-02 , 5.106903907188870e-05
176.82500000 , 4.066924596003110e-02 , 5.130330869329387e-05
176.85000000 , 4.096254564859381e-02 , 5.147993621973004e-05
176.87500000 , 4.126391014099012e-02 , 5.167657167778025e-05
176.90000000 , 4.158961850367151e-02 , 5.187359769593800e-05
176.92500000 , 4.185334939335225e-02 , 5.206344388090492e-05
176.95000000 , 4.219846182274480e-02 , 5.225902126338683e-05
176.97500000 , 4.252042788541420e-02 , 5.245632997345468e-05
177.00000000 , 4.290203742807364e-02 , 5.271116846893920e-05
177.02500000 , 4.315656664084654e-02 , 5.285945449268342e-05
177.05000000 , 4.352446023818516e-02 , 5.309871219392676e-05
177.07500000 , 4.391323594667743e-02 , 5.332042603303995e-05
177.10000000 , 4.425340685667561e-02 , 5.352721717160215e-05
177.12500000 , 4.457007432573472e-02 , 5.369198972410168e-05
177.15000000 , 4.494932834377573e-02 , 5.392895587579119e-05
177.17500000 , 4.532730645946700e-02 , 5.415632283249944e-05
177.20000000 , 4.570331921901841e-02 , 5.443323737274552e-05
177.22500000 , 4.605049160484915e-02 , 5.460331248906751e-05
177.25000000 , 4.662453005408987e-02 , 5.496205402560972e-05
177.27500000 , 4.686493198027190e-02 , 5.508196714501939e-05
177.30000000 , 4.727327005471844e-02 , 5.534709437301188e-05
177.32500000 , 4.769616206574921e-02 , 5.558029066278948e-05
177.35000000 , 4.816134682705713e-02 , 5.585412076458237e-05
177.37500000 , 4.865957334809001e-02 , 5.614050603509522e-05
177.40000000 , 4.894525342778479e-02 , 5.631628183801733e-05
177.42500000 , 4.955697604452794e-02 , 5.667316293040144e-05
177.45000000 , 4.985944343071431e-02 , 5.684753758610430e-05
177.47500000 , 5.032155550280313e-02 , 5.709664280858703e-05
177.50000000 , 5.083689904211094e-02 , 5.739234867257404e-05
177.52500000 , 5.133901048024442e-02 , 5.768517905646872e-05
177.55000000 , 5.169813371455978e-02 , 5.790310065834795e-05
177.57500000 , 5.226599547160751e-02 , 5.819754226295164e-05
177.60000000 , 5.274031126454003e-02 , 5.844944371593147e-05
177.62500000 , 5.326512198321133e-02 , 5.876008546835939e-05
177.65000000 , 5.386830818209069e-02 , 5.910127622271606e-05
177.67500000 , 5.441637805598180e-02 , 5.942556619276260e-05
177.70000000 , 5.494057526134689e-02 , 5.970470596639267e-05
177.72500000 , 5.549904037194462e-02 , 6.000081378005457e-05
177.75000000 , 5.602612874396030e-02 , 6.029821151016725e-05
177.77500000 , 5.664200296141361e-02 , 6.062931527964966e-05
177.80000000 , 5.727563493324137e-02 , 6.095097620231738e-05
177.82500000 , 5.784330789564107e-02 , 6.128237467618907e-05
177.85000000 , 5.839912323413838e-02 , 6.156169461511048e-05
177.87500000 , 5.920463775097996e-02 , 6.200770515958770e-05
177.90000000 , 5.972524825119671e-02 , 6.224761744682030e-05
177.92500000 , 6.042284253164706e-02 , 6.263236809049255e-05
177.95000000 , 6.111274067821244e-02 , 6.299643704411217e-05
177.97500000 , 6.192872345709678e-02 , 6.344285323473557e-05
178.00000000 , 6.262008508857470e-02 , 6.376517499862281e-05
178.02500000 , 6.326383720154834e-02 , 6.411818385648642e-05
178.05000000 , 6.408625686839002e-02 , 6.454484674842585e-05
178.07500000 , 6.480813652437593e-02 , 6.489808115161824e-05
178.10000000 , 6.559895173931074e-02 , 6.528505996873687e-05
178.12500000 , 6.649908539003889e-02 , 6.574012244558526e-05
178.15000000 , 6.726975417304400e-02 , 6.613416380475783e-05
178.17500000 , 6.811905517049209e-02 , 6.651803422793670e-05
178.20000000 , 6.905623464190735e-02 , 6.702505769019311e-05
178.22500000 , 7.000839652426261e-02 , 6.746404076255601e-05
178.25000000 , 7.079291406289588e-02 , 6.785347641955997e-05
178.27500000 , 7.183544148715074e-02 , 6.838123623309818e-05
178.30000000 , 7.262393324814551e-02 , 6.871640288102555e-05
178.32500000 , 7.380837107940473e-02 , 6.928719165424780e-05
178.35000000 , 7.477857047198196e-02 , 6.975324643116739e-05
178.37500000 , 7.578917525887255e-02 , 7.022703168497344e-05
178.40000000 , 7.695255371375570e-02 , 7.075822254088989e-05
178.42500000 , 7.791455999653470e-02 , 7.123517063318584e-05
178.45000000 , 7.907832706967183e-02 , 7.170102621215447e-05
178.47500000 , 8.049747209435303e-02 , 7.242317038270577e-05
178.50000000 , 8.162755207693070e-02 , 7.290598284786938e-05
178.52500000 , 8.298130027205214e-02 , 7.350884795004937e-05
178.55000000 , 8.420956338526107e-02 , 7.408287919855759e-05
178.57500000 , 8.544238057211874e-02 , 7.459953866930320e-05
178.60000000 , 8.698135461946981e-02 , 7.525617949899012e-05
178.62500000 , 8.833637531018276e-02 , 7.586299737822313e-05
178.65000000 , 8.998057925818356e-02 , 7.658199275522006e-05
178.67500000 , 9.142413203758429e-02 , 7.719129825486087e-05
178.70000000 , 9.317991827975934e-02 , 7.792459447231674e-05
178.72500000 , 9.480739320314857e-02 , 7.860076802836271e-05
178.75000000 , 9.642073980269703e-02 , 7.929394988989264e-05
178.77500000 , 9.832174452414445e-02 , 8.007457140233291e-05
178.80000000 , 1.001806159048952e-01 , 8.084048550562693e-05
178.82500000 , 1.020598939586969e-01 , 8.159402273784612e-05
178.85000000 , 1.040374685606002e-01 , 8.236921443703616e-05
178.87500000 , 1.062615392254515e-01 , 8.327696313496372e-05
178.90000000 , 1.081937844597874e-01 , 8.400357045714879e-05
178.92500000 , 1.108256613980336e-01 , 8.504485408163595e-05
178.95000000 , 1.129393659690049e-01 , 8.587684627829472e-05
178.97500000 , 1.156138088357553e-01 , 8.690855170523411e-05
179.00000000 , 1.180807406424757e-01 , 8.780409187668514e-05
179.02500000 , 1.207995491099882e-01 , 8.880519466992717e-05
179.05000000 , 1.238677697314884e-01 , 8.994654615353667e-05
179.07500000 , 1.267975702075192e-01 , 9.103272630480287e-05
179.10000000 , 1.298790231688097e-01 , 9.209468353751448e-05
179.12500000 , 1.332248397945424e-01 , 9.328790252623035e-05
179.15000000 , 1.369388090309740e-01 , 9.461484687193191e-05
179.17500000 , 1.403736016520968e-01 , 9.577763539119971e-05
179.20000000 , 1.441528718577888e-01 , 9.702724396234817e-05
179.22500000 , 1.483465008139094e-01 , 9.847976348249859e-05
179.25000000 , 1.528578693688005e-01 , 9.993152550540546e-05
179.27500000 , 1.576141724332341e-01 , 1.015109759635492e-04
179.30000000 , 1.624263775542135e-01 , 1.030306795121608e-04
179.32500000 , 1.677649330404790e-01 , 1.047372055923718e-04
179.35000000 , 1.734746234736931e-01 , 1.064712857280818e-04
179.37500000 , 1.793854399095594e-01 , 1.082645148607101e-04
179.40000000 , 1.859783218969025e-01 , 1.102323328506772e-04
179.42500000 , 1.928986184474349e-01 , 1.122639785378111e-04
179.45000000 , 2.004957229535335e-01 , 1.144184493105902e-04
179.47500000 , 2.085501189143259e-01 , 1.166826082987217e-04
179.50000000 , 2.172673978774646e-01 , 1.190682374736633e-04
179.52500000 , 2.269841346638597e-01 , 1.216531821270812e-04
179.55000000 , 2.373943752002818e-01 , 1.243724793614591e-04
179.57500000 , 2.489716853575413e-01 , 1.272774543129576e-04
179.60000000 , 2.615299621964708e-01 , 1.303594288516999e-04
179.62500000 , 2.757003901611637e-01 , 1.336994069945537e-04
179.65000000 , 2.913342926129894e-01 , 1.373023878569769e-04
179.67500000 , 3.087005823457862e-01 , 1.411481372403379e-04
179.70000000 , 3.278627139655496e-01 , 1.451371424163929e-04
179.72500000 , 3.491047281512893e-01 , 1.493596415420305e-04
179.75000000 , 3.732021991150526e-01 , 1.538626331889726e-04
179.77500000 , 3.997186955445997e-01 , 1.583601952485069e-04
179.80000000 , 4.288627060329940e-01 , 1.628109196988127e-04
179.82500000 , 4.592408362595470e-01 , 1.666300097013860e-04
179.85000000 , 4.874874199757866e-01 , 1.686559995144813e-04
179.87500000 , 5.060822378596070e-01 , 1.669188559556003e-04
179.90000000 , 4.952195200395958e-01 , 1.568367796252292e-04
179.92500000 , 4.170942828855332e-01 , 1.307870669489889e-04
179.95000000 , 2.398001395737504e-01 , 8.360281009928726e-05
179.97500000 , 5.370715564658046e-02 , 3.345011293862651e-05
