x_l , NLO , dNLO
0.00000000 , 5.376495096298750e-02 , 3.347757608542730e-05
0.02500000 , 2.397382390879197e-01 , 8.357917163232698e-05
0.05000000 , 4.169584714587127e-01 , 1.307767259099862e-04
0.07500000 , 4.951451887972962e-01 , 1.568442320322619e-04
0.10000000 , 5.058700067041547e-01 , 1.668598833897616e-04
0.12500000 , 4.874827065158985e-01 , 1.686605374930465e-04
0.15000000 , 4.590860353044008e-01 , 1.665798782031134e-04
0.17500000 , 4.291099154243554e-01 , 1.629054222941141e-04
0.20000000 , 3.997346014973505e-01 , 1.583667872811021e-04
0.22500000 , 3.733310402944041e-01 , 1.538826077535286e-04
0.25000000 , 3.493237853052066e-01 , 1.494035041769266e-04
0.27500000 , 3.276905927773803e-01 , 1.451045421396072e-04
0.30000000 , 3.083160011318843e-01 , 1.410155750115267e-04
0.32500000 , 2.909971628053522e-01 , 1.372169667357622e-04
0.35000000 , 2.756222285971898e-01 , 1.337038523607279e-04
0.37500000 , 2.616270536790523e-01 , 1.303924132936653e-04
0.40000000 , 2.490104077763180e-01 , 1.273034550311851e-04
0.42500000 , 2.375108074534462e-01 , 1.244036765869068e-04
0.45000000 , 2.272596168270032e-01 , 1.217288086174830e-04
0.47500000 , 2.173389921088421e-01 , 1.191107478737370e-04
0.50000000 , 2.085445942671121e-01 , 1.166766242814243e-04
0.52500000 , 2.002397830855985e-01 , 1.143519310230671e-04
0.55000000 , 1.929223857417759e-01 , 1.122453998709531e-04
0.57500000 , 1.859007466486804e-01 , 1.101906977668859e-04
0.60000000 , 1.795617646252324e-01 , 1.083239850268692e-04
0.62500000 , 1.733265032213616e-01 , 1.064361098733807e-04
0.65000000 , 1.677577201888700e-01 , 1.047109540817942e-04
0.67500000 , 1.624631785725530e-01 , 1.030288382747406e-04
0.70000000 , 1.575950768718738e-01 , 1.014975105220138e-04
0.72500000 , 1.527357341423974e-01 , 9.993032233761918e-05
0.75000000 , 1.484449079913883e-01 , 9.851285488238317e-05
0.77500000 , 1.442472433646948e-01 , 9.706403391705169e-05
0.80000000 , 1.406082105827264e-01 , 9.588174563055094e-05
0.82500000 , 1.367041505413164e-01 , 9.449341446232144e-05
0.85000000 , 1.332544218835273e-01 , 9.334253748321187e-05
0.87500000 , 1.300484996668448e-01 , 9.217374370304390e-05
0.90000000 , 1.266665508474997e-01 , 9.096067334002460e-05
0.92500000 , 1.237239665176253e-01 , 8.986433334960650e-05
0.95000000 , 1.210237973954652e-01 , 8.890272271944025e-05
0.97500000 , 1.180252925114807e-01 , 8.774795861363904e-05
1.00000000 , 1.156866820821554e-01 , 8.688651916627530e-05
1.02500000 , 1.131670075590255e-01 , 8.596315135041208e-05
1.05000000 , 1.106529002922941e-01 , 8.496767372336329e-05
1.07500000 , 1.082328813766090e-01 , 8.405554432276699e-05
1.10000000 , 1.062468363515714e-01 , 8.323825021603453e-05
1.12500000 , 1.042049687574458e-01 , 8.246372834251034e-05
1.15000000 , 1.019972835266609e-01 , 8.155191109119174e-05
1.17500000 , 1.001773844751625e-01 , 8.080501741364236e-05
1.20000000 , 9.829710137951807e-02 , 8.003106318496723e-05
1.22500000 , 9.646013873450919e-02 , 7.929633914264293e-05
1.25000000 , 9.482354398965341e-02 , 7.861850379262675e-05
1.27500000 , 9.311383366435777e-02 , 7.790638020842638e-05
1.30000000 , 9.142496056680915e-02 , 7.717685503363402e-05
1.32500000 , 8.987342714553000e-02 , 7.650955182609430e-05
1.35000000 , 8.834099269552678e-02 , 7.583151414775086e-05
1.37500000 , 8.695733888991949e-02 , 7.521887223400860e-05
1.40000000 , 8.551411933948309e-02 , 7.461809629861234e-05
1.42500000 , 8.422877586917125e-02 , 7.405308196528897e-05
1.45000000 , 8.278269156447578e-02 , 7.339821911942899e-05
1.47500000 , 8.164324536751037e-02 , 7.290776863832837e-05
1.50000000 , 8.046370132020303e-02 , 7.238328235980451e-05
1.52500000 , 7.920520451345765e-02 , 7.180753498360841e-05
1.55000000 , 7.805880668099575e-02 , 7.127548043058808e-05
1.57500000 , 7.696989879441286e-02 , 7.075482640283139e-05
1.60000000 , 7.595550610303457e-02 , 7.029576531336696e-05
1.62500000 , 7.478935521341810e-02 , 6.974673686767791e-05
1.65000000 , 7.359716039745326e-02 , 6.917809325196521e-05
1.67500000 , 7.266128157756786e-02 , 6.873123687665642e-05
1.70000000 , 7.169106120202741e-02 , 6.824734941589190e-05
1.72500000 , 7.081789374938390e-02 , 6.786667722345218e-05
1.75000000 , 6.982831571497802e-02 , 6.737637484425622e-05
1.77500000 , 6.900446466803430e-02 , 6.699071697253959e-05
1.80000000 , 6.802065139280115e-02 , 6.648389572964448e-05
1.82500000 , 6.726706921201203e-02 , 6.611224594601077e-05
1.85000000 , 6.647248186912200e-02 , 6.571207178144592e-05
1.87500000 , 6.567976864902073e-02 , 6.531511490238259e-05
1.90000000 , 6.475500268470517e-02 , 6.485746215176222e-05
1.92500000 , 6.409163474241285e-02 , 6.450706269944752e-05
1.95000000 , 6.333994475927655e-02 , 6.414350337104591e-05
1.97500000 , 6.272327536983187e-02 , 6.380460785631087e-05
2.00000000 , 6.191667907314061e-02 , 6.341616220958550e-05
2.02500000 , 6.109898755747611e-02 , 6.298780344900555e-05
2.05000000 , 6.042606904709526e-02 , 6.262778975541560e-05
2.07500000 , 5.993940382998186e-02 , 6.238440595784758e-05
2.10000000 , 5.904470902605281e-02 , 6.190956094704456e-05
2.12500000 , 5.858200416909361e-02 , 6.165278862837403e-05
2.15000000 , 5.786949335346724e-02 , 6.128613514011181e-05
2.17500000 , 5.726758910459780e-02 , 6.096134684605204e-05
2.20000000 , 5.661394399230259e-02 , 6.059160118741545e-05
2.22500000 , 5.611636798652551e-02 , 6.033019699746108e-05
2.25000000 , 5.549271303630730e-02 , 6.000127291684875e-05
2.27500000 , 5.498611993186080e-02 , 5.971503073046638e-05
2.30000000 , 5.440043063597143e-02 , 5.937212591582890e-05
2.32500000 , 5.379702022931471e-02 , 5.906113092756653e-05
2.35000000 , 5.330584804454281e-02 , 5.879353699436842e-05
2.37500000 , 5.278632003107817e-02 , 5.848626648578890e-05
2.40000000 , 5.221236906657750e-02 , 5.817545285047894e-05
2.42500000 , 5.173642492223360e-02 , 5.791043074183825e-05
2.45000000 , 5.129134610606177e-02 , 5.766159134405618e-05
2.47500000 , 5.078825133597336e-02 , 5.736152020315769e-05
2.50000000 , 5.017834888569819e-02 , 5.700574216680359e-05
2.52500000 , 5.001378257554469e-02 , 5.697564770539018e-05
2.55000000 , 4.944907775224184e-02 , 5.662589265403532e-05
2.57500000 , 4.902901982836024e-02 , 5.635657190043594e-05
2.60000000 , 4.856965241983496e-02 , 5.607844736094295e-05
2.62500000 , 4.812310312037503e-02 , 5.584006065990360e-05
2.65000000 , 4.776106585038069e-02 , 5.560455821527372e-05
2.67500000 , 4.724493249386445e-02 , 5.530684789071507e-05
2.70000000 , 4.691723882484930e-02 , 5.512183381225262e-05
2.72500000 , 4.635659742779080e-02 , 5.474810343549641e-05
2.75000000 , 4.598456241084287e-02 , 5.454398677465102e-05
2.77500000 , 4.564603169092981e-02 , 5.435141109116799e-05
2.80000000 , 4.535656905529747e-02 , 5.423527533883317e-05
2.82500000 , 4.496157153261163e-02 , 5.393672824724501e-05
2.85000000 , 4.449142108023452e-02 , 5.363245318465175e-05
2.87500000 , 4.417380274252973e-02 , 5.346059095502696e-05
2.90000000 , 4.389269477328382e-02 , 5.329922941294248e-05
2.92500000 , 4.357493313050759e-02 , 5.312875218689169e-05
2.95000000 , 4.311916626868336e-02 , 5.282852863307182e-05
2.97500000 , 4.282898565167668e-02 , 5.265235175376400e-05
3.00000000 , 4.251359354179837e-02 , 5.243722937338633e-05
3.02500000 , 4.220125319525531e-02 , 5.226216870072967e-05
3.05000000 , 4.180932576692960e-02 , 5.202141539442390e-05
3.07500000 , 4.156809610573405e-02 , 5.187196932739091e-05
3.10000000 , 4.122685166915069e-02 , 5.166322801540458e-05
3.12500000 , 4.093818648727818e-02 , 5.142928261004610e-05
3.15000000 , 4.057013166710616e-02 , 5.122213571972209e-05
3.17500000 , 4.027746136060641e-02 , 5.103528871761771e-05
3.20000000 , 4.004392546867554e-02 , 5.090838110804984e-05
3.22500000 , 3.962401664868713e-02 , 5.061332710977693e-05
3.25000000 , 3.949165290251028e-02 , 5.053547543500833e-05
3.27500000 , 3.916328469308691e-02 , 5.033289099702396e-05
3.30000000 , 3.888930813976871e-02 , 5.014403038095290e-05
3.32500000 , 3.858742564144687e-02 , 4.992906187896178e-05
3.35000000 , 3.834660033734005e-02 , 4.978811292391899e-05
3.37500000 , 3.809957258158330e-02 , 4.963599568037772e-05
3.40000000 , 3.785688942659172e-02 , 4.946627771803569e-05
3.42500000 , 3.753011790609558e-02 , 4.924595884427269e-05
3.45000000 , 3.725095039439742e-02 , 4.906616026018989e-05
3.47500000 , 3.704811925055787e-02 , 4.894138866832417e-05
3.50000000 , 3.689220789662941e-02 , 4.884756553607277e-05
3.52500000 , 3.652779617265894e-02 , 4.860408418111786e-05
3.55000000 , 3.636045948633950e-02 , 4.848746704750211e-05
3.57500000 , 3.617155465201178e-02 , 4.835487798998180e-05
3.60000000 , 3.592922820398183e-02 , 4.818183365730458e-05
3.62500000 , 3.558858452763977e-02 , 4.794550751372822e-05
3.65000000 , 3.537981871524249e-02 , 4.782272776824351e-05
3.67500000 , 3.518938516156521e-02 , 4.769561764969946e-05
3.70000000 , 3.500627490251326e-02 , 4.758060922749782e-05
3.72500000 , 3.471385757518698e-02 , 4.736181683590529e-05
3.75000000 , 3.448062650937520e-02 , 4.719377600481180e-05
3.77500000 , 3.431007538258481e-02 , 4.709096515097849e-05
3.80000000 , 3.407872795594927e-02 , 4.692237837886618e-05
3.82500000 , 3.382999605888648e-02 , 4.672419615044834e-05
3.85000000 , 3.369082335913193e-02 , 4.665792523329902e-05
3.87500000 , 3.348206410165747e-02 , 4.651534128687510e-05
3.90000000 , 3.322540772960677e-02 , 4.629883720087987e-05
3.92500000 , 3.312458805452950e-02 , 4.624922019050478e-05
3.95000000 , 3.283319981221796e-02 , 4.603657212654892e-05
3.97500000 , 3.266986979134469e-02 , 4.593330754460890e-05
4.00000000 , 3.249253609781976e-02 , 4.580761461840089e-05
4.02500000 , 3.229139525417403e-02 , 4.564795416510167e-05
4.05000000 , 3.206093209725457e-02 , 4.548420391309310e-05
4.07500000 , 3.191645047787876e-02 , 4.537957622908457e-05
4.10000000 , 3.167676425983746e-02 , 4.518082710492109e-05
4.12500000 , 3.157286764326027e-02 , 4.516018498659268e-05
4.15000000 , 3.149450326434740e-02 , 4.515979512447752e-05
4.17500000 , 3.121276632443625e-02 , 4.489963850126724e-05
4.20000000 , 3.104696431097997e-02 , 4.476688862242925e-05
4.22500000 , 3.086156180580506e-02 , 4.463845376103635e-05
4.25000000 , 3.066647685370964e-02 , 4.447463056544535e-05
4.27500000 , 3.055302974400692e-02 , 4.442996327721062e-05
4.30000000 , 3.031673661077787e-02 , 4.424663915345116e-05
4.32500000 , 3.015309308474990e-02 , 4.410867493375456e-05
4.35000000 , 3.006589016105782e-02 , 4.404766820812064e-05
4.37500000 , 2.981411539812420e-02 , 4.384141666575849e-05
4.40000000 , 2.970441704840484e-02 , 4.377150228434041e-05
4.42500000 , 2.958297517587828e-02 , 4.367979156029463e-05
4.45000000 , 2.938759582442343e-02 , 4.357744652170259e-05
4.47500000 , 2.920229279958131e-02 , 4.340269936376723e-05
4.50000000 , 2.913573714833659e-02 , 4.335335757910009e-05
4.52500000 , 2.890938026389040e-02 , 4.320567064588043e-05
4.55000000 , 2.866882246481975e-02 , 4.300696849437523e-05
4.57500000 , 2.858641950629491e-02 , 4.295111057646780e-05
4.60000000 , 2.849904384795927e-02 , 4.287130322307668e-05
4.62500000 , 2.839628602528182e-02 , 4.278478710567887e-05
4.65000000 , 2.816568943296318e-02 , 4.263484867081293e-05
4.67500000 , 2.803156072718083e-02 , 4.251732466100159e-05
4.70000000 , 2.786124449612910e-02 , 4.235997303177391e-05
4.72500000 , 2.780520852922033e-02 , 4.237914055225815e-05
4.75000000 , 2.758751134665230e-02 , 4.216254582481568e-05
4.77500000 , 2.755275807160711e-02 , 4.214917036545957e-05
4.80000000 , 2.741952668953605e-02 , 4.206717664801905e-05
4.82500000 , 2.722894328231999e-02 , 4.192293433102377e-05
4.85000000 , 2.709187218810188e-02 , 4.177232635260392e-05
4.87500000 , 2.703980864588457e-02 , 4.175379937985305e-05
4.90000000 , 2.688588556184860e-02 , 4.163947947149229e-05
4.92500000 , 2.673638747007803e-02 , 4.154470426982163e-05
4.95000000 , 2.652924644243856e-02 , 4.136081930568372e-05
4.97500000 , 2.648040462649493e-02 , 4.132279370054238e-05
5.00000000 , 2.638197854824499e-02 , 4.125187226624405e-05
5.02500000 , 2.616155410970944e-02 , 4.111442680337588e-05
5.05000000 , 2.599230769425739e-02 , 4.092363104000112e-05
5.07500000 , 2.597143573574082e-02 , 4.093411797769060e-05
5.10000000 , 2.586230315912923e-02 , 4.082952152464968e-05
5.12500000 , 2.577074215920765e-02 , 4.076657227586021e-05
5.15000000 , 2.554808885929091e-02 , 4.056313488361244e-05
5.17500000 , 2.556337538512080e-02 , 4.059684388441585e-05
5.20000000 , 2.544760260082935e-02 , 4.053760423791081e-05
5.22500000 , 2.529217838083522e-02 , 4.038011217576944e-05
5.25000000 , 2.517710589225064e-02 , 4.030041171140225e-05
5.27500000 , 2.498648585711785e-02 , 4.010506264781958e-05
5.30000000 , 2.494930916785965e-02 , 4.012163854634343e-05
5.32500000 , 2.489152094702745e-02 , 4.007541066877121e-05
5.35000000 , 2.477396305631889e-02 , 3.996237184927913e-05
5.37500000 , 2.465821886339798e-02 , 3.991811539005325e-05
5.40000000 , 2.442990788689040e-02 , 3.968821463645884e-05
5.42500000 , 2.442548531449673e-02 , 3.969361566245939e-05
5.45000000 , 2.430935046887814e-02 , 3.958301006033021e-05
5.47500000 , 2.420894490450287e-02 , 3.953230912303103e-05
5.50000000 , 2.401136186716680e-02 , 3.930063949067430e-05
5.52500000 , 2.404157807650331e-02 , 3.940360667722482e-05
5.55000000 , 2.387896275380287e-02 , 3.923078356363154e-05
5.57500000 , 2.371905193300067e-02 , 3.908017211847493e-05
5.60000000 , 2.362940077534367e-02 , 3.901333835084625e-05
5.62500000 , 2.356508546745075e-02 , 3.896786989545427e-05
5.65000000 , 2.347470775605498e-02 , 3.891181281908837e-05
5.67500000 , 2.338793006774849e-02 , 3.882288783575068e-05
5.70000000 , 2.327791355203617e-02 , 3.872052231480327e-05
5.72500000 , 2.322743585653971e-02 , 3.869004482045807e-05
5.75000000 , 2.304017938001084e-02 , 3.852518554972245e-05
5.77500000 , 2.297333638543611e-02 , 3.848753675237409e-05
5.80000000 , 2.296551695093540e-02 , 3.850728472508577e-05
5.82500000 , 2.276241012559248e-02 , 3.829962581806053e-05
5.85000000 , 2.265425954988224e-02 , 3.818993428273905e-05
5.87500000 , 2.258479449788384e-02 , 3.812207159024772e-05
5.90000000 , 2.256188387537091e-02 , 3.813662069107832e-05
5.92500000 , 2.240313327628918e-02 , 3.795212647372512e-05
5.95000000 , 2.234697394700400e-02 , 3.797502217640159e-05
5.97500000 , 2.231135305901601e-02 , 3.792125469801464e-05
6.00000000 , 2.224663843552369e-02 , 3.787328122028735e-05
6.02500000 , 2.210393429285569e-02 , 3.774967063182845e-05
6.05000000 , 2.206517296309380e-02 , 3.774887811662432e-05
6.07500000 , 2.195841753626128e-02 , 3.762994490447725e-05
6.10000000 , 2.184841643068972e-02 , 3.751800014973465e-05
6.12500000 , 2.172171239711583e-02 , 3.741788540103460e-05
6.15000000 , 2.175036529020846e-02 , 3.748288655810274e-05
6.17500000 , 2.158221572321711e-02 , 3.728796589144611e-05
6.20000000 , 2.154940816412743e-02 , 3.726975367697325e-05
6.22500000 , 2.144011026277133e-02 , 3.717747956952789e-05
6.25000000 , 2.138176535223111e-02 , 3.712075876138294e-05
6.27500000 , 2.120994042252253e-02 , 3.697870675288445e-05
6.30000000 , 2.118404627787140e-02 , 3.693126469454639e-05
6.32500000 , 2.108796676204736e-02 , 3.687404332380748e-05
6.35000000 , 2.100311611316646e-02 , 3.678684072867329e-05
6.37500000 , 2.090523548756004e-02 , 3.668866894701251e-05
6.40000000 , 2.091113703321403e-02 , 3.672368404749190e-05
6.42500000 , 2.075088296165344e-02 , 3.656501516379443e-05
6.45000000 , 2.071650203812465e-02 , 3.654141492390444e-05
6.47500000 , 2.065291890610132e-02 , 3.649295517438089e-05
6.50000000 , 2.055167580644003e-02 , 3.638202915672125e-05
6.52500000 , 2.050885816256359e-02 , 3.635481844975123e-05
6.55000000 , 2.048056730561701e-02 , 3.635826595409073e-05
6.57500000 , 2.034681033803318e-02 , 3.621447261499701e-05
6.60000000 , 2.026231767935741e-02 , 3.613693415381383e-05
6.62500000 , 2.027177656762912e-02 , 3.616602842081594e-05
6.65000000 , 2.014355340916194e-02 , 3.600918425570525e-05
6.67500000 , 2.016700963537634e-02 , 3.606457533833918e-05
6.70000000 , 2.002377073949188e-02 , 3.594561250651612e-05
6.72500000 , 1.993006710751216e-02 , 3.584375132528049e-05
6.75000000 , 1.982922187274849e-02 , 3.574720178583982e-05
6.77500000 , 1.976656966366673e-02 , 3.569153382612879e-05
6.80000000 , 1.976921346112782e-02 , 3.571175995722939e-05
6.82500000 , 1.966011132266687e-02 , 3.560536657925012e-05
6.85000000 , 1.962046765167706e-02 , 3.557125364372916e-05
6.87500000 , 1.944339874432845e-02 , 3.538655479982152e-05
6.90000000 , 1.945426527710867e-02 , 3.541460222162515e-05
6.92500000 , 1.936165084886857e-02 , 3.530912419821221e-05
6.95000000 , 1.931608738262925e-02 , 3.525150068260110e-05
6.97500000 , 1.925843711458836e-02 , 3.521124533309927e-05
7.00000000 , 1.914840099635549e-02 , 3.509420571492673e-05
7.02500000 , 1.913588322819303e-02 , 3.510915266974312e-05
7.05000000 , 1.908817108986487e-02 , 3.506010913592054e-05
7.07500000 , 1.907568533119335e-02 , 3.504489689262079e-05
7.10000000 , 1.897569141767333e-02 , 3.498498437803043e-05
7.12500000 , 1.887281768575652e-02 , 3.483985101410332e-05
7.15000000 , 1.879009574213761e-02 , 3.479349340455478e-05
7.17500000 , 1.878336748240684e-02 , 3.482739914521032e-05
7.20000000 , 1.870104838086847e-02 , 3.471146630823065e-05
7.22500000 , 1.860031144639039e-02 , 3.459138820929777e-05
7.25000000 , 1.859624347560842e-02 , 3.462048332418713e-05
7.27500000 , 1.856464386790505e-02 , 3.458007246832282e-05
7.30000000 , 1.850134439986459e-02 , 3.455516838582941e-05
7.32500000 , 1.835888752256137e-02 , 3.438459512775337e-05
7.35000000 , 1.835802844472772e-02 , 3.441343049806191e-05
7.37500000 , 1.833885650465312e-02 , 3.439317809104628e-05
7.40000000 , 1.823743231377550e-02 , 3.428197967703034e-05
7.42500000 , 1.817795832838255e-02 , 3.424407009769087e-05
7.45000000 , 1.808048793768434e-02 , 3.413064833641455e-05
7.47500000 , 1.801276804244826e-02 , 3.404169623403129e-05
7.50000000 , 1.801351044707559e-02 , 3.407318702376012e-05
7.52500000 , 1.795452864888314e-02 , 3.402434726054307e-05
7.55000000 , 1.792261171300287e-02 , 3.402454173747912e-05
7.57500000 , 1.786847505254143e-02 , 3.394684475041673e-05
7.60000000 , 1.778615010238999e-02 , 3.385918783593356e-05
7.62500000 , 1.772573350361632e-02 , 3.378745704147173e-05
7.65000000 , 1.767484059207657e-02 , 3.375424361119262e-05
7.67500000 , 1.762405086838105e-02 , 3.369855183004877e-05
7.70000000 , 1.760598636555002e-02 , 3.370042475317682e-05
7.72500000 , 1.747606945374891e-02 , 3.355203379933162e-05
7.75000000 , 1.746511246648737e-02 , 3.356442521620088e-05
7.77500000 , 1.741657251191131e-02 , 3.350255126580346e-05
7.80000000 , 1.735749220673427e-02 , 3.342929205261553e-05
7.82500000 , 1.728690089737092e-02 , 3.339787541088666e-05
7.85000000 , 1.725258263461563e-02 , 3.333971984555712e-05
7.87500000 , 1.722087065978904e-02 , 3.330943252332694e-05
7.90000000 , 1.713382509652206e-02 , 3.324183727539432e-05
7.92500000 , 1.707270279820172e-02 , 3.315622044195566e-05
7.95000000 , 1.708284191319294e-02 , 3.319381265723521e-05
7.97500000 , 1.701928671256233e-02 , 3.312711487882774e-05
8.00000000 , 1.692473471635285e-02 , 3.303284788845407e-05
8.02500000 , 1.691740806411297e-02 , 3.303741077397370e-05
8.05000000 , 1.685963542685164e-02 , 3.298405826095254e-05
8.07500000 , 1.679853935846491e-02 , 3.289293977587206e-05
8.10000000 , 1.676707200505368e-02 , 3.289638334358498e-05
8.12500000 , 1.674733898581985e-02 , 3.286966524946019e-05
8.15000000 , 1.672254877334422e-02 , 3.286158059657013e-05
8.17500000 , 1.664405117672657e-02 , 3.277108859780633e-05
8.20000000 , 1.654408080060428e-02 , 3.264936893941892e-05
8.22500000 , 1.654345197098267e-02 , 3.266181650033856e-05
8.25000000 , 1.650125248119343e-02 , 3.261369900753699e-05
8.27500000 , 1.644325239071331e-02 , 3.258565049435721e-05
8.30000000 , 1.637010359284783e-02 , 3.252475571114839e-05
8.32500000 , 1.630863247628834e-02 , 3.241565457668838e-05
8.35000000 , 1.627756573737239e-02 , 3.238533104227780e-05
8.37500000 , 1.624912260193837e-02 , 3.236571008169058e-05
8.40000000 , 1.617254773649942e-02 , 3.226897695715188e-05
8.42500000 , 1.616758533808712e-02 , 3.227098962198334e-05
8.45000000 , 1.612889026565322e-02 , 3.222029218159678e-05
8.47500000 , 1.603554864440885e-02 , 3.213451301254323e-05
8.50000000 , 1.599524442730925e-02 , 3.210465856388090e-05
8.52500000 , 1.593950750337723e-02 , 3.205301501282730e-05
8.55000000 , 1.589556361828484e-02 , 3.201113773147872e-05
8.57500000 , 1.596087497253443e-02 , 3.207999750476284e-05
8.60000000 , 1.587515556111274e-02 , 3.200308814745897e-05
8.62500000 , 1.585232036006253e-02 , 3.201018930417334e-05
8.65000000 , 1.578993558527571e-02 , 3.189714920780765e-05
8.67500000 , 1.572350805189040e-02 , 3.182047497726154e-05
8.70000000 , 1.568922872719075e-02 , 3.181523704139379e-05
8.72500000 , 1.559698542045786e-02 , 3.170658090709040e-05
8.75000000 , 1.559361034047467e-02 , 3.168468190331961e-05
8.77500000 , 1.558729213400911e-02 , 3.170994339842693e-05
8.80000000 , 1.553193275827416e-02 , 3.163804082188558e-05
8.82500000 , 1.545696862081055e-02 , 3.155751650672659e-05
8.85000000 , 1.542221778907293e-02 , 3.151384904574951e-05
8.87500000 , 1.536412409515642e-02 , 3.147166415123346e-05
8.90000000 , 1.536366058201790e-02 , 3.147503016143531e-05
8.92500000 , 1.532443684515343e-02 , 3.140597309645358e-05
8.95000000 , 1.532084125663133e-02 , 3.144000771147782e-05
8.97500000 , 1.524342796784795e-02 , 3.135512467732568e-05
9.00000000 , 1.522707750860523e-02 , 3.135425081573462e-05
9.02500000 , 1.518612446041329e-02 , 3.128380387180203e-05
9.05000000 , 1.514213842392873e-02 , 3.124131325068664e-05
9.07500000 , 1.506216872019994e-02 , 3.117180734983498e-05
9.10000000 , 1.505693504419274e-02 , 3.115996498664757e-05
9.12500000 , 1.496062985316842e-02 , 3.105156573488680e-05
9.15000000 , 1.497860961055674e-02 , 3.107930415373469e-05
9.17500000 , 1.493019068317521e-02 , 3.100041689668461e-05
9.20000000 , 1.493509258096044e-02 , 3.105067360029594e-05
9.22500000 , 1.483331560673746e-02 , 3.091118839134180e-05
9.25000000 , 1.483011597556829e-02 , 3.091514546231102e-05
9.27500000 , 1.477336540774542e-02 , 3.087178865280626e-05
9.30000000 , 1.473494131667740e-02 , 3.082865907908660e-05
9.32500000 , 1.467166706858462e-02 , 3.073918999580082e-05
9.35000000 , 1.464882482545518e-02 , 3.074028414389721e-05
9.37500000 , 1.456613191936566e-02 , 3.061529572276634e-05
9.40000000 , 1.460586169051467e-02 , 3.070823944790059e-05
9.42500000 , 1.453177527123884e-02 , 3.060328935597262e-05
9.45000000 , 1.455033519615790e-02 , 3.061759975630947e-05
9.47500000 , 1.456228464382361e-02 , 3.068213424804299e-05
9.50000000 , 1.442508626071317e-02 , 3.051183847212039e-05
9.52500000 , 1.442202194768116e-02 , 3.048860988297294e-05
9.55000000 , 1.434720932655741e-02 , 3.037928307851794e-05
9.57500000 , 1.435116858613753e-02 , 3.042418814759647e-05
9.60000000 , 1.430734230416887e-02 , 3.035134449338198e-05
9.62500000 , 1.426574154978668e-02 , 3.029874993900609e-05
9.65000000 , 1.426104159376249e-02 , 3.034178945310330e-05
9.67500000 , 1.424307310165468e-02 , 3.031674402140818e-05
9.70000000 , 1.421458501442770e-02 , 3.027001349953936e-05
9.72500000 , 1.416621960552220e-02 , 3.022839588348583e-05
9.75000000 , 1.408821090017107e-02 , 3.014411841189742e-05
9.77500000 , 1.401402867984691e-02 , 3.007215402187450e-05
9.80000000 , 1.406538601822339e-02 , 3.013085312713738e-05
9.82500000 , 1.395685649934024e-02 , 2.999120360475977e-05
9.85000000 , 1.391117230874514e-02 , 2.992033177741470e-05
9.87500000 , 1.397287528072328e-02 , 3.003833817449425e-05
9.90000000 , 1.389051295341622e-02 , 2.991535870493405e-05
9.92500000 , 1.387803971742574e-02 , 2.990557020296309e-05
9.95000000 , 1.386142870476530e-02 , 2.992979970264307e-05
9.97500000 , 1.382723391847792e-02 , 2.988774543795432e-05
10.00000000 , 1.381729680946739e-02 , 2.985150399238429e-05
10.02500000 , 1.373684914012783e-02 , 2.974182703260882e-05
10.05000000 , 1.373187483552089e-02 , 2.976981937938125e-05
10.07500000 , 1.362859505489010e-02 , 2.961436928530592e-05
10.10000000 , 1.365635620873525e-02 , 2.969865259042042e-05
10.12500000 , 1.372124787074457e-02 , 2.977509325653383e-05
10.15000000 , 1.363874844976276e-02 , 2.969955197411016e-05
10.17500000 , 1.358522260834279e-02 , 2.961156616294062e-05
10.20000000 , 1.359013964475333e-02 , 2.962124394283733e-05
10.22500000 , 1.348465610320261e-02 , 2.951581400484947e-05
10.25000000 , 1.348479884670697e-02 , 2.950665014075437e-05
10.27500000 , 1.345007882145268e-02 , 2.945190216435213e-05
10.30000000 , 1.337525720291292e-02 , 2.937290270161207e-05
10.32500000 , 1.341376414441610e-02 , 2.943327306695817e-05
10.35000000 , 1.334948381027530e-02 , 2.934774877684714e-05
10.37500000 , 1.328942294529425e-02 , 2.928604184777333e-05
10.40000000 , 1.339041946928189e-02 , 2.942007886614708e-05
10.42500000 , 1.324643298617120e-02 , 2.923219035352380e-05
10.45000000 , 1.325086282514175e-02 , 2.925264113786387e-05
10.47500000 , 1.325585759644584e-02 , 2.929539820574993e-05
10.50000000 , 1.321273873109161e-02 , 2.921374558492391e-05
10.52500000 , 1.313809093893984e-02 , 2.911848657007448e-05
10.55000000 , 1.311858655322603e-02 , 2.909395411660909e-05
10.57500000 , 1.307880393828940e-02 , 2.905770675655492e-05
10.60000000 , 1.307842241079899e-02 , 2.906024687969203e-05
10.62500000 , 1.307669218559491e-02 , 2.907771631666754e-05
10.65000000 , 1.300123693205618e-02 , 2.896701685393490e-05
10.67500000 , 1.292317048685664e-02 , 2.886601437381156e-05
10.70000000 , 1.299381854219686e-02 , 2.896830920469766e-05
10.72500000 , 1.296459779035780e-02 , 2.895144908198416e-05
10.75000000 , 1.288540583713140e-02 , 2.883423522154845e-05
10.77500000 , 1.286445889923865e-02 , 2.881455651733308e-05
10.80000000 , 1.278479715725706e-02 , 2.871729607594641e-05
10.82500000 , 1.279475699234104e-02 , 2.871307852855531e-05
10.85000000 , 1.278172134157068e-02 , 2.873110004645968e-05
10.87500000 , 1.273366230457551e-02 , 2.866083095378235e-05
10.90000000 , 1.272690928948021e-02 , 2.867581332969021e-05
10.92500000 , 1.270659680899553e-02 , 2.864274701825909e-05
10.95000000 , 1.265574975116935e-02 , 2.854606847246985e-05
10.97500000 , 1.265224175843014e-02 , 2.856800577641522e-05
11.00000000 , 1.263766778135615e-02 , 2.854915493847622e-05
11.02500000 , 1.261584623338438e-02 , 2.857327839824681e-05
11.05000000 , 1.257814495030049e-02 , 2.850742130785195e-05
11.07500000 , 1.256078814710534e-02 , 2.850470751103522e-05
11.10000000 , 1.258821655034595e-02 , 2.853227672322293e-05
11.12500000 , 1.250704508921827e-02 , 2.842298061598715e-05
11.15000000 , 1.247334263989653e-02 , 2.835895547849645e-05
11.17500000 , 1.244552814066108e-02 , 2.835840217899512e-05
11.20000000 , 1.247699189563356e-02 , 2.844316853592717e-05
11.22500000 , 1.242780009783001e-02 , 2.833086153822844e-05
11.25000000 , 1.238730267508586e-02 , 2.825202312923070e-05
11.27500000 , 1.234114921830219e-02 , 2.823612102984287e-05
11.30000000 , 1.229964962351161e-02 , 2.818178286987866e-05
11.32500000 , 1.230050542011034e-02 , 2.820334676200538e-05
11.35000000 , 1.229831420909498e-02 , 2.818089473866771e-05
11.37500000 , 1.224651549318075e-02 , 2.814765928202237e-05
11.40000000 , 1.223764659259839e-02 , 2.811658454889234e-05
11.42500000 , 1.222535568072725e-02 , 2.809444272918842e-05
11.45000000 , 1.220992955817005e-02 , 2.807257025962601e-05
11.47500000 , 1.214451233835248e-02 , 2.800943467975168e-05
11.50000000 , 1.211504606859221e-02 , 2.799668737005005e-05
11.52500000 , 1.211773082123665e-02 , 2.801722380696481e-05
11.55000000 , 1.209414320891998e-02 , 2.794656530045683e-05
11.57500000 , 1.205925428291965e-02 , 2.793136489414912e-05
11.60000000 , 1.206241177901279e-02 , 2.790260723252458e-05
11.62500000 , 1.194201669978875e-02 , 2.775960431577282e-05
11.65000000 , 1.199664066457196e-02 , 2.782807263679692e-05
11.67500000 , 1.199482354490909e-02 , 2.784305246037217e-05
11.70000000 , 1.192131246904752e-02 , 2.773987749860335e-05
11.72500000 , 1.198625189536221e-02 , 2.786820612500475e-05
11.75000000 , 1.189567779942290e-02 , 2.768286817181725e-05
11.77500000 , 1.194116513897662e-02 , 2.778212821314955e-05
11.80000000 , 1.187549818676190e-02 , 2.768157019505840e-05
11.82500000 , 1.182932840640231e-02 , 2.763656227901596e-05
11.85000000 , 1.180401116723897e-02 , 2.761645449548384e-05
11.87500000 , 1.179339520484325e-02 , 2.759709466900651e-05
11.90000000 , 1.179994029004763e-02 , 2.761878810942559e-05
11.92500000 , 1.172878504043780e-02 , 2.753274171111899e-05
11.95000000 , 1.180280955707466e-02 , 2.763869058385782e-05
11.97500000 , 1.169827483941622e-02 , 2.748945035760708e-05
12.00000000 , 1.165940963985911e-02 , 2.745360250531790e-05
12.02500000 , 1.165283792982030e-02 , 2.743282970116193e-05
12.05000000 , 1.161546639636906e-02 , 2.739639431697458e-05
12.07500000 , 1.158308895573158e-02 , 2.733774577074285e-05
12.10000000 , 1.158487323061667e-02 , 2.734937221478912e-05
12.12500000 , 1.154945335678873e-02 , 2.733607231647198e-05
12.15000000 , 1.155011697209554e-02 , 2.730267438051228e-05
12.17500000 , 1.156017387280932e-02 , 2.732162629099482e-05
12.20000000 , 1.151302124210687e-02 , 2.728465720307943e-05
12.22500000 , 1.145264738791641e-02 , 2.718184610433864e-05
12.25000000 , 1.145107014177997e-02 , 2.718677729069614e-05
12.27500000 , 1.144203776288825e-02 , 2.719983062146033e-05
12.30000000 , 1.137762858946233e-02 , 2.706369463169206e-05
12.32500000 , 1.148448165146305e-02 , 2.726983117444134e-05
12.35000000 , 1.139180628149814e-02 , 2.714323821668574e-05
12.37500000 , 1.130589605824281e-02 , 2.697935071230692e-05
12.40000000 , 1.135808638155225e-02 , 2.709637542305646e-05
12.42500000 , 1.128783829615109e-02 , 2.701070461025996e-05
12.45000000 , 1.129809311739042e-02 , 2.700560784955404e-05
12.47500000 , 1.127547457271375e-02 , 2.698067815330130e-05
12.50000000 , 1.124799418673520e-02 , 2.696064719964808e-05
12.52500000 , 1.125276487709091e-02 , 2.697841968904335e-05
12.55000000 , 1.127721455793824e-02 , 2.701173315351354e-05
12.57500000 , 1.118787460836401e-02 , 2.690923957653245e-05
12.60000000 , 1.120936336743407e-02 , 2.689404524047166e-05
12.62500000 , 1.115932161093617e-02 , 2.688568364361906e-05
12.65000000 , 1.111240223301865e-02 , 2.679483394118538e-05
12.67500000 , 1.114029974334880e-02 , 2.685524313813478e-05
12.70000000 , 1.109309678396224e-02 , 2.677541805011009e-05
12.72500000 , 1.109477714588501e-02 , 2.681449908080182e-05
12.75000000 , 1.108769496564675e-02 , 2.679694971179555e-05
12.77500000 , 1.102216692656412e-02 , 2.667481488902630e-05
12.80000000 , 1.099250133106796e-02 , 2.663393571785335e-05
12.82500000 , 1.099769697760527e-02 , 2.663592335416853e-05
12.85000000 , 1.098631629469354e-02 , 2.668208996864772e-05
12.87500000 , 1.095491097288948e-02 , 2.661267634933850e-05
12.90000000 , 1.095341486398350e-02 , 2.657709644742254e-05
12.92500000 , 1.093253608764225e-02 , 2.658556712798121e-05
12.95000000 , 1.086421081780871e-02 , 2.645713579335348e-05
12.97500000 , 1.093774999807349e-02 , 2.660099142858256e-05
13.00000000 , 1.091497232043140e-02 , 2.657713035318395e-05
13.02500000 , 1.086810072358537e-02 , 2.651707606098166e-05
13.05000000 , 1.083925418384728e-02 , 2.647220313521403e-05
13.07500000 , 1.075173878050241e-02 , 2.632663315994841e-05
13.10000000 , 1.080988321889003e-02 , 2.646824197562979e-05
13.12500000 , 1.074047968103527e-02 , 2.632471098612985e-05
13.15000000 , 1.083720992476637e-02 , 2.653286182892898e-05
13.17500000 , 1.077268122704291e-02 , 2.640093696907971e-05
13.20000000 , 1.075963932170290e-02 , 2.636121898268441e-05
13.22500000 , 1.067357159760089e-02 , 2.624332984082122e-05
13.25000000 , 1.072333813776124e-02 , 2.633885994970900e-05
13.27500000 , 1.066646589820542e-02 , 2.626176286398742e-05
13.30000000 , 1.065452155292415e-02 , 2.622755830437094e-05
13.32500000 , 1.060111582492508e-02 , 2.617086688995975e-05
13.35000000 , 1.067434614294208e-02 , 2.632494565876841e-05
13.37500000 , 1.066555598702614e-02 , 2.629697085898433e-05
13.40000000 , 1.055898901075177e-02 , 2.612530209695326e-05
13.42500000 , 1.055767790416672e-02 , 2.612331549452547e-05
13.45000000 , 1.055277900236237e-02 , 2.613047217604023e-05
13.47500000 , 1.055641128175715e-02 , 2.612942059972142e-05
13.50000000 , 1.049207636746792e-02 , 2.601000201015501e-05
13.52500000 , 1.045983069217581e-02 , 2.597563680697833e-05
13.55000000 , 1.050406133073830e-02 , 2.605919642184564e-05
13.57500000 , 1.048079757416393e-02 , 2.604655303639257e-05
13.60000000 , 1.048288113020094e-02 , 2.609295064893455e-05
13.62500000 , 1.043650865046362e-02 , 2.598460322664490e-05
13.65000000 , 1.038768727424391e-02 , 2.593084459911749e-05
13.67500000 , 1.041419367521882e-02 , 2.596567594809569e-05
13.70000000 , 1.037877958931088e-02 , 2.591662738029938e-05
13.72500000 , 1.040730309582447e-02 , 2.596552936609513e-05
13.75000000 , 1.033562768960479e-02 , 2.584700813098270e-05
13.77500000 , 1.032444818103597e-02 , 2.586551759167010e-05
13.80000000 , 1.032263887776471e-02 , 2.584651955393137e-05
13.82500000 , 1.029235287416057e-02 , 2.579935102115802e-05
13.85000000 , 1.027333074668894e-02 , 2.574865184749676e-05
13.87500000 , 1.027281189318424e-02 , 2.578341261723480e-05
13.90000000 , 1.023551714641355e-02 , 2.573414110646993e-05
13.92500000 , 1.022022846814262e-02 , 2.570397243094176e-05
13.95000000 , 1.023946648425688e-02 , 2.580701798416769e-05
13.97500000 , 1.019888079151432e-02 , 2.568065929728533e-05
14.00000000 , 1.017395849678698e-02 , 2.563803279974985e-05
14.02500000 , 1.017499524117376e-02 , 2.565215221558756e-05
14.05000000 , 1.017965123449858e-02 , 2.563958033130719e-05
14.07500000 , 1.014483781394238e-02 , 2.561484195437854e-05
14.10000000 , 1.013942093957611e-02 , 2.561235885653153e-05
14.12500000 , 1.008630728175475e-02 , 2.557147920420925e-05
14.15000000 , 1.016208271282031e-02 , 2.566586219769152e-05
14.17500000 , 1.007217112832800e-02 , 2.550442755383805e-05
14.20000000 , 1.008193102804648e-02 , 2.559210693261960e-05
14.22500000 , 1.005229779822241e-02 , 2.553150440584647e-05
14.25000000 , 1.005899190425910e-02 , 2.550013754830453e-05
14.27500000 , 1.003383008767928e-02 , 2.550160838363249e-05
14.30000000 , 1.005439409707047e-02 , 2.555577021437754e-05
14.32500000 , 1.001393051827074e-02 , 2.547290746304773e-05
14.35000000 , 9.968633244299144e-03 , 2.539599072753385e-05
14.37500000 , 1.000327053948146e-02 , 2.544901933477858e-05
14.40000000 , 9.968950131301809e-03 , 2.541281993122322e-05
14.42500000 , 9.930564877547633e-03 , 2.537065746483692e-05
14.45000000 , 9.897849209649579e-03 , 2.530762628525587e-05
14.47500000 , 9.907541969004639e-03 , 2.530386141029223e-05
14.50000000 , 9.873505240895100e-03 , 2.527510487367897e-05
14.52500000 , 9.874380549251825e-03 , 2.528080077900486e-05
14.55000000 , 9.858020303118125e-03 , 2.523680944458431e-05
14.57500000 , 9.828352122192227e-03 , 2.521324298499052e-05
14.60000000 , 9.831121219153945e-03 , 2.522232006757102e-05
14.62500000 , 9.817792393471672e-03 , 2.522496228556375e-05
14.65000000 , 9.786150541674107e-03 , 2.516390958408752e-05
14.67500000 , 9.775644648698048e-03 , 2.515311403137795e-05
14.70000000 , 9.775618175056743e-03 , 2.516510241603579e-05
14.72500000 , 9.740691268831305e-03 , 2.510321192638443e-05
14.75000000 , 9.778446218506065e-03 , 2.517973763595451e-05
14.77500000 , 9.705351974905799e-03 , 2.507579347734274e-05
14.80000000 , 9.681170510843570e-03 , 2.505416151894794e-05
14.82500000 , 9.669925928713533e-03 , 2.504006055525333e-05
14.85000000 , 9.687578451072451e-03 , 2.506681041551653e-05
14.87500000 , 9.653005234287278e-03 , 2.497945066359445e-05
14.90000000 , 9.702169742852176e-03 , 2.510116621815832e-05
14.92500000 , 9.681555391120372e-03 , 2.504060960852966e-05
14.95000000 , 9.644258321577247e-03 , 2.501804623607775e-05
14.97500000 , 9.620657209833789e-03 , 2.494093165210747e-05
