x_l , NLO , dNLO
591.00000000 , 2.356924091766328e-05 , 2.179293935305528e-07
591.64000000 , 4.721753577685811e-04 , 9.743519822465745e-07
592.28000000 , 4.749962384600839e-04 , 9.779734434396680e-07
592.92000000 , 4.820839615384344e-04 , 9.874092418490470e-07
593.56000000 , 4.855775394979595e-04 , 9.901413824646539e-07
594.20000000 , 4.872539140183051e-04 , 9.913749063881304e-07
594.84000000 , 4.945905328988372e-04 , 1.000427682230017e-06
595.48000000 , 4.976240381329913e-04 , 1.002064335299478e-06
596.12000000 , 5.029614367513570e-04 , 1.008619436795871e-06
596.76000000 , 5.067303347810471e-04 , 1.012503804314974e-06
597.40000000 , 5.091075722561131e-04 , 1.013890428382582e-06
598.04000000 , 5.150941275003461e-04 , 1.020972565881835e-06
598.68000000 , 5.201802847518963e-04 , 1.025752038172176e-06
599.32000000 , 5.228533127895378e-04 , 1.029252545872032e-06
599.96000000 , 5.275242607007749e-04 , 1.035193487997323e-06
600.60000000 , 5.330402973802962e-04 , 1.040118573175549e-06
601.24000000 , 5.379350649975735e-04 , 1.044535554562034e-06
601.88000000 , 5.418226328973275e-04 , 1.049122308421239e-06
602.52000000 , 5.446840908202249e-04 , 1.052600357601601e-06
603.16000000 , 5.509016117608788e-04 , 1.058595427212216e-06
603.80000000 , 5.526897534802216e-04 , 1.060705088001248e-06
604.44000000 , 5.569688229162685e-04 , 1.064592942578140e-06
605.08000000 , 5.610421445431338e-04 , 1.067878294162903e-06
605.72000000 , 5.685981137014524e-04 , 1.076310706986642e-06
606.36000000 , 5.715080969080626e-04 , 1.080016954129233e-06
607.00000000 , 5.744863261181473e-04 , 1.081974161137562e-06
607.64000000 , 5.816552558902096e-04 , 1.090278906427076e-06
608.28000000 , 5.834281939701028e-04 , 1.089037413156464e-06
608.92000000 , 5.898739327372554e-04 , 1.097339136023270e-06
609.56000000 , 5.928990910316728e-04 , 1.100914089739211e-06
610.20000000 , 5.958833627121286e-04 , 1.103204043379694e-06
610.84000000 , 6.018526324252507e-04 , 1.109700583122647e-06
611.48000000 , 6.043103737679455e-04 , 1.111170928439767e-06
612.12000000 , 6.093442046704593e-04 , 1.116990787045645e-06
612.76000000 , 6.142087455141379e-04 , 1.120612435269702e-06
613.40000000 , 6.175973188136592e-04 , 1.124177765907864e-06
614.04000000 , 6.225087711360864e-04 , 1.129031948175779e-06
614.68000000 , 6.285893439042876e-04 , 1.135846930824819e-06
615.32000000 , 6.332615656501525e-04 , 1.140164632437813e-06
615.96000000 , 6.343949546509379e-04 , 1.140751851432526e-06
616.60000000 , 6.387231893950497e-04 , 1.144701771212892e-06
617.24000000 , 6.429842000809775e-04 , 1.148985256867918e-06
617.88000000 , 6.503994188054822e-04 , 1.156132877390402e-06
618.52000000 , 6.514688257346254e-04 , 1.157605896739331e-06
619.16000000 , 6.589865454365585e-04 , 1.164531774091979e-06
619.80000000 , 6.612809114086401e-04 , 1.166760721576172e-06
620.44000000 , 6.655401182112056e-04 , 1.170454910047668e-06
621.08000000 , 6.694815568160963e-04 , 1.174579234312677e-06
621.72000000 , 6.755995959221564e-04 , 1.179749538676768e-06
622.36000000 , 6.800071708416272e-04 , 1.184997943452049e-06
623.00000000 , 6.852375724242771e-04 , 1.189723254077639e-06
623.64000000 , 6.843751129557447e-04 , 1.187047269359506e-06
624.28000000 , 6.909140433003737e-04 , 1.193098155513949e-06
624.92000000 , 6.952829506900595e-04 , 1.197504390972213e-06
625.56000000 , 7.013373638702274e-04 , 1.204399146562496e-06
626.20000000 , 7.043421757898750e-04 , 1.206274159128991e-06
626.84000000 , 7.105669296845408e-04 , 1.214202162053739e-06
627.48000000 , 7.150776607896105e-04 , 1.216714707842355e-06
628.12000000 , 7.187649237941488e-04 , 1.220082585327031e-06
628.76000000 , 7.230682034232618e-04 , 1.224170313237706e-06
629.40000000 , 7.281523041479832e-04 , 1.229385887923929e-06
630.04000000 , 7.291103833306091e-04 , 1.229246802987108e-06
630.68000000 , 7.353392917323205e-04 , 1.235001000907535e-06
631.32000000 , 7.402130619948541e-04 , 1.240005619619386e-06
631.96000000 , 7.428711779012324e-04 , 1.241429177884570e-06
632.60000000 , 7.471731120766823e-04 , 1.245166364322907e-06
633.24000000 , 7.498600700653156e-04 , 1.247737524802844e-06
633.88000000 , 7.566938459099729e-04 , 1.253716156819740e-06
634.52000000 , 7.613452587890713e-04 , 1.258958756224590e-06
635.16000000 , 7.665633910237028e-04 , 1.262714832582038e-06
635.80000000 , 7.726975473903043e-04 , 1.268878285243116e-06
636.44000000 , 7.724541594937720e-04 , 1.268233130061164e-06
637.08000000 , 7.798741771382757e-04 , 1.274803966500098e-06
637.72000000 , 7.834838694935659e-04 , 1.277590602970209e-06
638.36000000 , 7.869017066187161e-04 , 1.280667933812264e-06
639.00000000 , 7.934994100879193e-04 , 1.286414968463500e-06
639.64000000 , 7.963699338267050e-04 , 1.289138274459038e-06
640.28000000 , 8.006339682630314e-04 , 1.293138892508250e-06
640.92000000 , 8.065773057175144e-04 , 1.298940194964734e-06
641.56000000 , 8.100976111902433e-04 , 1.301449702932567e-06
642.20000000 , 8.154594130010973e-04 , 1.305972121710237e-06
642.84000000 , 8.207662025939467e-04 , 1.310951583328645e-06
643.48000000 , 8.230912505418782e-04 , 1.311657053765688e-06
644.12000000 , 8.281307744520450e-04 , 1.317336886006128e-06
644.76000000 , 8.325657551933348e-04 , 1.321306505333875e-06
645.40000000 , 8.383294719395169e-04 , 1.326076991092829e-06
646.04000000 , 8.401795447427234e-04 , 1.327985238124147e-06
646.68000000 , 8.460067877014902e-04 , 1.331961675421639e-06
647.32000000 , 8.517276286228761e-04 , 1.337296108618146e-06
647.96000000 , 8.563189136902876e-04 , 1.341445132590722e-06
648.60000000 , 8.602934345981204e-04 , 1.344820270766169e-06
649.24000000 , 8.629515710995713e-04 , 1.346791810752698e-06
649.88000000 , 8.707489220034439e-04 , 1.354304017183091e-06
650.52000000 , 8.726685753101696e-04 , 1.354887969565510e-06
651.16000000 , 8.773171549192883e-04 , 1.359374045013311e-06
651.80000000 , 8.823843589628261e-04 , 1.363290265389879e-06
652.44000000 , 8.878902788158109e-04 , 1.367812809832945e-06
653.08000000 , 8.920599002325271e-04 , 1.371095131800002e-06
653.72000000 , 8.963038028217166e-04 , 1.375486297695902e-06
654.36000000 , 8.994523501092775e-04 , 1.377216177664681e-06
655.00000000 , 9.036884985779753e-04 , 1.379406723048853e-06
655.64000000 , 9.067489026696785e-04 , 1.382298186904821e-06
656.28000000 , 9.136462491993285e-04 , 1.390016205565433e-06
656.92000000 , 9.192654649986843e-04 , 1.394234491523340e-06
657.56000000 , 9.191903089686321e-04 , 1.392277474911181e-06
658.20000000 , 9.272682965197523e-04 , 1.400492449976437e-06
658.84000000 , 9.286297977780984e-04 , 1.400619560163794e-06
659.48000000 , 9.358168000295955e-04 , 1.407403506442428e-06
660.12000000 , 9.423046638651316e-04 , 1.413294688443025e-06
660.76000000 , 9.460420187623847e-04 , 1.416558567982323e-06
661.40000000 , 9.485189982162534e-04 , 1.417634086024762e-06
662.04000000 , 9.553085225489728e-04 , 1.423815635608740e-06
662.68000000 , 9.589727484154512e-04 , 1.427002275440026e-06
663.32000000 , 9.653709399210101e-04 , 1.431560575969878e-06
663.96000000 , 9.655030189408489e-04 , 1.431456479981160e-06
664.60000000 , 9.708656976993320e-04 , 1.436041211389761e-06
665.24000000 , 9.774306230421804e-04 , 1.440373158237528e-06
665.88000000 , 9.835528689398282e-04 , 1.445906847988247e-06
666.52000000 , 9.880837734033690e-04 , 1.450480282314483e-06
667.16000000 , 9.911447452006373e-04 , 1.452054274878534e-06
667.80000000 , 9.934089457998576e-04 , 1.454005119592321e-06
668.44000000 , 1.001932367725328e-03 , 1.461007846381368e-06
669.08000000 , 1.005345882670459e-03 , 1.464135330695621e-06
669.72000000 , 1.012676431314480e-03 , 1.470366287702209e-06
670.36000000 , 1.013013208798733e-03 , 1.469595797774070e-06
671.00000000 , 1.017716481936174e-03 , 1.472882367326705e-06
671.64000000 , 1.023049802365383e-03 , 1.477130587503519e-06
672.28000000 , 1.026015798627545e-03 , 1.479369419360290e-06
672.92000000 , 1.033755446300999e-03 , 1.485643236268279e-06
673.56000000 , 1.042583445074739e-03 , 1.494864678483971e-06
674.20000000 , 1.039858471684951e-03 , 1.489985862023009e-06
674.84000000 , 1.048417571917709e-03 , 1.497703292661390e-06
675.48000000 , 1.051392044815564e-03 , 1.499639551876119e-06
676.12000000 , 1.057355416556493e-03 , 1.505030958313538e-06
676.76000000 , 1.063891620178969e-03 , 1.508907804664358e-06
677.40000000 , 1.066463467126942e-03 , 1.512993798588468e-06
678.04000000 , 1.071288704266567e-03 , 1.515762288781740e-06
678.68000000 , 1.075020729669708e-03 , 1.518218677545376e-06
679.32000000 , 1.081210064325052e-03 , 1.523816106528244e-06
679.96000000 , 1.084823743594259e-03 , 1.526590068403624e-06
680.60000000 , 1.089750883085203e-03 , 1.529559618031399e-06
681.24000000 , 1.094903112450533e-03 , 1.532827658290463e-06
681.88000000 , 1.099821776077514e-03 , 1.538148843477410e-06
682.52000000 , 1.102388637003734e-03 , 1.538251876740698e-06
683.16000000 , 1.108773395426839e-03 , 1.543520362247379e-06
683.80000000 , 1.114747547099611e-03 , 1.548070024832353e-06
684.44000000 , 1.120724473391303e-03 , 1.553242994342192e-06
685.08000000 , 1.121416426227351e-03 , 1.554506607820642e-06
685.72000000 , 1.130618294585819e-03 , 1.561516726563897e-06
686.36000000 , 1.132252317570340e-03 , 1.562316115481094e-06
687.00000000 , 1.136470592604546e-03 , 1.565534487147670e-06
687.64000000 , 1.143133196670125e-03 , 1.569882527471765e-06
688.28000000 , 1.147512726279217e-03 , 1.573207238783948e-06
688.92000000 , 1.152486747208995e-03 , 1.577414136319835e-06
689.56000000 , 1.155658195754786e-03 , 1.579401581514137e-06
690.20000000 , 1.164143703210487e-03 , 1.586370728374810e-06
690.84000000 , 1.168306849680394e-03 , 1.589759539496043e-06
691.48000000 , 1.173747763123976e-03 , 1.593491075544333e-06
692.12000000 , 1.177810100608498e-03 , 1.596927375473109e-06
692.76000000 , 1.183060747305300e-03 , 1.599577206700597e-06
693.40000000 , 1.186796563956388e-03 , 1.602361958332940e-06
694.04000000 , 1.192502478399288e-03 , 1.607728428805444e-06
694.68000000 , 1.199829450211128e-03 , 1.613885343064502e-06
695.32000000 , 1.204446822865752e-03 , 1.616441086336182e-06
695.96000000 , 1.207063816149341e-03 , 1.618204649506560e-06
696.60000000 , 1.211544239154516e-03 , 1.621739021941380e-06
697.24000000 , 1.217624156214520e-03 , 1.626346676766344e-06
697.88000000 , 1.221636262453831e-03 , 1.629948446029007e-06
698.52000000 , 1.226081249178729e-03 , 1.632678309517843e-06
699.16000000 , 1.231994318593003e-03 , 1.636596323343496e-06
699.80000000 , 1.239392401774743e-03 , 1.641843721927063e-06
700.44000000 , 1.239742775332036e-03 , 1.641343392710701e-06
701.08000000 , 1.246850882658323e-03 , 1.646199247768557e-06
701.72000000 , 1.254122434069572e-03 , 1.651918370362244e-06
702.36000000 , 1.259793583467111e-03 , 1.656579876457899e-06
703.00000000 , 1.266070319269418e-03 , 1.662266141484943e-06
703.64000000 , 1.267836011163218e-03 , 1.662709573468923e-06
704.28000000 , 1.273824376638393e-03 , 1.667551716513622e-06
704.92000000 , 1.279309463471495e-03 , 1.671174449351867e-06
705.56000000 , 1.284870221488335e-03 , 1.674918170900879e-06
706.20000000 , 1.289304836356203e-03 , 1.678135914899792e-06
706.84000000 , 1.293963338473246e-03 , 1.680949681811724e-06
707.48000000 , 1.297177066482582e-03 , 1.683320675342141e-06
708.12000000 , 1.307124614918094e-03 , 1.692198727490305e-06
708.76000000 , 1.310918795071170e-03 , 1.693632450021905e-06
709.40000000 , 1.312728170266993e-03 , 1.694925995246118e-06
710.04000000 , 1.322576043448816e-03 , 1.701415768801266e-06
710.68000000 , 1.324953577450940e-03 , 1.704395159476288e-06
711.32000000 , 1.333543375717782e-03 , 1.709884895907996e-06
711.96000000 , 1.335690850627268e-03 , 1.712003129012740e-06
712.60000000 , 1.340844166101051e-03 , 1.714163781627293e-06
713.24000000 , 1.346068414631110e-03 , 1.718479678027969e-06
713.88000000 , 1.351937521402237e-03 , 1.722716201137555e-06
714.52000000 , 1.359508478093466e-03 , 1.728781816575028e-06
715.16000000 , 1.367242473510793e-03 , 1.734075854043315e-06
715.80000000 , 1.369556021768238e-03 , 1.735055177829283e-06
716.44000000 , 1.373685947537317e-03 , 1.737808369724354e-06
717.08000000 , 1.380990244917881e-03 , 1.742131626655643e-06
717.72000000 , 1.381882545907130e-03 , 1.743474823112783e-06
718.36000000 , 1.391348527407179e-03 , 1.751331388209564e-06
719.00000000 , 1.396979965299255e-03 , 1.754121030956636e-06
719.64000000 , 1.405015070307081e-03 , 1.760537461390786e-06
720.28000000 , 1.407799283583102e-03 , 1.761461404062641e-06
720.92000000 , 1.411793347579941e-03 , 1.765207307918673e-06
721.56000000 , 1.417324324587859e-03 , 1.768712636177111e-06
722.20000000 , 1.421831940916164e-03 , 1.771523702369363e-06
722.84000000 , 1.426774648280467e-03 , 1.774557298170707e-06
723.48000000 , 1.435555512469397e-03 , 1.781081655010066e-06
724.12000000 , 1.439665690219840e-03 , 1.784389473613554e-06
724.76000000 , 1.446710313307628e-03 , 1.789601580539048e-06
725.40000000 , 1.453539426888570e-03 , 1.794878437859584e-06
726.04000000 , 1.458908157501999e-03 , 1.796952370917285e-06
726.68000000 , 1.461132277654065e-03 , 1.798259478153396e-06
727.32000000 , 1.468794296729704e-03 , 1.803718088144541e-06
727.96000000 , 1.473540953313022e-03 , 1.805903426967523e-06
728.60000000 , 1.479439084652905e-03 , 1.811907087408603e-06
729.24000000 , 1.487128405390086e-03 , 1.816936847984402e-06
729.88000000 , 1.489758792690310e-03 , 1.817423417974954e-06
730.52000000 , 1.495272214788289e-03 , 1.821693087926725e-06
731.16000000 , 1.501557520639498e-03 , 1.826230421671280e-06
731.80000000 , 1.510668842191046e-03 , 1.833174806266144e-06
732.44000000 , 1.516102399199073e-03 , 1.836288006508405e-06
733.08000000 , 1.520574026526784e-03 , 1.839050865072426e-06
733.72000000 , 1.525402006261667e-03 , 1.842461800963470e-06
734.36000000 , 1.528666076366755e-03 , 1.844657589545975e-06
735.00000000 , 1.541544804324915e-03 , 1.851836792335838e-06
735.64000000 , 1.543746103539238e-03 , 1.855112286192348e-06
736.28000000 , 1.551125540716158e-03 , 1.860287782809851e-06
736.92000000 , 1.555521218177842e-03 , 1.862268523216616e-06
737.56000000 , 1.562199423946506e-03 , 1.867019449711343e-06
738.20000000 , 1.568864399467852e-03 , 1.871655606571665e-06
738.84000000 , 1.574803388854212e-03 , 1.875233597306482e-06
739.48000000 , 1.581425609353791e-03 , 1.879031180079123e-06
740.12000000 , 1.585499546867562e-03 , 1.882493676544451e-06
740.76000000 , 1.592614223018564e-03 , 1.887616980436039e-06
741.40000000 , 1.595602331160441e-03 , 1.888643426169626e-06
742.04000000 , 1.604457018609869e-03 , 1.894710623827999e-06
742.68000000 , 1.610744124022729e-03 , 1.899423674435912e-06
743.32000000 , 1.617102644599011e-03 , 1.902303969363004e-06
743.96000000 , 1.624298549350266e-03 , 1.909139308512032e-06
744.60000000 , 1.629110295969165e-03 , 1.910888760371748e-06
745.24000000 , 1.634554843031652e-03 , 1.915101729737250e-06
745.88000000 , 1.639955974484579e-03 , 1.918547520227079e-06
746.52000000 , 1.646966960075795e-03 , 1.922631750715094e-06
747.16000000 , 1.654200566146504e-03 , 1.928144730730769e-06
747.80000000 , 1.660462351963400e-03 , 1.931112002211063e-06
748.44000000 , 1.668204410225592e-03 , 1.936984113270227e-06
749.08000000 , 1.674282966160565e-03 , 1.940667632127243e-06
749.72000000 , 1.678122093450530e-03 , 1.943245016272371e-06
750.36000000 , 1.685377502783746e-03 , 1.946744430119781e-06
751.00000000 , 1.691307957905598e-03 , 1.951614937109757e-06
751.64000000 , 1.697482423960417e-03 , 1.954423786916294e-06
752.28000000 , 1.705499841548245e-03 , 1.959825253427782e-06
752.92000000 , 1.710589795542966e-03 , 1.963245669213099e-06
753.56000000 , 1.718752273685716e-03 , 1.969406155563414e-06
754.20000000 , 1.724999032574694e-03 , 1.972444043563135e-06
754.84000000 , 1.731414641315010e-03 , 1.976360333227283e-06
755.48000000 , 1.738452120352373e-03 , 1.982303187558921e-06
756.12000000 , 1.741912899040720e-03 , 1.982954534014026e-06
756.76000000 , 1.750611515811138e-03 , 1.989228889313984e-06
757.40000000 , 1.758705896255789e-03 , 1.993564611756931e-06
758.04000000 , 1.764541368042819e-03 , 1.998152652431363e-06
758.68000000 , 1.770480006875281e-03 , 2.001769278628259e-06
759.32000000 , 1.780190179162750e-03 , 2.008162866605855e-06
759.96000000 , 1.784905076388529e-03 , 2.011435560034579e-06
760.60000000 , 1.793457339589245e-03 , 2.016466826258447e-06
761.24000000 , 1.802653677653523e-03 , 2.021157287795265e-06
761.88000000 , 1.805926356005225e-03 , 2.024464242084966e-06
762.52000000 , 1.808469793880018e-03 , 2.024422967340777e-06
763.16000000 , 1.817839151533108e-03 , 2.031231983391556e-06
763.80000000 , 1.823996828097579e-03 , 2.035181883985204e-06
764.44000000 , 1.836481702063809e-03 , 2.042845748648611e-06
765.08000000 , 1.843731575077212e-03 , 2.046846942350197e-06
765.72000000 , 1.847019995482120e-03 , 2.049498521226533e-06
766.36000000 , 1.853616129331403e-03 , 2.053449726581398e-06
767.00000000 , 1.864342269236988e-03 , 2.060276848006081e-06
767.64000000 , 1.870670793878312e-03 , 2.064079418133953e-06
768.28000000 , 1.877025540883895e-03 , 2.067741456095414e-06
768.92000000 , 1.879096362506285e-03 , 2.069029051935936e-06
769.56000000 , 1.888814672797536e-03 , 2.076281452488839e-06
770.20000000 , 1.897756003294596e-03 , 2.080909743694750e-06
770.84000000 , 1.905897535397946e-03 , 2.085296367970654e-06
771.48000000 , 1.914045278536563e-03 , 2.090271352495230e-06
772.12000000 , 1.919264095155845e-03 , 2.094130256854473e-06
772.76000000 , 1.926090384514054e-03 , 2.097429438036096e-06
773.40000000 , 1.933178439587311e-03 , 2.102526822005874e-06
774.04000000 , 1.941355494274626e-03 , 2.107739328516199e-06
774.68000000 , 1.951381236537426e-03 , 2.113873517179381e-06
775.32000000 , 1.956087307926382e-03 , 2.116509085679215e-06
775.96000000 , 1.964002400439491e-03 , 2.119889866901357e-06
776.60000000 , 1.969668231049207e-03 , 2.123945510965818e-06
777.24000000 , 1.978034766358396e-03 , 2.129742427578535e-06
777.88000000 , 1.986560137762080e-03 , 2.133605688854631e-06
778.52000000 , 1.993314971201633e-03 , 2.138170109357936e-06
779.16000000 , 1.999178829977890e-03 , 2.142194292519670e-06
779.80000000 , 2.008751581809595e-03 , 2.147750702267701e-06
780.44000000 , 2.017717711333337e-03 , 2.152896076367800e-06
781.08000000 , 2.026614011649221e-03 , 2.158104746689650e-06
781.72000000 , 2.036792662077274e-03 , 2.164785312274669e-06
782.36000000 , 2.039889995561567e-03 , 2.167037456038070e-06
783.00000000 , 2.045703490274605e-03 , 2.169942015227968e-06
783.64000000 , 2.057111007943309e-03 , 2.176984412882508e-06
784.28000000 , 2.061229870000885e-03 , 2.178514372941535e-06
784.92000000 , 2.077164509147931e-03 , 2.188820586663406e-06
785.56000000 , 2.080487217494203e-03 , 2.189758665961309e-06
786.20000000 , 2.089820788528272e-03 , 2.196177158316904e-06
786.84000000 , 2.099210028663822e-03 , 2.200528858472789e-06
787.48000000 , 2.105725629942776e-03 , 2.204853817328149e-06
788.12000000 , 2.114311121541969e-03 , 2.208516627273717e-06
788.76000000 , 2.120070270536453e-03 , 2.212798230162104e-06
789.40000000 , 2.129478436779591e-03 , 2.218945926931904e-06
790.04000000 , 2.139752392001034e-03 , 2.225248861683067e-06
790.68000000 , 2.147991269851462e-03 , 2.230223699954126e-06
791.32000000 , 2.155702438877478e-03 , 2.234031456125619e-06
791.96000000 , 2.163532000498086e-03 , 2.238028400653359e-06
792.60000000 , 2.170721291979827e-03 , 2.242134384691089e-06
793.24000000 , 2.181821508154892e-03 , 2.248748780812043e-06
793.88000000 , 2.192553018103051e-03 , 2.255085383958388e-06
794.52000000 , 2.198866199754957e-03 , 2.258687748860676e-06
795.16000000 , 2.207892614931632e-03 , 2.263795917351722e-06
795.80000000 , 2.216805030770728e-03 , 2.269309214511858e-06
796.44000000 , 2.219779437938985e-03 , 2.270605445515281e-06
797.08000000 , 2.230397899150058e-03 , 2.276334808087521e-06
797.72000000 , 2.241504963234033e-03 , 2.283249443105239e-06
798.36000000 , 2.250905266027930e-03 , 2.288902178282512e-06
799.00000000 , 2.258425569242018e-03 , 2.293071097140863e-06
799.64000000 , 2.267961064266759e-03 , 2.298100093226642e-06
800.28000000 , 2.274831728974747e-03 , 2.301923297453955e-06
800.92000000 , 2.288029134121059e-03 , 2.308521389270960e-06
801.56000000 , 2.297628147864353e-03 , 2.314836165712751e-06
802.20000000 , 2.306790014005578e-03 , 2.320805406448583e-06
802.84000000 , 2.312145366479553e-03 , 2.323036344220978e-06
803.48000000 , 2.321666491937599e-03 , 2.328486831183809e-06
804.12000000 , 2.330762747396195e-03 , 2.333311654306586e-06
804.76000000 , 2.343001298281805e-03 , 2.340652633909449e-06
805.40000000 , 2.355627163437673e-03 , 2.347795204410815e-06
806.04000000 , 2.361673545170361e-03 , 2.349518417559508e-06
806.68000000 , 2.371471341107702e-03 , 2.355968932223285e-06
807.32000000 , 2.379122866342055e-03 , 2.359845568895347e-06
807.96000000 , 2.385059086041708e-03 , 2.363337816969846e-06
808.60000000 , 2.401139561724842e-03 , 2.373087707426658e-06
809.24000000 , 2.408646624815629e-03 , 2.377390815624895e-06
809.88000000 , 2.418422992658088e-03 , 2.382265030059322e-06
810.52000000 , 2.428012734832094e-03 , 2.387799147787005e-06
811.16000000 , 2.435994406370435e-03 , 2.391863173570329e-06
811.80000000 , 2.445472991137734e-03 , 2.396274222972493e-06
812.44000000 , 2.460690835115452e-03 , 2.404936442090776e-06
813.08000000 , 2.470444734371263e-03 , 2.411316806710541e-06
813.72000000 , 2.477115802665067e-03 , 2.413907784086179e-06
814.36000000 , 2.485524100032940e-03 , 2.418565223621431e-06
815.00000000 , 2.502674313373796e-03 , 2.427801097686247e-06
815.64000000 , 2.506912015295316e-03 , 2.429506880276806e-06
816.28000000 , 2.519949967148504e-03 , 2.437300289089529e-06
816.92000000 , 2.529038051887169e-03 , 2.442562959047071e-06
817.56000000 , 2.540160766177699e-03 , 2.447704441796196e-06
818.20000000 , 2.551008943088631e-03 , 2.452806159136869e-06
818.84000000 , 2.564395358193576e-03 , 2.461751639136955e-06
819.48000000 , 2.570210344790110e-03 , 2.463526099707816e-06
820.12000000 , 2.584561603677417e-03 , 2.472478421158248e-06
820.76000000 , 2.595409046376154e-03 , 2.477325150189983e-06
821.40000000 , 2.602516664274834e-03 , 2.480999041248808e-06
822.04000000 , 2.610541021587297e-03 , 2.485220875659168e-06
822.68000000 , 2.624077730469246e-03 , 2.491240548473428e-06
823.32000000 , 2.637128659153096e-03 , 2.499557689191487e-06
823.96000000 , 2.649532964607733e-03 , 2.506639923271514e-06
824.60000000 , 2.662365795271935e-03 , 2.513253894295331e-06
825.24000000 , 2.668364753058170e-03 , 2.516611335822217e-06
825.88000000 , 2.682268025724386e-03 , 2.522921443366593e-06
826.52000000 , 2.694670922937238e-03 , 2.529348623443512e-06
827.16000000 , 2.704670412354878e-03 , 2.534048395807671e-06
827.80000000 , 2.716135540678974e-03 , 2.539980725044582e-06
828.44000000 , 2.728344306638333e-03 , 2.546952328229446e-06
829.08000000 , 2.739272463016797e-03 , 2.553064319457093e-06
829.72000000 , 2.753041960250445e-03 , 2.560364962058788e-06
830.36000000 , 2.762878311805163e-03 , 2.565173535908767e-06
831.00000000 , 2.776451018531406e-03 , 2.571798691898031e-06
831.64000000 , 2.788390558989117e-03 , 2.577643511698388e-06
832.28000000 , 2.802135409331163e-03 , 2.585987097802594e-06
832.92000000 , 2.811980720948879e-03 , 2.590828118973775e-06
833.56000000 , 2.822614867031552e-03 , 2.595558592296659e-06
834.20000000 , 2.837989127833831e-03 , 2.604341881603306e-06
834.84000000 , 2.844705428890899e-03 , 2.606764910961008e-06
835.48000000 , 2.861559059679221e-03 , 2.615468094544898e-06
836.12000000 , 2.868649168215342e-03 , 2.619318918120840e-06
836.76000000 , 2.883202676656276e-03 , 2.626858000103861e-06
837.40000000 , 2.895150679840980e-03 , 2.631419512661361e-06
838.04000000 , 2.913777468574464e-03 , 2.641699923632738e-06
838.68000000 , 2.921905814844443e-03 , 2.645351944321372e-06
839.32000000 , 2.937134332631215e-03 , 2.653443168998996e-06
839.96000000 , 2.951970939847200e-03 , 2.660735361961858e-06
840.60000000 , 2.960951612192607e-03 , 2.665810767895129e-06
841.24000000 , 2.975640155727937e-03 , 2.672301997378692e-06
841.88000000 , 2.988450693877012e-03 , 2.679290195064862e-06
842.52000000 , 3.002362383916448e-03 , 2.686755455718458e-06
843.16000000 , 3.011218564763013e-03 , 2.689330384301245e-06
843.80000000 , 3.028567830135594e-03 , 2.698650433592229e-06
844.44000000 , 3.042509352497469e-03 , 2.705763233911048e-06
845.08000000 , 3.058888904658119e-03 , 2.714690610136001e-06
845.72000000 , 3.075852817076740e-03 , 2.722050654440098e-06
846.36000000 , 3.090392416107967e-03 , 2.728956617255219e-06
847.00000000 , 3.098852869663519e-03 , 2.733743872659638e-06
847.64000000 , 3.115854171389913e-03 , 2.741535291234766e-06
848.28000000 , 3.131001129658523e-03 , 2.749427444545771e-06
848.92000000 , 3.143427471375665e-03 , 2.755524085472093e-06
849.56000000 , 3.157101831488372e-03 , 2.761048698593759e-06
850.20000000 , 3.170988612510725e-03 , 2.768175008184777e-06
850.84000000 , 3.186493583147257e-03 , 2.776061082444182e-06
851.48000000 , 3.194152100893429e-03 , 2.779199109106362e-06
852.12000000 , 3.215891603532958e-03 , 2.790288775038854e-06
852.76000000 , 3.231356152376978e-03 , 2.797066902129662e-06
853.40000000 , 3.246710116426874e-03 , 2.804527746723199e-06
854.04000000 , 3.259295637009513e-03 , 2.810431724232783e-06
854.68000000 , 3.278226882131901e-03 , 2.819784325663151e-06
855.32000000 , 3.288790975984947e-03 , 2.825569713842718e-06
855.96000000 , 3.311439908681167e-03 , 2.835188161144740e-06
856.60000000 , 3.318433841496836e-03 , 2.839254796951342e-06
857.24000000 , 3.346011523174617e-03 , 2.852346156389054e-06
857.88000000 , 3.354079718311228e-03 , 2.854949234711619e-06
858.52000000 , 3.366729269512944e-03 , 2.861089521093379e-06
859.16000000 , 3.387392673998269e-03 , 2.870998148708003e-06
859.80000000 , 3.400941449783527e-03 , 2.877468146174983e-06
860.44000000 , 3.416818941831883e-03 , 2.884772921257905e-06
861.08000000 , 3.432313889403053e-03 , 2.892550049844382e-06
861.72000000 , 3.449630818728382e-03 , 2.899266663112988e-06
862.36000000 , 3.469479630692071e-03 , 2.909247322610990e-06
863.00000000 , 3.483876312956305e-03 , 2.915594866667127e-06
863.64000000 , 3.502271935133807e-03 , 2.924685361114129e-06
864.28000000 , 3.515702375697756e-03 , 2.931135117636362e-06
864.92000000 , 3.538267804712200e-03 , 2.941152668026113e-06
865.56000000 , 3.553321662212482e-03 , 2.947128428748177e-06
866.20000000 , 3.571609585198878e-03 , 2.956383214680295e-06
866.84000000 , 3.585001232377812e-03 , 2.962952602912836e-06
867.48000000 , 3.611493990496271e-03 , 2.974078646637940e-06
868.12000000 , 3.624997231689555e-03 , 2.980214605220426e-06
868.76000000 , 3.641942473360021e-03 , 2.987914500255124e-06
869.40000000 , 3.662913229421653e-03 , 2.998048971988865e-06
870.04000000 , 3.680337618511226e-03 , 3.005865080500531e-06
870.68000000 , 3.697010169708226e-03 , 3.012989382278208e-06
871.32000000 , 3.716654675657848e-03 , 3.020449295216288e-06
871.96000000 , 3.743008178293779e-03 , 3.034115067399272e-06
872.60000000 , 3.752720102877785e-03 , 3.038025913620013e-06
873.24000000 , 3.775456719308007e-03 , 3.047873372812176e-06
873.88000000 , 3.792201244055585e-03 , 3.054863456791248e-06
874.52000000 , 3.814198983805345e-03 , 3.064488334587694e-06
875.16000000 , 3.832216058645341e-03 , 3.072253368982077e-06
875.80000000 , 3.848757156148681e-03 , 3.080310133826452e-06
876.44000000 , 3.870836990451030e-03 , 3.090086265939090e-06
877.08000000 , 3.895316965941429e-03 , 3.100557449437549e-06
877.72000000 , 3.906621547690674e-03 , 3.105541400836872e-06
878.36000000 , 3.930943738314653e-03 , 3.115996249605348e-06
879.00000000 , 3.951336468040553e-03 , 3.123910276465150e-06
879.64000000 , 3.973124629196850e-03 , 3.133995501876456e-06
880.28000000 , 3.993120638366974e-03 , 3.140378883848712e-06
880.92000000 , 4.019114290559136e-03 , 3.154009553710814e-06
881.56000000 , 4.037362966861646e-03 , 3.161801529282106e-06
882.20000000 , 4.055351042605178e-03 , 3.169723883364684e-06
882.84000000 , 4.088427067422483e-03 , 3.183022903472759e-06
883.48000000 , 4.101925389902320e-03 , 3.189244000228320e-06
884.12000000 , 4.128641263049809e-03 , 3.199872385347332e-06
884.76000000 , 4.148508937291673e-03 , 3.209431819427434e-06
885.40000000 , 4.173881062854792e-03 , 3.219756037541226e-06
886.04000000 , 4.193259449412171e-03 , 3.227152769972760e-06
886.68000000 , 4.221072033624496e-03 , 3.238579000423055e-06
887.32000000 , 4.235121291559894e-03 , 3.244581674289305e-06
887.96000000 , 4.265523839724649e-03 , 3.258293096612998e-06
888.60000000 , 4.284057265035528e-03 , 3.265734721935735e-06
889.24000000 , 4.311209862205488e-03 , 3.277138774739511e-06
889.88000000 , 4.336560097975328e-03 , 3.286826085283300e-06
890.52000000 , 4.363093722433688e-03 , 3.298152717249646e-06
891.16000000 , 4.380235374072941e-03 , 3.305747550235443e-06
891.80000000 , 4.412791516160963e-03 , 3.319400152702331e-06
892.44000000 , 4.434409791431906e-03 , 3.328239468876310e-06
893.08000000 , 4.459558438553560e-03 , 3.339034054319019e-06
893.72000000 , 4.484278720380068e-03 , 3.348457699516907e-06
894.36000000 , 4.514851815232353e-03 , 3.360097692938438e-06
895.00000000 , 4.538215386583546e-03 , 3.369636594590972e-06
895.64000000 , 4.562256384924852e-03 , 3.380070897764853e-06
896.28000000 , 4.587207258377508e-03 , 3.389057756653499e-06
896.92000000 , 4.611795132638188e-03 , 3.399297448648819e-06
897.56000000 , 4.646218660744376e-03 , 3.413824452292801e-06
898.20000000 , 4.675919465388737e-03 , 3.425449513341387e-06
898.84000000 , 4.699607149814358e-03 , 3.434476549469252e-06
899.48000000 , 4.731901309686480e-03 , 3.447333796015807e-06
900.12000000 , 4.760266134176351e-03 , 3.458294453736056e-06
900.76000000 , 4.786012073885896e-03 , 3.469175124783977e-06
901.40000000 , 4.813044819491359e-03 , 3.480589673949879e-06
902.04000000 , 4.843540179745046e-03 , 3.491119873435753e-06
902.68000000 , 4.866908431603000e-03 , 3.499834843689300e-06
903.32000000 , 4.903438602050401e-03 , 3.514155354428709e-06
903.96000000 , 4.929865354771221e-03 , 3.524633304319083e-06
904.60000000 , 4.960788088320765e-03 , 3.536415417096582e-06
905.24000000 , 4.998753154195541e-03 , 3.551306276989944e-06
905.88000000 , 5.019161803419890e-03 , 3.559134130259419e-06
906.52000000 , 5.057059158649747e-03 , 3.574537743782549e-06
907.16000000 , 5.089992259948531e-03 , 3.586531511822420e-06
907.80000000 , 5.128752964016890e-03 , 3.601834088377054e-06
908.44000000 , 5.151692280321915e-03 , 3.610233666103401e-06
909.08000000 , 5.183476399043040e-03 , 3.621798797993794e-06
909.72000000 , 5.218511909093913e-03 , 3.635211077573078e-06
910.36000000 , 5.253352853849804e-03 , 3.648380625176930e-06
911.00000000 , 5.286142285620385e-03 , 3.660801875753381e-06
911.64000000 , 5.317912016870666e-03 , 3.672308792460518e-06
912.28000000 , 5.350148710752559e-03 , 3.684184460385527e-06
912.92000000 , 5.385090925411270e-03 , 3.695874460906280e-06
913.56000000 , 5.429823542775049e-03 , 3.714475398001110e-06
914.20000000 , 5.465510129682033e-03 , 3.727025346615245e-06
914.84000000 , 5.500331487749853e-03 , 3.740009296277691e-06
915.48000000 , 5.525828741706436e-03 , 3.748839061626698e-06
916.12000000 , 5.575319313440489e-03 , 3.767288719770410e-06
916.76000000 , 5.606008500480462e-03 , 3.777825490132499e-06
917.40000000 , 5.644278728089684e-03 , 3.791245260037113e-06
918.04000000 , 5.689934360997731e-03 , 3.809146963990112e-06
918.68000000 , 5.720276365165046e-03 , 3.820030636310457e-06
919.32000000 , 5.763212256025628e-03 , 3.834471413015881e-06
919.96000000 , 5.801807947253017e-03 , 3.849017283316624e-06
920.60000000 , 5.845093766795231e-03 , 3.865126353410702e-06
921.24000000 , 5.882991945119633e-03 , 3.877796757021165e-06
921.88000000 , 5.926425058051988e-03 , 3.892688160109341e-06
922.52000000 , 5.971580450375795e-03 , 3.908261216425235e-06
923.16000000 , 6.006778346731072e-03 , 3.921339680140003e-06
923.80000000 , 6.057825766938882e-03 , 3.939797631651226e-06
924.44000000 , 6.103370568794894e-03 , 3.955473029090352e-06
925.08000000 , 6.145015498148008e-03 , 3.969222817040729e-06
925.72000000 , 6.190357738958057e-03 , 3.984540132667515e-06
926.36000000 , 6.226359594207629e-03 , 3.997532325973613e-06
927.00000000 , 6.280016165976616e-03 , 4.016441557640072e-06
927.64000000 , 6.328603852757835e-03 , 4.033376072672827e-06
928.28000000 , 6.382699459066656e-03 , 4.052047256150222e-06
928.92000000 , 6.425949411030553e-03 , 4.065784419886520e-06
929.56000000 , 6.478332460688063e-03 , 4.082666753128648e-06
930.20000000 , 6.524215674881748e-03 , 4.098384689524324e-06
930.84000000 , 6.577026460475116e-03 , 4.115460342080153e-06
931.48000000 , 6.626913873409968e-03 , 4.133456858252348e-06
932.12000000 , 6.674646331497321e-03 , 4.148417114135816e-06
932.76000000 , 6.729118367289697e-03 , 4.166996595388359e-06
933.40000000 , 6.789235924694647e-03 , 4.187489386817695e-06
934.04000000 , 6.845285569674711e-03 , 4.205636585418346e-06
934.68000000 , 6.884983835670735e-03 , 4.218243946220546e-06
935.32000000 , 6.947507978706839e-03 , 4.239692922007506e-06
935.96000000 , 6.999458263252241e-03 , 4.256061517014455e-06
936.60000000 , 7.054770151533152e-03 , 4.273921922668514e-06
937.24000000 , 7.117223089666439e-03 , 4.293166858652149e-06
937.88000000 , 7.181104873460332e-03 , 4.314036687732087e-06
938.52000000 , 7.233898505261876e-03 , 4.331462566569901e-06
939.16000000 , 7.295430521449119e-03 , 4.351546142206425e-06
939.80000000 , 7.360904974672810e-03 , 4.372248510937201e-06
940.44000000 , 7.419409754018585e-03 , 4.391039579353605e-06
941.08000000 , 7.483702888716777e-03 , 4.409690384457575e-06
941.72000000 , 7.554870516720438e-03 , 4.433922660228798e-06
942.36000000 , 7.609858118652832e-03 , 4.449894486604906e-06
943.00000000 , 7.675199010866728e-03 , 4.469061802702401e-06
943.64000000 , 7.742531317033119e-03 , 4.490576505532086e-06
944.28000000 , 7.815082847974828e-03 , 4.513154357882767e-06
944.92000000 , 7.877209029544288e-03 , 4.533687507317662e-06
945.56000000 , 7.957228939978845e-03 , 4.556648936519186e-06
946.20000000 , 8.029998659785868e-03 , 4.578872428099588e-06
946.84000000 , 8.094358394908961e-03 , 4.597143890605458e-06
947.48000000 , 8.170626205665605e-03 , 4.620682709659551e-06
948.12000000 , 8.249476786987680e-03 , 4.643639065924517e-06
948.76000000 , 8.317986255394599e-03 , 4.663923836917147e-06
949.40000000 , 8.399307843249878e-03 , 4.688344203463724e-06
950.04000000 , 8.492564988159621e-03 , 4.716983610662786e-06
950.68000000 , 8.561041972475548e-03 , 4.735877578562350e-06
951.32000000 , 8.636029518398031e-03 , 4.757330985275261e-06
951.96000000 , 8.728861275097685e-03 , 4.785241049906859e-06
952.60000000 , 8.813061121249717e-03 , 4.809970182454980e-06
953.24000000 , 8.895225331075151e-03 , 4.833018330765492e-06
953.88000000 , 8.984059822628756e-03 , 4.857764616727533e-06
954.52000000 , 9.083866296746007e-03 , 4.887181320656077e-06
955.16000000 , 9.168887864623266e-03 , 4.910670651820975e-06
955.80000000 , 9.266554474884371e-03 , 4.938576628386848e-06
956.44000000 , 9.356463421129045e-03 , 4.963943104156262e-06
957.08000000 , 9.456488323027173e-03 , 4.991876167592854e-06
957.72000000 , 9.552707416101857e-03 , 5.017549530664952e-06
958.36000000 , 9.656991585854209e-03 , 5.046992423255692e-06
959.00000000 , 9.758310543492153e-03 , 5.075912658018397e-06
959.64000000 , 9.859469736371711e-03 , 5.102109981168651e-06
960.28000000 , 9.963260605863198e-03 , 5.131505226243370e-06
960.92000000 , 1.006773801622587e-02 , 5.158166090677127e-06
961.56000000 , 1.018132312910660e-02 , 5.190935607770941e-06
962.20000000 , 1.028784300428968e-02 , 5.217444964198044e-06
962.84000000 , 1.040847380499953e-02 , 5.251190179318389e-06
963.48000000 , 1.052526223296855e-02 , 5.282326783652102e-06
964.12000000 , 1.064808133698811e-02 , 5.314957746623953e-06
964.76000000 , 1.076280645387508e-02 , 5.343127592671518e-06
965.40000000 , 1.089366181040841e-02 , 5.378373246982638e-06
966.04000000 , 1.101818548281285e-02 , 5.410902820267208e-06
966.68000000 , 1.115668361318347e-02 , 5.447363375347361e-06
967.32000000 , 1.128051079092990e-02 , 5.477587427484093e-06
967.96000000 , 1.141828682719165e-02 , 5.513224082061014e-06
968.60000000 , 1.156276818248420e-02 , 5.550350059469567e-06
969.24000000 , 1.168948392395837e-02 , 5.581422200734395e-06
969.88000000 , 1.184739621995242e-02 , 5.620544369781802e-06
970.52000000 , 1.199270000722162e-02 , 5.657881957097414e-06
971.16000000 , 1.214360777987740e-02 , 5.694415074170887e-06
971.80000000 , 1.229774384274340e-02 , 5.731934808129966e-06
972.44000000 , 1.247351980849894e-02 , 5.775929454417387e-06
973.08000000 , 1.262599131401116e-02 , 5.811026909684630e-06
973.72000000 , 1.280516103922224e-02 , 5.855455474117889e-06
974.36000000 , 6.457176924234994e-03 , 4.159225291645926e-06
