x_l , NLO , dNLO
0.00000000 , 5.110726643852236e-03 , 3.078425174684821e-06
0.83333333 , 5.121015889900124e-03 , 3.082787631228646e-06
1.66666667 , 5.112061419046902e-03 , 3.079628296966586e-06
2.50000000 , 5.112403441328532e-03 , 3.079527270798312e-06
3.33333333 , 5.118107428865979e-03 , 3.081682303254701e-06
4.16666667 , 5.117968056495871e-03 , 3.081628928300375e-06
5.00000000 , 5.115504914654878e-03 , 3.080720576715981e-06
5.83333333 , 5.119678000634267e-03 , 3.082037890243524e-06
6.66666667 , 5.117128766011086e-03 , 3.081230402637415e-06
7.50000000 , 5.117777332625252e-03 , 3.081371393263084e-06
8.33333333 , 5.113644595736468e-03 , 3.080568406343525e-06
9.16666667 , 5.115529113574309e-03 , 3.080868359305635e-06
10.00000000 , 5.114897481801130e-03 , 3.081104379193102e-06
10.83333333 , 5.120308913595367e-03 , 3.082422302226696e-06
11.66666667 , 5.108069156684721e-03 , 3.078238781086698e-06
12.50000000 , 5.112956366537190e-03 , 3.079219621451924e-06
13.33333333 , 5.109065989289127e-03 , 3.079165537261025e-06
14.16666667 , 5.104899140629977e-03 , 3.077724002274608e-06
15.00000000 , 5.105743728995642e-03 , 3.078164812487136e-06
15.83333333 , 5.109290356832474e-03 , 3.078663492592649e-06
16.66666667 , 5.111122605310320e-03 , 3.079170572169174e-06
17.50000000 , 5.107327722249528e-03 , 3.077931769954813e-06
18.33333333 , 5.107236057944689e-03 , 3.078665213633102e-06
19.16666667 , 5.101544064982156e-03 , 3.076578635005508e-06
20.00000000 , 5.099452497966847e-03 , 3.076637416970339e-06
20.83333333 , 5.109313940445482e-03 , 3.079217616170188e-06
21.66666667 , 5.100154865840946e-03 , 3.075900855768290e-06
22.50000000 , 5.107414761457870e-03 , 3.078530059965050e-06
23.33333333 , 5.105983698856685e-03 , 3.078051915231211e-06
24.16666667 , 5.102633445972935e-03 , 3.077266874949446e-06
25.00000000 , 5.100399883656591e-03 , 3.075954347021575e-06
25.83333333 , 5.103507377308383e-03 , 3.077553393734287e-06
26.66666667 , 5.095028388023779e-03 , 3.075049049209845e-06
27.50000000 , 5.098342766922164e-03 , 3.075932125758870e-06
28.33333333 , 5.098595207254884e-03 , 3.075985736612037e-06
29.16666667 , 5.091938520722930e-03 , 3.074516137580502e-06
30.00000000 , 5.095152062490629e-03 , 3.074947660905934e-06
30.83333333 , 5.097164707338596e-03 , 3.075593392232362e-06
31.66666667 , 5.094549291022411e-03 , 3.074654190504448e-06
32.50000000 , 5.088166940449605e-03 , 3.072204939101290e-06
33.33333333 , 5.092149326924398e-03 , 3.074602308898402e-06
34.16666667 , 5.091786745267738e-03 , 3.073526236864813e-06
35.00000000 , 5.092161787098872e-03 , 3.074077342708282e-06
35.83333333 , 5.087139631271241e-03 , 3.072108620126744e-06
36.66666667 , 5.086532344369041e-03 , 3.072657776249406e-06
37.50000000 , 5.089236939104685e-03 , 3.073634154104697e-06
38.33333333 , 5.081881156122541e-03 , 3.071353640977039e-06
39.16666667 , 5.088333230662353e-03 , 3.073440531453121e-06
40.00000000 , 5.080477020992125e-03 , 3.070862563387029e-06
40.83333333 , 5.084998648808601e-03 , 3.072908616331091e-06
41.66666667 , 5.078184240928107e-03 , 3.070466271541999e-06
42.50000000 , 5.076078935965535e-03 , 3.070050013606133e-06
43.33333333 , 5.082684330723029e-03 , 3.072971848861771e-06
44.16666667 , 5.078000068677751e-03 , 3.070715993601653e-06
45.00000000 , 5.067642275747189e-03 , 3.066879266156697e-06
45.83333333 , 5.069263484234864e-03 , 3.067413538032912e-06
46.66666667 , 5.062995917238126e-03 , 3.066218873247240e-06
47.50000000 , 5.068012078041419e-03 , 3.068337848936266e-06
48.33333333 , 5.064320964514565e-03 , 3.066131390060309e-06
49.16666667 , 5.067868157447177e-03 , 3.067300808434473e-06
50.00000000 , 5.061761263400424e-03 , 3.066082234143152e-06
50.83333333 , 5.064744272877996e-03 , 3.067199920229145e-06
51.66666667 , 5.058351808145329e-03 , 3.064689042025922e-06
52.50000000 , 5.058076791510506e-03 , 3.064912436711001e-06
53.33333333 , 5.050486537670999e-03 , 3.061924978914310e-06
54.16666667 , 5.046073090745524e-03 , 3.061561461355695e-06
55.00000000 , 5.048275947012725e-03 , 3.061959912507509e-06
55.83333333 , 5.051277361356392e-03 , 3.063532230491291e-06
56.66666667 , 5.045210797598849e-03 , 3.060803264976876e-06
57.50000000 , 5.049241294690960e-03 , 3.062755957934774e-06
58.33333333 , 5.044252385121556e-03 , 3.061426583597559e-06
59.16666667 , 5.040890662347797e-03 , 3.060764610198900e-06
60.00000000 , 5.040613459939535e-03 , 3.060272559355683e-06
60.83333333 , 5.034521457079453e-03 , 3.057102610250921e-06
61.66666667 , 5.034133700382610e-03 , 3.058100154568672e-06
62.50000000 , 5.032798703238917e-03 , 3.058123809088847e-06
63.33333333 , 5.033598691958443e-03 , 3.058282607475399e-06
64.16666667 , 5.024278021746359e-03 , 3.055655435084494e-06
65.00000000 , 5.019733399665116e-03 , 3.053565709008453e-06
65.83333333 , 5.023555805963756e-03 , 3.055436622952115e-06
66.66666667 , 5.017641268046717e-03 , 3.053049819014127e-06
67.50000000 , 5.009390626735521e-03 , 3.049888843886052e-06
68.33333333 , 5.017932117286955e-03 , 3.053513383983426e-06
69.16666667 , 5.007653645861783e-03 , 3.050488960766193e-06
70.00000000 , 5.013778901211807e-03 , 3.052980065662928e-06
70.83333333 , 5.004880093212417e-03 , 3.049759446242573e-06
71.66666667 , 5.006754955609935e-03 , 3.050562217665992e-06
72.50000000 , 5.002623246263573e-03 , 3.048943058024883e-06
73.33333333 , 5.001154809371457e-03 , 3.048221470574296e-06
74.16666667 , 4.995529139665006e-03 , 3.048078431595352e-06
75.00000000 , 4.989241346568253e-03 , 3.045330607200981e-06
75.83333333 , 4.988876816553132e-03 , 3.045867198980513e-06
76.66666667 , 4.981260285846455e-03 , 3.043010721237503e-06
77.50000000 , 4.987213074154054e-03 , 3.044649371437369e-06
78.33333333 , 4.979186500821732e-03 , 3.042039911970025e-06
79.16666667 , 4.976988876281342e-03 , 3.042040150090474e-06
80.00000000 , 4.982156632654122e-03 , 3.043614326553260e-06
80.83333333 , 4.966899026109824e-03 , 3.038434276366336e-06
81.66666667 , 4.967265517617876e-03 , 3.039578951677001e-06
82.50000000 , 4.964824521122004e-03 , 3.038958388054938e-06
83.33333333 , 4.960011856639668e-03 , 3.036283511722351e-06
84.16666667 , 4.961520678091732e-03 , 3.037989536293122e-06
85.00000000 , 4.957130482905100e-03 , 3.036751440294131e-06
85.83333333 , 4.957736653737358e-03 , 3.036923388456111e-06
86.66666667 , 4.950432227194554e-03 , 3.034734070954226e-06
87.50000000 , 4.941972189253959e-03 , 3.031277117096301e-06
88.33333333 , 4.946263979778838e-03 , 3.033530613741512e-06
89.16666667 , 4.944019669313921e-03 , 3.032784355714920e-06
90.00000000 , 4.939070551118017e-03 , 3.031251774878994e-06
90.83333333 , 4.932910078791691e-03 , 3.029178719127701e-06
91.66666667 , 4.930319651019427e-03 , 3.028775580416778e-06
92.50000000 , 4.919548393561737e-03 , 3.025050109970440e-06
93.33333333 , 4.916740166618761e-03 , 3.024683287912136e-06
94.16666667 , 4.920771696224289e-03 , 3.026953774064898e-06
95.00000000 , 4.912974055105043e-03 , 3.024511400867189e-06
95.83333333 , 4.907488435736721e-03 , 3.021957086853166e-06
96.66666667 , 4.904124306282970e-03 , 3.021722488271084e-06
97.50000000 , 4.898012555361268e-03 , 3.019344348348586e-06
98.33333333 , 4.896048832386203e-03 , 3.019121837200532e-06
99.16666667 , 4.894155932356384e-03 , 3.019141635397076e-06
100.00000000 , 4.889128942831463e-03 , 3.017637327962810e-06
100.83333333 , 4.889341360410915e-03 , 3.017323484714747e-06
101.66666667 , 4.882117314088064e-03 , 3.014494076765771e-06
102.50000000 , 4.876190879356321e-03 , 3.013340180787070e-06
103.33333333 , 4.870150105656110e-03 , 3.011526415203189e-06
104.16666667 , 4.865187969472700e-03 , 3.009297952235897e-06
105.00000000 , 4.866220634945751e-03 , 3.010430983783130e-06
105.83333333 , 4.856816962322504e-03 , 3.007988543548145e-06
106.66666667 , 4.853356998946750e-03 , 3.007506418035385e-06
107.50000000 , 4.846907002875293e-03 , 3.003447953934112e-06
108.33333333 , 4.847850716946303e-03 , 3.004948968429096e-06
109.16666667 , 4.843487387322476e-03 , 3.005140161530540e-06
110.00000000 , 4.836473680463125e-03 , 3.001886063680932e-06
110.83333333 , 4.825953259450518e-03 , 2.997911327628439e-06
111.66666667 , 4.826246127482391e-03 , 2.998524878038899e-06
112.50000000 , 4.824526840056909e-03 , 2.998851490739997e-06
113.33333333 , 4.811900219438195e-03 , 2.994806624437880e-06
114.16666667 , 4.810435356564655e-03 , 2.994332708188880e-06
115.00000000 , 4.805488233747836e-03 , 2.993694506723114e-06
115.83333333 , 4.803697993083837e-03 , 2.994071910717469e-06
116.66666667 , 4.794534390844133e-03 , 2.989806806860079e-06
117.50000000 , 4.787594926188770e-03 , 2.988005987728951e-06
118.33333333 , 4.786122359638111e-03 , 2.988207748082616e-06
119.16666667 , 4.775672877089328e-03 , 2.985075029451530e-06
120.00000000 , 4.774050063146270e-03 , 2.985107663758449e-06
120.83333333 , 4.766954729894309e-03 , 2.982090627961885e-06
121.66666667 , 4.761099655885858e-03 , 2.981667473541935e-06
122.50000000 , 4.754775393003578e-03 , 2.978957178114178e-06
123.33333333 , 4.748798031554510e-03 , 2.976922665545562e-06
124.16666667 , 4.741833547021713e-03 , 2.975343670929307e-06
125.00000000 , 4.734726120712533e-03 , 2.973603439057806e-06
125.83333333 , 4.725624730154248e-03 , 2.971358833210916e-06
126.66666667 , 4.711154132865880e-03 , 2.966431332096008e-06
127.50000000 , 4.706607720418718e-03 , 2.965614891091548e-06
128.33333333 , 4.696850655771052e-03 , 2.963072656310210e-06
129.16666667 , 4.685326621757083e-03 , 2.958729073236645e-06
130.00000000 , 4.677073092925179e-03 , 2.956711365731511e-06
130.83333333 , 4.664501921851772e-03 , 2.953182713738638e-06
131.66666667 , 4.661003573944777e-03 , 2.953492195890110e-06
132.50000000 , 4.646038530541269e-03 , 2.948675292038574e-06
133.33333333 , 4.643867478315512e-03 , 2.948202991059744e-06
134.16666667 , 4.631230961792270e-03 , 2.943596302452582e-06
135.00000000 , 4.623190960542797e-03 , 2.942474761945020e-06
135.83333333 , 4.614718367671029e-03 , 2.939876228611892e-06
136.66666667 , 4.603466286739183e-03 , 2.935675471296556e-06
137.50000000 , 4.596530197083726e-03 , 2.934582657073981e-06
138.33333333 , 4.583445208268383e-03 , 2.930405080170414e-06
139.16666667 , 4.572674971892075e-03 , 2.927713587285131e-06
140.00000000 , 4.561796412893714e-03 , 2.924052058102965e-06
140.83333333 , 4.557522648965517e-03 , 2.922853619758742e-06
141.66666667 , 4.550379487362298e-03 , 2.921471392864297e-06
142.50000000 , 4.540923275341841e-03 , 2.919073796890804e-06
143.33333333 , 4.531043923848049e-03 , 2.916156768815821e-06
144.16666667 , 4.522527337071197e-03 , 2.913921598508171e-06
145.00000000 , 4.513241584089021e-03 , 2.911400730776628e-06
145.83333333 , 4.501109193637610e-03 , 2.907542543279545e-06
146.66666667 , 4.491709270766359e-03 , 2.904579797330480e-06
147.50000000 , 4.480928705224710e-03 , 2.901405451550629e-06
148.33333333 , 4.470437184074318e-03 , 2.898609716607354e-06
149.16666667 , 4.457839831742350e-03 , 2.894548934799031e-06
150.00000000 , 4.446083664780939e-03 , 2.890386329232255e-06
150.83333333 , 4.440037744805137e-03 , 2.889603327866359e-06
151.66666667 , 4.430155814630855e-03 , 2.886559238763609e-06
152.50000000 , 4.414306174698289e-03 , 2.881377810259638e-06
153.33333333 , 4.409736599427170e-03 , 2.880520325702326e-06
154.16666667 , 4.395734268067645e-03 , 2.876426473292371e-06
155.00000000 , 4.388513057153587e-03 , 2.874468946178044e-06
155.83333333 , 4.382914272748683e-03 , 2.873152438939409e-06
156.66666667 , 4.369521385781723e-03 , 2.869313058316304e-06
157.50000000 , 4.357056993323174e-03 , 2.865588545247778e-06
158.33333333 , 4.346049042499959e-03 , 2.861963413609284e-06
159.16666667 , 4.339301379791510e-03 , 2.861308333227567e-06
160.00000000 , 4.326566260226684e-03 , 2.856375126543946e-06
160.83333333 , 4.317672615420916e-03 , 2.854896129668238e-06
161.66666667 , 4.308526735707999e-03 , 2.852145583941402e-06
162.50000000 , 4.292875738829149e-03 , 2.846155194276179e-06
163.33333333 , 4.284900430028261e-03 , 2.844538235523401e-06
164.16666667 , 4.277762394797954e-03 , 2.842365844987170e-06
165.00000000 , 4.262199239715452e-03 , 2.836645957562471e-06
165.83333333 , 4.253799185644240e-03 , 2.835365443114543e-06
166.66666667 , 4.236822217930543e-03 , 2.829540424536097e-06
167.50000000 , 4.226735893268710e-03 , 2.827510043246041e-06
168.33333333 , 4.219127977632562e-03 , 2.824925058382898e-06
169.16666667 , 4.213468816670177e-03 , 2.824345116873453e-06
170.00000000 , 4.196421751942890e-03 , 2.817439339084419e-06
170.83333333 , 4.187447384028954e-03 , 2.815019031956200e-06
171.66666667 , 4.171928834751057e-03 , 2.810125460167909e-06
172.50000000 , 4.171245012324859e-03 , 2.810375210763976e-06
173.33333333 , 4.154948177396809e-03 , 2.806214842625243e-06
174.16666667 , 4.143908146805678e-03 , 2.802421908290978e-06
175.00000000 , 4.135750757889117e-03 , 2.799843715310283e-06
175.83333333 , 4.119926808048244e-03 , 2.794132701312177e-06
176.66666667 , 4.110269941838765e-03 , 2.791216054915926e-06
177.50000000 , 4.097074525780874e-03 , 2.787851069401499e-06
178.33333333 , 4.085367312859096e-03 , 2.784559578438125e-06
179.16666667 , 4.076107365831736e-03 , 2.781962095999687e-06
180.00000000 , 4.063477461043030e-03 , 2.777239246282331e-06
180.83333333 , 4.051223015689589e-03 , 2.774371153822582e-06
181.66666667 , 4.039211655198672e-03 , 2.769882038025351e-06
182.50000000 , 4.027375903388056e-03 , 2.765651611083373e-06
183.33333333 , 4.016498661209717e-03 , 2.762157252005026e-06
184.16666667 , 4.004763822103310e-03 , 2.759455224080305e-06
185.00000000 , 3.991574530042013e-03 , 2.755698801149390e-06
185.83333333 , 3.981173541706163e-03 , 2.750474952309042e-06
186.66666667 , 3.967222163286321e-03 , 2.747342326666197e-06
187.50000000 , 3.955020644832313e-03 , 2.743781209672723e-06
188.33333333 , 3.944935730872538e-03 , 2.740091907827204e-06
189.16666667 , 3.938001744069326e-03 , 2.738612733160772e-06
190.00000000 , 3.922928431131489e-03 , 2.733768090647486e-06
190.83333333 , 3.912582995641095e-03 , 2.731606788807182e-06
191.66666667 , 3.896603746932480e-03 , 2.725062386675322e-06
192.50000000 , 3.882183417178550e-03 , 2.720699996191148e-06
193.33333333 , 3.873999445728847e-03 , 2.717999123580590e-06
194.16666667 , 3.863854224677247e-03 , 2.715414834957941e-06
195.00000000 , 3.847968928092889e-03 , 2.708972766803820e-06
195.83333333 , 3.840414865413041e-03 , 2.707528787040593e-06
196.66666667 , 3.825566939177511e-03 , 2.703235397865233e-06
197.50000000 , 3.811597659522836e-03 , 2.698221998088580e-06
198.33333333 , 3.801151272427054e-03 , 2.696252074610887e-06
199.16666667 , 3.781181902853566e-03 , 2.688419643933531e-06
200.00000000 , 3.770758455575817e-03 , 2.684747734329869e-06
200.83333333 , 3.757172234367355e-03 , 2.680272414537413e-06
201.66666667 , 3.744043353395056e-03 , 2.675322657421606e-06
202.50000000 , 3.730955589698190e-03 , 2.672114680351573e-06
203.33333333 , 3.717529558332016e-03 , 2.667301353212275e-06
204.16666667 , 3.704000309791508e-03 , 2.662803044573396e-06
205.00000000 , 3.691616306158235e-03 , 2.657966576310663e-06
205.83333333 , 3.676520938825473e-03 , 2.653976566713958e-06
206.66666667 , 3.662782098945141e-03 , 2.649787882964187e-06
207.50000000 , 3.645168004220496e-03 , 2.643319051151345e-06
208.33333333 , 3.635513485406211e-03 , 2.640249053441730e-06
209.16666667 , 3.622257648429314e-03 , 2.636139474321658e-06
210.00000000 , 3.601742982302101e-03 , 2.628711624111814e-06
210.83333333 , 3.588313805591109e-03 , 2.624718051975017e-06
211.66666667 , 3.579461295642852e-03 , 2.623062763197614e-06
212.50000000 , 3.554052375520024e-03 , 2.613134819195620e-06
213.33333333 , 3.544966209977077e-03 , 2.609442867462084e-06
214.16666667 , 3.528777735772648e-03 , 2.605282652438091e-06
215.00000000 , 3.509036197600640e-03 , 2.598411851883620e-06
215.83333333 , 3.493087018992328e-03 , 2.591928288985800e-06
216.66666667 , 3.470159633616177e-03 , 2.584282715755417e-06
217.50000000 , 3.451358920788159e-03 , 2.579219430986641e-06
218.33333333 , 3.429216937607184e-03 , 2.572496246640067e-06
219.16666667 , 3.402890744574324e-03 , 2.560971494443572e-06
220.00000000 , 3.385586424199644e-03 , 2.556572409471326e-06
220.83333333 , 3.359270496793881e-03 , 2.547425343619838e-06
221.66666667 , 3.336544869783131e-03 , 2.540240620728602e-06
222.50000000 , 3.313667662548169e-03 , 2.532809441805586e-06
223.33333333 , 3.285310849701020e-03 , 2.522453085415472e-06
224.16666667 , 3.262689818479540e-03 , 2.515007078477332e-06
225.00000000 , 3.243454552221437e-03 , 2.508900166730038e-06
225.83333333 , 3.218303045386475e-03 , 2.499667447528453e-06
226.66666667 , 3.192688560003302e-03 , 2.490705755836501e-06
227.50000000 , 3.168935421545656e-03 , 2.483669779226164e-06
228.33333333 , 3.140094695281704e-03 , 2.472379727857604e-06
229.16666667 , 3.116963239341592e-03 , 2.463353762535657e-06
230.00000000 , 3.095271095038602e-03 , 2.457311062754822e-06
230.83333333 , 3.065736883768459e-03 , 2.445373032223708e-06
231.66666667 , 3.039390633369309e-03 , 2.436595316089658e-06
232.50000000 , 3.013944202404971e-03 , 2.427130518625931e-06
233.33333333 , 2.984416196197559e-03 , 2.416285468128947e-06
234.16666667 , 2.960773314040848e-03 , 2.408133051944604e-06
235.00000000 , 2.931647526483960e-03 , 2.395575999361448e-06
235.83333333 , 2.904857461449719e-03 , 2.386440280202302e-06
236.66666667 , 2.879236946713528e-03 , 2.376417636325082e-06
237.50000000 , 2.855109130854005e-03 , 2.368522517692346e-06
238.33333333 , 2.829359115214368e-03 , 2.359003995002842e-06
239.16666667 , 2.800407615188377e-03 , 2.348298292384580e-06
240.00000000 , 2.772039315903189e-03 , 2.338641106273492e-06
240.83333333 , 2.749858421366739e-03 , 2.329413605815724e-06
241.66666667 , 2.714363838471927e-03 , 2.314097141424561e-06
242.50000000 , 2.686915880720253e-03 , 2.303536457663506e-06
243.33333333 , 2.658377250687366e-03 , 2.292426879022509e-06
244.16666667 , 2.635780442788102e-03 , 2.284330596831071e-06
245.00000000 , 2.605115141517113e-03 , 2.271999258691582e-06
245.83333333 , 2.576005617279727e-03 , 2.260678441034405e-06
246.66666667 , 2.550171155740502e-03 , 2.250541417148031e-06
247.50000000 , 2.518933013863062e-03 , 2.237850258944277e-06
248.33333333 , 2.486945326946605e-03 , 2.223257488488779e-06
249.16666667 , 2.459632286797234e-03 , 2.213133951518466e-06
250.00000000 , 2.431628842622529e-03 , 2.201824996193465e-06
250.83333333 , 2.402906675104169e-03 , 2.188730855396481e-06
251.66666667 , 2.370919202803327e-03 , 2.176202909960633e-06
252.50000000 , 2.337826298196490e-03 , 2.160869703645998e-06
253.33333333 , 2.312673214995303e-03 , 2.150601941147541e-06
254.16666667 , 2.280060223602986e-03 , 2.136395847047714e-06
255.00000000 , 2.249254829335499e-03 , 2.123909713228465e-06
255.83333333 , 2.216427435993500e-03 , 2.106799273862859e-06
256.66666667 , 2.185126910650365e-03 , 2.094908640594438e-06
257.50000000 , 2.160121912284210e-03 , 2.084454606796161e-06
258.33333333 , 2.126882379560458e-03 , 2.067322864577579e-06
259.16666667 , 2.093802102434237e-03 , 2.053331297385386e-06
260.00000000 , 2.061906759425954e-03 , 2.038413799308892e-06
260.83333333 , 2.030938133215795e-03 , 2.022900377048030e-06
261.66666667 , 1.997511689004805e-03 , 2.008169806630505e-06
262.50000000 , 1.961494441618139e-03 , 1.990189288072979e-06
263.33333333 , 1.932644834437085e-03 , 1.977109102022783e-06
264.16666667 , 1.901601288469553e-03 , 1.961799520609070e-06
265.00000000 , 1.869692876562020e-03 , 1.945603170798050e-06
265.83333333 , 1.843709183766150e-03 , 1.934554435290224e-06
266.66666667 , 1.822411246893450e-03 , 1.925865884624638e-06
267.50000000 , 1.797983079234663e-03 , 1.913665293125631e-06
268.33333333 , 1.772667057209391e-03 , 1.902352689748649e-06
269.16666667 , 1.752044755959348e-03 , 1.893535616759598e-06
270.00000000 , 1.725638618844320e-03 , 1.880422783586415e-06
270.83333333 , 1.704518880658303e-03 , 1.871016410397665e-06
271.66666667 , 1.681730856452966e-03 , 1.860356712004635e-06
272.50000000 , 1.654912846655614e-03 , 1.848373609046468e-06
273.33333333 , 1.632759232012512e-03 , 1.837602195437410e-06
274.16666667 , 1.605679943766306e-03 , 1.824750462425850e-06
275.00000000 , 1.582428958944855e-03 , 1.813457209234043e-06
275.83333333 , 1.557769845053707e-03 , 1.800982706418146e-06
276.66666667 , 1.533646752587412e-03 , 1.788960688832330e-06
277.50000000 , 1.508572815741895e-03 , 1.776285032835239e-06
278.33333333 , 1.482677453240168e-03 , 1.763469259238572e-06
279.16666667 , 1.457330148485295e-03 , 1.750990940580316e-06
280.00000000 , 1.430847841083786e-03 , 1.736163596439008e-06
280.83333333 , 1.402900407470586e-03 , 1.720703365374556e-06
281.66666667 , 1.376894602467793e-03 , 1.707986513209752e-06
282.50000000 , 1.354143729583816e-03 , 1.696159378997454e-06
283.33333333 , 1.320802373917624e-03 , 1.677039137545188e-06
284.16666667 , 1.297641714687359e-03 , 1.665627938496467e-06
285.00000000 , 1.266798982689870e-03 , 1.647966501658012e-06
285.83333333 , 1.238261756367390e-03 , 1.631039653710757e-06
286.66666667 , 1.209590666339282e-03 , 1.614144345648194e-06
287.50000000 , 1.177737927106207e-03 , 1.596054556065392e-06
288.33333333 , 1.148070418886035e-03 , 1.577786738543794e-06
289.16666667 , 1.116480473682068e-03 , 1.557813599548396e-06
290.00000000 , 1.084557211880524e-03 , 1.537482182475561e-06
290.83333333 , 1.053377209449451e-03 , 1.516747349464771e-06
291.66666667 , 1.021320479849377e-03 , 1.497290683265219e-06
292.50000000 , 9.882538299102077e-04 , 1.475375837224789e-06
293.33333333 , 9.529120868559335e-04 , 1.451866293998657e-06
294.16666667 , 9.175365415508807e-04 , 1.426819578062451e-06
295.00000000 , 8.799063990766788e-04 , 1.399929327189607e-06
295.83333333 , 8.412009206524116e-04 , 1.371016923252417e-06
296.66666667 , 8.057503331447680e-04 , 1.344419306509958e-06
297.50000000 , 7.665090456279833e-04 , 1.314782755747587e-06
298.33333333 , 7.211331588872011e-04 , 1.276209131164041e-06
299.16666667 , 6.788711995739891e-04 , 1.242819059659250e-06
300.00000000 , 6.370159262929924e-04 , 1.207560323705000e-06
300.83333333 , 5.891989064919642e-04 , 1.162928713874298e-06
301.66666667 , 5.401643921558477e-04 , 1.117114492841538e-06
302.50000000 , 4.911297038831177e-04 , 1.068848296265769e-06
303.33333333 , 4.360207062096278e-04 , 1.010030943670247e-06
304.16666667 , 3.792131992767956e-04 , 9.447351164287997e-07
305.00000000 , 3.209764325675716e-04 , 8.730951086418106e-07
305.83333333 , 2.577359467915651e-04 , 7.863119737131256e-07
306.66666667 , 1.906017234680267e-04 , 6.813546396266754e-07
307.50000000 , 1.219705839211949e-04 , 5.502371637717663e-07
308.33333333 , 5.322265501673275e-05 , 3.706522058918797e-07
309.16666667 , 1.191206219445093e-05 , 1.872986992105284e-07
310.00000000 , 3.217111657672403e-06 , 1.009980178934046e-07
310.83333333 , 5.081906047410193e-07 , 4.327084539184480e-08
311.66666667 , 0.000000000000000e+00 , 0.000000000000000e+00
312.50000000 , 0.000000000000000e+00 , 0.000000000000000e+00
313.33333333 , 0.000000000000000e+00 , 0.000000000000000e+00
314.16666667 , 0.000000000000000e+00 , 0.000000000000000e+00
315.00000000 , 0.000000000000000e+00 , 0.000000000000000e+00
315.83333333 , 0.000000000000000e+00 , 0.000000000000000e+00
316.66666667 , 0.000000000000000e+00 , 0.000000000000000e+00
317.50000000 , 0.000000000000000e+00 , 0.000000000000000e+00
318.33333333 , 0.000000000000000e+00 , 0.000000000000000e+00
319.16666667 , 0.000000000000000e+00 , 0.000000000000000e+00
320.00000000 , 0.000000000000000e+00 , 0.000000000000000e+00
320.83333333 , 0.000000000000000e+00 , 0.000000000000000e+00
321.66666667 , 0.000000000000000e+00 , 0.000000000000000e+00
322.50000000 , 0.000000000000000e+00 , 0.000000000000000e+00
323.33333333 , 0.000000000000000e+00 , 0.000000000000000e+00
324.16666667 , 0.000000000000000e+00 , 0.000000000000000e+00
325.00000000 , 0.000000000000000e+00 , 0.000000000000000e+00
325.83333333 , 0.000000000000000e+00 , 0.000000000000000e+00
326.66666667 , 0.000000000000000e+00 , 0.000000000000000e+00
327.50000000 , 0.000000000000000e+00 , 0.000000000000000e+00
328.33333333 , 0.000000000000000e+00 , 0.000000000000000e+00
329.16666667 , 0.000000000000000e+00 , 0.000000000000000e+00
330.00000000 , 0.000000000000000e+00 , 0.000000000000000e+00
330.83333333 , 0.000000000000000e+00 , 0.000000000000000e+00
331.66666667 , 0.000000000000000e+00 , 0.000000000000000e+00
332.50000000 , 0.000000000000000e+00 , 0.000000000000000e+00
333.33333333 , 0.000000000000000e+00 , 0.000000000000000e+00
334.16666667 , 0.000000000000000e+00 , 0.000000000000000e+00
335.00000000 , 0.000000000000000e+00 , 0.000000000000000e+00
335.83333333 , 0.000000000000000e+00 , 0.000000000000000e+00
336.66666667 , 0.000000000000000e+00 , 0.000000000000000e+00
337.50000000 , 0.000000000000000e+00 , 0.000000000000000e+00
338.33333333 , 0.000000000000000e+00 , 0.000000000000000e+00
339.16666667 , 0.000000000000000e+00 , 0.000000000000000e+00
340.00000000 , 0.000000000000000e+00 , 0.000000000000000e+00
340.83333333 , 0.000000000000000e+00 , 0.000000000000000e+00
341.66666667 , 0.000000000000000e+00 , 0.000000000000000e+00
342.50000000 , 0.000000000000000e+00 , 0.000000000000000e+00
343.33333333 , 0.000000000000000e+00 , 0.000000000000000e+00
344.16666667 , 0.000000000000000e+00 , 0.000000000000000e+00
345.00000000 , 0.000000000000000e+00 , 0.000000000000000e+00
345.83333333 , 0.000000000000000e+00 , 0.000000000000000e+00
346.66666667 , 0.000000000000000e+00 , 0.000000000000000e+00
347.50000000 , 0.000000000000000e+00 , 0.000000000000000e+00
348.33333333 , 0.000000000000000e+00 , 0.000000000000000e+00
349.16666667 , 0.000000000000000e+00 , 0.000000000000000e+00
350.00000000 , 0.000000000000000e+00 , 0.000000000000000e+00
350.83333333 , 0.000000000000000e+00 , 0.000000000000000e+00
351.66666667 , 0.000000000000000e+00 , 0.000000000000000e+00
352.50000000 , 0.000000000000000e+00 , 0.000000000000000e+00
353.33333333 , 0.000000000000000e+00 , 0.000000000000000e+00
354.16666667 , 0.000000000000000e+00 , 0.000000000000000e+00
355.00000000 , 0.000000000000000e+00 , 0.000000000000000e+00
355.83333333 , 0.000000000000000e+00 , 0.000000000000000e+00
356.66666667 , 0.000000000000000e+00 , 0.000000000000000e+00
357.50000000 , 0.000000000000000e+00 , 0.000000000000000e+00
358.33333333 , 0.000000000000000e+00 , 0.000000000000000e+00
359.16666667 , 0.000000000000000e+00 , 0.000000000000000e+00
360.00000000 , 0.000000000000000e+00 , 0.000000000000000e+00
360.83333333 , 0.000000000000000e+00 , 0.000000000000000e+00
361.66666667 , 0.000000000000000e+00 , 0.000000000000000e+00
362.50000000 , 0.000000000000000e+00 , 0.000000000000000e+00
363.33333333 , 0.000000000000000e+00 , 0.000000000000000e+00
364.16666667 , 0.000000000000000e+00 , 0.000000000000000e+00
365.00000000 , 0.000000000000000e+00 , 0.000000000000000e+00
365.83333333 , 0.000000000000000e+00 , 0.000000000000000e+00
366.66666667 , 0.000000000000000e+00 , 0.000000000000000e+00
367.50000000 , 0.000000000000000e+00 , 0.000000000000000e+00
368.33333333 , 0.000000000000000e+00 , 0.000000000000000e+00
369.16666667 , 0.000000000000000e+00 , 0.000000000000000e+00
370.00000000 , 0.000000000000000e+00 , 0.000000000000000e+00
370.83333333 , 0.000000000000000e+00 , 0.000000000000000e+00
371.66666667 , 0.000000000000000e+00 , 0.000000000000000e+00
372.50000000 , 0.000000000000000e+00 , 0.000000000000000e+00
373.33333333 , 0.000000000000000e+00 , 0.000000000000000e+00
374.16666667 , 0.000000000000000e+00 , 0.000000000000000e+00
375.00000000 , 0.000000000000000e+00 , 0.000000000000000e+00
375.83333333 , 0.000000000000000e+00 , 0.000000000000000e+00
376.66666667 , 0.000000000000000e+00 , 0.000000000000000e+00
377.50000000 , 0.000000000000000e+00 , 0.000000000000000e+00
378.33333333 , 0.000000000000000e+00 , 0.000000000000000e+00
379.16666667 , 0.000000000000000e+00 , 0.000000000000000e+00
380.00000000 , 0.000000000000000e+00 , 0.000000000000000e+00
380.83333333 , 0.000000000000000e+00 , 0.000000000000000e+00
381.66666667 , 0.000000000000000e+00 , 0.000000000000000e+00
382.50000000 , 0.000000000000000e+00 , 0.000000000000000e+00
383.33333333 , 0.000000000000000e+00 , 0.000000000000000e+00
384.16666667 , 0.000000000000000e+00 , 0.000000000000000e+00
385.00000000 , 0.000000000000000e+00 , 0.000000000000000e+00
385.83333333 , 0.000000000000000e+00 , 0.000000000000000e+00
386.66666667 , 0.000000000000000e+00 , 0.000000000000000e+00
387.50000000 , 0.000000000000000e+00 , 0.000000000000000e+00
388.33333333 , 0.000000000000000e+00 , 0.000000000000000e+00
389.16666667 , 0.000000000000000e+00 , 0.000000000000000e+00
390.00000000 , 0.000000000000000e+00 , 0.000000000000000e+00
390.83333333 , 0.000000000000000e+00 , 0.000000000000000e+00
391.66666667 , 0.000000000000000e+00 , 0.000000000000000e+00
392.50000000 , 0.000000000000000e+00 , 0.000000000000000e+00
393.33333333 , 0.000000000000000e+00 , 0.000000000000000e+00
394.16666667 , 0.000000000000000e+00 , 0.000000000000000e+00
395.00000000 , 0.000000000000000e+00 , 0.000000000000000e+00
395.83333333 , 0.000000000000000e+00 , 0.000000000000000e+00
396.66666667 , 0.000000000000000e+00 , 0.000000000000000e+00
397.50000000 , 0.000000000000000e+00 , 0.000000000000000e+00
398.33333333 , 0.000000000000000e+00 , 0.000000000000000e+00
399.16666667 , 0.000000000000000e+00 , 0.000000000000000e+00
400.00000000 , 0.000000000000000e+00 , 0.000000000000000e+00
400.83333333 , 0.000000000000000e+00 , 0.000000000000000e+00
401.66666667 , 0.000000000000000e+00 , 0.000000000000000e+00
402.50000000 , 0.000000000000000e+00 , 0.000000000000000e+00
403.33333333 , 0.000000000000000e+00 , 0.000000000000000e+00
404.16666667 , 0.000000000000000e+00 , 0.000000000000000e+00
405.00000000 , 0.000000000000000e+00 , 0.000000000000000e+00
405.83333333 , 0.000000000000000e+00 , 0.000000000000000e+00
406.66666667 , 0.000000000000000e+00 , 0.000000000000000e+00
407.50000000 , 0.000000000000000e+00 , 0.000000000000000e+00
408.33333333 , 0.000000000000000e+00 , 0.000000000000000e+00
409.16666667 , 0.000000000000000e+00 , 0.000000000000000e+00
410.00000000 , 0.000000000000000e+00 , 0.000000000000000e+00
410.83333333 , 0.000000000000000e+00 , 0.000000000000000e+00
411.66666667 , 0.000000000000000e+00 , 0.000000000000000e+00
412.50000000 , 0.000000000000000e+00 , 0.000000000000000e+00
413.33333333 , 0.000000000000000e+00 , 0.000000000000000e+00
414.16666667 , 0.000000000000000e+00 , 0.000000000000000e+00
415.00000000 , 0.000000000000000e+00 , 0.000000000000000e+00
415.83333333 , 0.000000000000000e+00 , 0.000000000000000e+00
416.66666667 , 0.000000000000000e+00 , 0.000000000000000e+00
417.50000000 , 0.000000000000000e+00 , 0.000000000000000e+00
418.33333333 , 0.000000000000000e+00 , 0.000000000000000e+00
419.16666667 , 0.000000000000000e+00 , 0.000000000000000e+00
420.00000000 , 0.000000000000000e+00 , 0.000000000000000e+00
420.83333333 , 0.000000000000000e+00 , 0.000000000000000e+00
421.66666667 , 0.000000000000000e+00 , 0.000000000000000e+00
422.50000000 , 0.000000000000000e+00 , 0.000000000000000e+00
423.33333333 , 0.000000000000000e+00 , 0.000000000000000e+00
424.16666667 , 0.000000000000000e+00 , 0.000000000000000e+00
425.00000000 , 0.000000000000000e+00 , 0.000000000000000e+00
425.83333333 , 0.000000000000000e+00 , 0.000000000000000e+00
426.66666667 , 0.000000000000000e+00 , 0.000000000000000e+00
427.50000000 , 0.000000000000000e+00 , 0.000000000000000e+00
428.33333333 , 0.000000000000000e+00 , 0.000000000000000e+00
429.16666667 , 0.000000000000000e+00 , 0.000000000000000e+00
430.00000000 , 0.000000000000000e+00 , 0.000000000000000e+00
430.83333333 , 0.000000000000000e+00 , 0.000000000000000e+00
431.66666667 , 0.000000000000000e+00 , 0.000000000000000e+00
432.50000000 , 0.000000000000000e+00 , 0.000000000000000e+00
433.33333333 , 0.000000000000000e+00 , 0.000000000000000e+00
434.16666667 , 0.000000000000000e+00 , 0.000000000000000e+00
435.00000000 , 0.000000000000000e+00 , 0.000000000000000e+00
435.83333333 , 0.000000000000000e+00 , 0.000000000000000e+00
436.66666667 , 0.000000000000000e+00 , 0.000000000000000e+00
437.50000000 , 0.000000000000000e+00 , 0.000000000000000e+00
438.33333333 , 0.000000000000000e+00 , 0.000000000000000e+00
439.16666667 , 0.000000000000000e+00 , 0.000000000000000e+00
440.00000000 , 0.000000000000000e+00 , 0.000000000000000e+00
440.83333333 , 0.000000000000000e+00 , 0.000000000000000e+00
441.66666667 , 0.000000000000000e+00 , 0.000000000000000e+00
442.50000000 , 0.000000000000000e+00 , 0.000000000000000e+00
443.33333333 , 0.000000000000000e+00 , 0.000000000000000e+00
444.16666667 , 0.000000000000000e+00 , 0.000000000000000e+00
445.00000000 , 0.000000000000000e+00 , 0.000000000000000e+00
445.83333333 , 0.000000000000000e+00 , 0.000000000000000e+00
446.66666667 , 0.000000000000000e+00 , 0.000000000000000e+00
447.50000000 , 0.000000000000000e+00 , 0.000000000000000e+00
448.33333333 , 0.000000000000000e+00 , 0.000000000000000e+00
449.16666667 , 0.000000000000000e+00 , 0.000000000000000e+00
450.00000000 , 0.000000000000000e+00 , 0.000000000000000e+00
450.83333333 , 0.000000000000000e+00 , 0.000000000000000e+00
451.66666667 , 0.000000000000000e+00 , 0.000000000000000e+00
452.50000000 , 0.000000000000000e+00 , 0.000000000000000e+00
453.33333333 , 0.000000000000000e+00 , 0.000000000000000e+00
454.16666667 , 0.000000000000000e+00 , 0.000000000000000e+00
455.00000000 , 0.000000000000000e+00 , 0.000000000000000e+00
455.83333333 , 0.000000000000000e+00 , 0.000000000000000e+00
456.66666667 , 0.000000000000000e+00 , 0.000000000000000e+00
457.50000000 , 0.000000000000000e+00 , 0.000000000000000e+00
458.33333333 , 0.000000000000000e+00 , 0.000000000000000e+00
459.16666667 , 0.000000000000000e+00 , 0.000000000000000e+00
460.00000000 , 0.000000000000000e+00 , 0.000000000000000e+00
460.83333333 , 0.000000000000000e+00 , 0.000000000000000e+00
461.66666667 , 0.000000000000000e+00 , 0.000000000000000e+00
462.50000000 , 0.000000000000000e+00 , 0.000000000000000e+00
463.33333333 , 0.000000000000000e+00 , 0.000000000000000e+00
464.16666667 , 0.000000000000000e+00 , 0.000000000000000e+00
465.00000000 , 0.000000000000000e+00 , 0.000000000000000e+00
465.83333333 , 0.000000000000000e+00 , 0.000000000000000e+00
466.66666667 , 0.000000000000000e+00 , 0.000000000000000e+00
467.50000000 , 0.000000000000000e+00 , 0.000000000000000e+00
468.33333333 , 0.000000000000000e+00 , 0.000000000000000e+00
469.16666667 , 0.000000000000000e+00 , 0.000000000000000e+00
470.00000000 , 0.000000000000000e+00 , 0.000000000000000e+00
470.83333333 , 0.000000000000000e+00 , 0.000000000000000e+00
471.66666667 , 0.000000000000000e+00 , 0.000000000000000e+00
472.50000000 , 0.000000000000000e+00 , 0.000000000000000e+00
473.33333333 , 0.000000000000000e+00 , 0.000000000000000e+00
474.16666667 , 0.000000000000000e+00 , 0.000000000000000e+00
475.00000000 , 0.000000000000000e+00 , 0.000000000000000e+00
475.83333333 , 0.000000000000000e+00 , 0.000000000000000e+00
476.66666667 , 0.000000000000000e+00 , 0.000000000000000e+00
477.50000000 , 0.000000000000000e+00 , 0.000000000000000e+00
478.33333333 , 0.000000000000000e+00 , 0.000000000000000e+00
479.16666667 , 0.000000000000000e+00 , 0.000000000000000e+00
480.00000000 , 0.000000000000000e+00 , 0.000000000000000e+00
480.83333333 , 0.000000000000000e+00 , 0.000000000000000e+00
481.66666667 , 0.000000000000000e+00 , 0.000000000000000e+00
482.50000000 , 0.000000000000000e+00 , 0.000000000000000e+00
483.33333333 , 0.000000000000000e+00 , 0.000000000000000e+00
484.16666667 , 0.000000000000000e+00 , 0.000000000000000e+00
485.00000000 , 0.000000000000000e+00 , 0.000000000000000e+00
485.83333333 , 0.000000000000000e+00 , 0.000000000000000e+00
486.66666667 , 0.000000000000000e+00 , 0.000000000000000e+00
487.50000000 , 0.000000000000000e+00 , 0.000000000000000e+00
488.33333333 , 0.000000000000000e+00 , 0.000000000000000e+00
489.16666667 , 0.000000000000000e+00 , 0.000000000000000e+00
490.00000000 , 0.000000000000000e+00 , 0.000000000000000e+00
490.83333333 , 0.000000000000000e+00 , 0.000000000000000e+00
491.66666667 , 0.000000000000000e+00 , 0.000000000000000e+00
492.50000000 , 0.000000000000000e+00 , 0.000000000000000e+00
493.33333333 , 0.000000000000000e+00 , 0.000000000000000e+00
494.16666667 , 0.000000000000000e+00 , 0.000000000000000e+00
495.00000000 , 0.000000000000000e+00 , 0.000000000000000e+00
495.83333333 , 0.000000000000000e+00 , 0.000000000000000e+00
496.66666667 , 0.000000000000000e+00 , 0.000000000000000e+00
497.50000000 , 0.000000000000000e+00 , 0.000000000000000e+00
498.33333333 , 0.000000000000000e+00 , 0.000000000000000e+00
499.16666667 , 0.000000000000000e+00 , 0.000000000000000e+00
