x_l , NLO , dNLO
215.00000000 , 5.085012037772828e-09 , 4.977813586876345e-09
215.50000000 , 4.302064748530887e-09 , 3.657944275943232e-09
216.00000000 , 1.704941766769273e-08 , 7.589651818184094e-09
216.50000000 , 1.246729780003670e-08 , 7.187703796433118e-09
217.00000000 , 1.938758590577952e-08 , 8.446177199808328e-09
217.50000000 , 1.789288412919012e-08 , 9.488238018454239e-09
218.00000000 , 1.162060052413685e-08 , 8.359505411314916e-09
218.50000000 , 4.229861706777796e-08 , 1.850174110190571e-08
219.00000000 , 3.342879038660142e-08 , 1.659997952242532e-08
219.50000000 , 2.792522009162946e-08 , 8.059418686618804e-09
220.00000000 , 2.238973505964604e-08 , 7.483353825796537e-09
220.50000000 , 7.337664225492482e-08 , 1.762105199028751e-08
221.00000000 , 7.111537564728005e-08 , 1.687435519710575e-08
221.50000000 , 7.332754782469398e-08 , 1.444398101545963e-08
222.00000000 , 1.068790813182488e-07 , 2.024514361146440e-08
222.50000000 , 9.635699716008691e-08 , 1.684656555333643e-08
223.00000000 , 1.331672345168140e-07 , 2.032726768771606e-08
223.50000000 , 1.119784721970660e-07 , 1.705052624806774e-08
224.00000000 , 1.219559209682445e-07 , 1.635754054005224e-08
224.50000000 , 1.985642203591193e-07 , 2.632515646110431e-08
225.00000000 , 1.936470624740012e-07 , 2.322005657762348e-08
225.50000000 , 2.573910378444480e-07 , 2.752117902409100e-08
226.00000000 , 3.072621034439231e-07 , 3.044776978238500e-08
226.50000000 , 3.173988419065184e-07 , 3.107302626010793e-08
227.00000000 , 2.917387052511490e-07 , 2.839172024660014e-08
227.50000000 , 4.117388113017598e-07 , 3.524287933990798e-08
228.00000000 , 3.969841465794570e-07 , 3.193209775535434e-08
228.50000000 , 5.159289945142660e-07 , 3.798816611026753e-08
229.00000000 , 6.301267966212879e-07 , 4.340516278737907e-08
229.50000000 , 6.239397803336865e-07 , 4.088088218693030e-08
230.00000000 , 6.725315893781282e-07 , 4.233307818866139e-08
230.50000000 , 8.305515698381257e-07 , 4.908546615867529e-08
231.00000000 , 9.637285114959253e-07 , 5.391117617573921e-08
231.50000000 , 1.087588694897700e-06 , 5.739449344725570e-08
232.00000000 , 1.221209560573833e-06 , 5.900045695541961e-08
232.50000000 , 1.279935046560330e-06 , 5.848509341174343e-08
233.00000000 , 1.401370231605531e-06 , 6.349228275239884e-08
233.50000000 , 1.638721468285037e-06 , 6.769378837771011e-08
234.00000000 , 1.734471742517937e-06 , 7.025625488273096e-08
234.50000000 , 1.984206159371358e-06 , 7.688167483223600e-08
235.00000000 , 2.176015534203243e-06 , 7.848494118929422e-08
235.50000000 , 2.338968286000149e-06 , 8.149849790163823e-08
236.00000000 , 2.708276062996139e-06 , 8.984830663652239e-08
236.50000000 , 2.959331442606169e-06 , 9.319548508967468e-08
237.00000000 , 2.977550957752744e-06 , 9.203563750418164e-08
237.50000000 , 3.339261312660429e-06 , 9.856054071740294e-08
238.00000000 , 3.749234016980008e-06 , 1.034487470480733e-07
238.50000000 , 4.134451137206447e-06 , 1.090443385927082e-07
239.00000000 , 4.640325803612196e-06 , 1.161791122175264e-07
239.50000000 , 5.255000637238260e-06 , 1.244835717530223e-07
240.00000000 , 5.538842827952785e-06 , 1.258995416285590e-07
240.50000000 , 5.950644677880337e-06 , 1.313829828036377e-07
241.00000000 , 6.394400247106291e-06 , 1.345815731830450e-07
241.50000000 , 6.918945702488346e-06 , 1.382997968405331e-07
242.00000000 , 7.383901417218305e-06 , 1.457698809985524e-07
242.50000000 , 8.274281674994304e-06 , 1.530931931471894e-07
243.00000000 , 8.697920845671198e-06 , 1.580605677957777e-07
243.50000000 , 9.573682643469434e-06 , 1.666165219475474e-07
244.00000000 , 9.974133944391138e-06 , 1.676591396160381e-07
244.50000000 , 1.088119636931720e-05 , 1.776282163024726e-07
245.00000000 , 1.182215368687023e-05 , 1.853973611425705e-07
245.50000000 , 1.253866550361317e-05 , 1.901642665528655e-07
246.00000000 , 1.322606014365683e-05 , 1.932129233795673e-07
246.50000000 , 1.440242219073384e-05 , 2.024554449045752e-07
247.00000000 , 1.537140314528132e-05 , 2.089785005752741e-07
247.50000000 , 1.605370250605685e-05 , 2.127312848088394e-07
248.00000000 , 1.702415769552348e-05 , 2.221844694667217e-07
248.50000000 , 1.839316656688603e-05 , 2.311387073125702e-07
249.00000000 , 1.942254692979929e-05 , 2.359883183973973e-07
249.50000000 , 2.017006475742280e-05 , 2.397285319615419e-07
250.00000000 , 2.161290883439843e-05 , 2.498553109936560e-07
250.50000000 , 2.279204786724813e-05 , 2.566868969038672e-07
251.00000000 , 2.446096310194366e-05 , 2.642413552569484e-07
251.50000000 , 2.498216938004450e-05 , 2.671673682995860e-07
252.00000000 , 2.668938069964133e-05 , 2.779134661772940e-07
252.50000000 , 2.806681515010168e-05 , 2.827533830364220e-07
253.00000000 , 2.926463021347787e-05 , 2.880880309679603e-07
253.50000000 , 3.115565509580830e-05 , 2.987931627254090e-07
254.00000000 , 3.310999740756009e-05 , 3.094314126611703e-07
254.50000000 , 3.443938981524966e-05 , 3.148842809246598e-07
255.00000000 , 3.641318276041355e-05 , 3.239770832211244e-07
255.50000000 , 3.755018425805256e-05 , 3.275103393852522e-07
256.00000000 , 3.873351379611374e-05 , 3.336387768654253e-07
256.50000000 , 4.136730640643163e-05 , 3.449160481846864e-07
257.00000000 , 4.330220396665939e-05 , 3.526868373317899e-07
257.50000000 , 4.484941506223909e-05 , 3.592413336477324e-07
258.00000000 , 4.714499012627855e-05 , 3.683728438986475e-07
258.50000000 , 4.906647443155460e-05 , 3.741891460206692e-07
259.00000000 , 5.114165545956941e-05 , 3.830365574546515e-07
259.50000000 , 5.397608670602465e-05 , 3.943918158964944e-07
260.00000000 , 5.502504449459980e-05 , 3.966080277873248e-07
260.50000000 , 5.755926705279838e-05 , 4.054231943170611e-07
261.00000000 , 6.090431124549350e-05 , 4.180314150894652e-07
261.50000000 , 6.204296857273632e-05 , 4.208198805905010e-07
262.00000000 , 6.505704351418059e-05 , 4.306344185395189e-07
262.50000000 , 6.714685203748596e-05 , 4.363393018522101e-07
263.00000000 , 7.072617368028381e-05 , 4.503950383477380e-07
263.50000000 , 7.284635843951943e-05 , 4.558052078386867e-07
264.00000000 , 7.526628866817735e-05 , 4.626399148958838e-07
264.50000000 , 7.788197882732499e-05 , 4.713860488373636e-07
265.00000000 , 8.106572661020916e-05 , 4.809709547042216e-07
265.50000000 , 8.362359043083710e-05 , 4.868081326285954e-07
266.00000000 , 8.777269661412082e-05 , 5.009830360516912e-07
266.50000000 , 9.069451698081213e-05 , 5.078881279003986e-07
267.00000000 , 9.338169364178570e-05 , 5.165696486329328e-07
267.50000000 , 9.670585046239317e-05 , 5.238318713544961e-07
268.00000000 , 1.008194448231955e-04 , 5.347657615577831e-07
268.50000000 , 1.046947666826233e-04 , 5.481842203692336e-07
269.00000000 , 1.063077683329079e-04 , 5.494071791233122e-07
269.50000000 , 1.113332216588778e-04 , 5.642522064459619e-07
270.00000000 , 1.147772370951555e-04 , 5.708121436409924e-07
270.50000000 , 1.190250706947982e-04 , 5.817008036661498e-07
271.00000000 , 1.232188047943950e-04 , 5.933618372220585e-07
271.50000000 , 1.268260320045579e-04 , 6.008571173725217e-07
272.00000000 , 1.317640360001240e-04 , 6.139731281517824e-07
272.50000000 , 1.362304926029677e-04 , 6.221833383450360e-07
273.00000000 , 1.397891928290556e-04 , 6.300494261810847e-07
273.50000000 , 1.440204100809300e-04 , 6.379320029485454e-07
274.00000000 , 1.494716885427360e-04 , 6.518355685704762e-07
274.50000000 , 1.535341076681774e-04 , 6.583855624116374e-07
275.00000000 , 1.599732221376981e-04 , 6.739371444801485e-07
275.50000000 , 1.641285238018195e-04 , 6.808637572215217e-07
276.00000000 , 1.706283691772935e-04 , 6.941520763886753e-07
276.50000000 , 1.757009855064368e-04 , 7.053286480048927e-07
277.00000000 , 1.825649755508169e-04 , 7.191175779794850e-07
277.50000000 , 1.882054328960971e-04 , 7.308904855491771e-07
278.00000000 , 1.967129060334949e-04 , 7.467953077968576e-07
278.50000000 , 2.027704741945584e-04 , 7.581914974708733e-07
279.00000000 , 2.096558696728035e-04 , 7.702909599632820e-07
279.50000000 , 2.171901618545451e-04 , 7.844705792040752e-07
280.00000000 , 2.246635011533335e-04 , 7.971972870254732e-07
280.50000000 , 2.345582238090748e-04 , 8.149262318799365e-07
281.00000000 , 2.435040155565410e-04 , 8.295364183754091e-07
281.50000000 , 2.524676578291149e-04 , 8.429275155899621e-07
282.00000000 , 2.637136207766764e-04 , 8.608461923423293e-07
282.50000000 , 2.769212679374676e-04 , 8.841169305276844e-07
283.00000000 , 2.870358845871987e-04 , 8.982816011224938e-07
283.50000000 , 3.038693609884113e-04 , 9.255364263267162e-07
284.00000000 , 3.205990533764387e-04 , 9.485889994978739e-07
284.50000000 , 3.408558565823400e-04 , 9.765911831366810e-07
285.00000000 , 3.705140778770837e-04 , 1.016533913926823e-06
285.50000000 , 4.024287249355947e-04 , 1.053337987171216e-06
286.00000000 , 4.393619484098047e-04 , 1.100478292782124e-06
286.50000000 , 4.727594834275457e-04 , 1.139295287379025e-06
287.00000000 , 5.015196149797393e-04 , 1.173215347316787e-06
287.50000000 , 5.337595412979742e-04 , 1.209434915431019e-06
288.00000000 , 5.608355983086396e-04 , 1.237784095830612e-06
288.50000000 , 5.892811033752704e-04 , 1.268780434698331e-06
289.00000000 , 6.180821495195348e-04 , 1.301260416331870e-06
289.50000000 , 6.463915927225434e-04 , 1.329031336050591e-06
290.00000000 , 6.733372897145596e-04 , 1.355931447357617e-06
290.50000000 , 6.974863630500645e-04 , 1.379167109895977e-06
291.00000000 , 7.239090710437223e-04 , 1.405412357960903e-06
291.50000000 , 7.476135280289824e-04 , 1.426505344512470e-06
292.00000000 , 7.729759255581268e-04 , 1.451344568879495e-06
292.50000000 , 8.031884858151514e-04 , 1.481822641206634e-06
293.00000000 , 8.230961034108292e-04 , 1.499606897638659e-06
293.50000000 , 8.502246251775877e-04 , 1.523728734168006e-06
294.00000000 , 8.724617315713158e-04 , 1.543599264760488e-06
294.50000000 , 8.965502552576020e-04 , 1.565279927875720e-06
295.00000000 , 9.223777777421335e-04 , 1.588054454223357e-06
295.50000000 , 9.489982568863775e-04 , 1.610935466069583e-06
296.00000000 , 9.710367787651524e-04 , 1.629800476519727e-06
296.50000000 , 9.943585804831118e-04 , 1.649939001639938e-06
297.00000000 , 1.017087041428749e-03 , 1.668616280185855e-06
297.50000000 , 1.037532672828682e-03 , 1.685301628561473e-06
298.00000000 , 1.066339528038402e-03 , 1.709674444813682e-06
298.50000000 , 1.091321567592869e-03 , 1.729159656103934e-06
299.00000000 , 1.112626614617708e-03 , 1.746015656516008e-06
299.50000000 , 1.134766835518624e-03 , 1.762524711412501e-06
300.00000000 , 1.159817681697674e-03 , 1.783723626077464e-06
300.50000000 , 1.183948258319714e-03 , 1.802521721871785e-06
301.00000000 , 1.201559828980122e-03 , 1.815194308652474e-06
301.50000000 , 1.225408933480044e-03 , 1.832724374019801e-06
302.00000000 , 1.249092485900732e-03 , 1.852503270063856e-06
302.50000000 , 1.269511641160380e-03 , 1.866338725949957e-06
303.00000000 , 1.299270284066330e-03 , 1.890635047753104e-06
303.50000000 , 1.317933582986783e-03 , 1.902856066987540e-06
304.00000000 , 1.340709210849642e-03 , 1.919594606108665e-06
304.50000000 , 1.360770593848519e-03 , 1.933890246560721e-06
305.00000000 , 1.387902612832534e-03 , 1.953820173552095e-06
305.50000000 , 1.409613369359641e-03 , 1.969242749098704e-06
306.00000000 , 1.436078028941379e-03 , 1.989450953183832e-06
306.50000000 , 1.454016146484622e-03 , 2.000969191216045e-06
307.00000000 , 1.474612151571265e-03 , 2.014356957970558e-06
307.50000000 , 1.497667861473079e-03 , 2.032682303453070e-06
308.00000000 , 1.521546659588242e-03 , 2.047434109745690e-06
308.50000000 , 1.543297473400371e-03 , 2.064291017282614e-06
309.00000000 , 1.566397146524667e-03 , 2.079803061076853e-06
309.50000000 , 1.591664612991883e-03 , 2.095892719076373e-06
310.00000000 , 1.614352613287712e-03 , 2.112555905587169e-06
310.50000000 , 1.631609010685443e-03 , 2.122984196020297e-06
311.00000000 , 1.655605934563385e-03 , 2.138588985992206e-06
311.50000000 , 1.676819939761813e-03 , 2.152947989395427e-06
312.00000000 , 1.702784886940145e-03 , 2.169793225689336e-06
312.50000000 , 1.727930977205726e-03 , 2.187302838046872e-06
313.00000000 , 1.746010800225024e-03 , 2.198900355394029e-06
313.50000000 , 1.771190298132672e-03 , 2.215453942251722e-06
314.00000000 , 1.789948550672519e-03 , 2.226560472598450e-06
314.50000000 , 1.812748157858659e-03 , 2.242571457118851e-06
315.00000000 , 1.836794747414167e-03 , 2.256733965051520e-06
315.50000000 , 1.857585217851363e-03 , 2.270007603028302e-06
316.00000000 , 1.884253428795346e-03 , 2.287590687523282e-06
316.50000000 , 1.905919295378347e-03 , 2.300613160341094e-06
317.00000000 , 1.933189099587470e-03 , 2.316840368522817e-06
317.50000000 , 1.949714729215879e-03 , 2.327145925705190e-06
318.00000000 , 1.975587395523834e-03 , 2.344483077171419e-06
318.50000000 , 1.996229130642418e-03 , 2.356127107234508e-06
319.00000000 , 2.017821281831047e-03 , 2.369973758219950e-06
319.50000000 , 2.044895430924727e-03 , 2.385132900465346e-06
320.00000000 , 2.063887231005847e-03 , 2.396847388207658e-06
320.50000000 , 2.087660922871316e-03 , 2.410192546832366e-06
321.00000000 , 2.113754141419551e-03 , 2.427428145952075e-06
321.50000000 , 2.133617969971190e-03 , 2.438875913350126e-06
322.00000000 , 2.153716624517393e-03 , 2.450673489465216e-06
322.50000000 , 2.174882497660588e-03 , 2.462703485043886e-06
323.00000000 , 2.201734797341511e-03 , 2.479526148141588e-06
323.50000000 , 2.222804918751320e-03 , 2.491262929435990e-06
324.00000000 , 2.245654021730320e-03 , 2.503247052659316e-06
324.50000000 , 2.274278724262480e-03 , 2.522115952212624e-06
325.00000000 , 2.290150844963260e-03 , 2.530104864394059e-06
325.50000000 , 2.318026003759917e-03 , 2.546020831327865e-06
326.00000000 , 2.338087074323169e-03 , 2.556210368443062e-06
326.50000000 , 2.364453721658125e-03 , 2.572092018412512e-06
327.00000000 , 2.386462314796306e-03 , 2.584875481118004e-06
327.50000000 , 2.409002830203192e-03 , 2.596940224380641e-06
328.00000000 , 2.433168297031032e-03 , 2.611918483131056e-06
328.50000000 , 2.454823855092165e-03 , 2.624237801602896e-06
329.00000000 , 2.479800338824760e-03 , 2.638618770236094e-06
329.50000000 , 2.499256269665940e-03 , 2.646693767963084e-06
330.00000000 , 2.519560680325839e-03 , 2.658372548021898e-06
330.50000000 , 2.547336403037436e-03 , 2.674727948757301e-06
331.00000000 , 2.563475193020436e-03 , 2.683574928333771e-06
331.50000000 , 2.595048252161232e-03 , 2.701697418870337e-06
332.00000000 , 2.609969256107493e-03 , 2.709932968358188e-06
332.50000000 , 2.643737485291984e-03 , 2.729180334929803e-06
333.00000000 , 2.665436187205612e-03 , 2.739927949863516e-06
333.50000000 , 2.684552171077265e-03 , 2.747950222012693e-06
334.00000000 , 2.705173299340450e-03 , 2.760182379920170e-06
334.50000000 , 2.728633001049796e-03 , 2.773781011398773e-06
335.00000000 , 2.751990885145697e-03 , 2.785319961717706e-06
335.50000000 , 2.765941710434568e-03 , 2.792277872616184e-06
336.00000000 , 2.792870171667166e-03 , 2.806867766224905e-06
336.50000000 , 2.818755027537030e-03 , 2.823463813624886e-06
337.00000000 , 2.835489290277769e-03 , 2.829317979124540e-06
337.50000000 , 2.861267649807783e-03 , 2.845165151819880e-06
338.00000000 , 2.875994108954691e-03 , 2.851230760940750e-06
338.50000000 , 2.893004827971423e-03 , 2.860001198479427e-06
339.00000000 , 2.922650203375735e-03 , 2.877582737226931e-06
339.50000000 , 2.939716209084237e-03 , 2.887285161194924e-06
340.00000000 , 2.956172567635369e-03 , 2.895121311179562e-06
340.50000000 , 2.976815104988235e-03 , 2.905724091635805e-06
341.00000000 , 2.996572288783124e-03 , 2.916267114760382e-06
341.50000000 , 3.012197323224987e-03 , 2.924778049431588e-06
342.00000000 , 3.036025451048434e-03 , 2.936851874635458e-06
342.50000000 , 3.052320008013456e-03 , 2.945843295687090e-06
343.00000000 , 3.073117627605385e-03 , 2.955754979867371e-06
343.50000000 , 3.095267761120615e-03 , 2.967777575390462e-06
344.00000000 , 3.115678381976233e-03 , 2.980165639636208e-06
344.50000000 , 3.130292366778934e-03 , 2.985652422531863e-06
345.00000000 , 3.155759786643539e-03 , 3.000207308345066e-06
345.50000000 , 3.170185381599843e-03 , 3.008537251950321e-06
346.00000000 , 3.187152678667582e-03 , 3.016902846535791e-06
346.50000000 , 3.212407797905058e-03 , 3.030673120710441e-06
347.00000000 , 3.230962544895708e-03 , 3.038371929402616e-06
347.50000000 , 3.252434984759987e-03 , 3.050463742863980e-06
348.00000000 , 3.273820064014952e-03 , 3.060223727846955e-06
348.50000000 , 3.288231876036536e-03 , 3.069037991314636e-06
349.00000000 , 3.314101921485014e-03 , 3.082649091112383e-06
349.50000000 , 3.333522898442653e-03 , 3.092775562560427e-06
350.00000000 , 3.351434879368647e-03 , 3.101223964385487e-06
350.50000000 , 3.370409521109224e-03 , 3.109544955361277e-06
351.00000000 , 3.390592775413255e-03 , 3.121200123300123e-06
351.50000000 , 3.415092411945151e-03 , 3.133569577003867e-06
352.00000000 , 3.435685516706542e-03 , 3.143260843392325e-06
352.50000000 , 3.454048788357194e-03 , 3.152513651600787e-06
353.00000000 , 3.473968367520433e-03 , 3.163119051126293e-06
353.50000000 , 3.493210006178803e-03 , 3.172118677423113e-06
354.00000000 , 3.513921903865449e-03 , 3.182167269495726e-06
354.50000000 , 3.544538291694428e-03 , 3.199881669861799e-06
355.00000000 , 3.559595522277102e-03 , 3.206092142402130e-06
355.50000000 , 3.583599119528665e-03 , 3.217158306601129e-06
356.00000000 , 3.600029504593347e-03 , 3.225168827039491e-06
356.50000000 , 3.626624802018199e-03 , 3.237789243514572e-06
357.00000000 , 3.644707579382901e-03 , 3.246460840224100e-06
357.50000000 , 3.666866522932366e-03 , 3.259394522381467e-06
358.00000000 , 3.692593832105251e-03 , 3.271384386572100e-06
358.50000000 , 3.712418194091465e-03 , 3.281209790542914e-06
359.00000000 , 3.733470098036581e-03 , 3.291160650964222e-06
359.50000000 , 3.756398677675056e-03 , 3.302068712426555e-06
360.00000000 , 3.774429920167285e-03 , 3.310444667916511e-06
360.50000000 , 3.797651457462621e-03 , 3.321658346690626e-06
361.00000000 , 3.820658955575751e-03 , 3.333824795674681e-06
361.50000000 , 3.838030641112845e-03 , 3.341675563222159e-06
362.00000000 , 3.864447518855782e-03 , 3.353662947420315e-06
362.50000000 , 3.887605085053050e-03 , 3.365032261230458e-06
363.00000000 , 3.915854341876785e-03 , 3.379070172371757e-06
363.50000000 , 3.929003890996323e-03 , 3.384665451525574e-06
364.00000000 , 3.961081657592343e-03 , 3.399271196609562e-06
364.50000000 , 3.984460345771824e-03 , 3.411944371082143e-06
365.00000000 , 4.002402462495868e-03 , 3.418823352635273e-06
365.50000000 , 4.033773120088583e-03 , 3.435354927094292e-06
366.00000000 , 4.049351938188559e-03 , 3.441370214284479e-06
366.50000000 , 4.073481031736300e-03 , 3.453327316248592e-06
367.00000000 , 4.092722088235524e-03 , 3.461790104856704e-06
367.50000000 , 4.118751445307636e-03 , 3.474873690861493e-06
368.00000000 , 4.149679423243935e-03 , 3.489473058039997e-06
368.50000000 , 4.174411728579637e-03 , 3.499327579823846e-06
369.00000000 , 4.195098939894828e-03 , 3.511372940840646e-06
369.50000000 , 4.220693374248810e-03 , 3.520440239777012e-06
370.00000000 , 4.247891939697604e-03 , 3.535104552169741e-06
370.50000000 , 4.272321310859582e-03 , 3.546141086823269e-06
371.00000000 , 4.301854802319077e-03 , 3.559532058206923e-06
371.50000000 , 4.320430941236955e-03 , 3.568348684284730e-06
372.00000000 , 4.345971185379115e-03 , 3.580219525349370e-06
372.50000000 , 4.376893553056527e-03 , 3.593861603631027e-06
373.00000000 , 4.402166505301352e-03 , 3.605541590887340e-06
373.50000000 , 4.424111346588554e-03 , 3.615045693253188e-06
374.00000000 , 4.448677781512890e-03 , 3.625036522827364e-06
374.50000000 , 4.480266978279425e-03 , 3.639769105969593e-06
375.00000000 , 4.512985088509148e-03 , 3.655460467058933e-06
375.50000000 , 4.525408443366192e-03 , 3.660513525016170e-06
376.00000000 , 4.555222585210393e-03 , 3.672854316757848e-06
376.50000000 , 4.583217209340636e-03 , 3.686848598826498e-06
377.00000000 , 4.615639429815779e-03 , 3.701635895883646e-06
377.50000000 , 4.637697959274913e-03 , 3.709699012303693e-06
378.00000000 , 4.670946658571801e-03 , 3.725800137886995e-06
378.50000000 , 4.703608842405188e-03 , 3.739401055985926e-06
379.00000000 , 4.725617988158460e-03 , 3.748593100221647e-06
379.50000000 , 4.753772577717450e-03 , 3.762651506249429e-06
380.00000000 , 4.778453291550635e-03 , 3.771507461638490e-06
380.50000000 , 4.806773970296006e-03 , 3.784065505594240e-06
381.00000000 , 4.838776466156533e-03 , 3.798480203491478e-06
381.50000000 , 4.867439809233664e-03 , 3.810881904594719e-06
382.00000000 , 4.903849723736788e-03 , 3.826504853350098e-06
382.50000000 , 4.927774972883250e-03 , 3.836733872580746e-06
383.00000000 , 4.956581380225446e-03 , 3.848803012020011e-06
383.50000000 , 4.992706298779719e-03 , 3.864628347736326e-06
384.00000000 , 5.013063749775473e-03 , 3.871812003792467e-06
384.50000000 , 5.050061776290945e-03 , 3.889027177133722e-06
385.00000000 , 5.076663420858093e-03 , 3.901009925572372e-06
385.50000000 , 5.103859871595707e-03 , 3.911950173252303e-06
386.00000000 , 5.147820567972667e-03 , 3.930527073733801e-06
386.50000000 , 5.172936249042199e-03 , 3.941349419793985e-06
387.00000000 , 5.204875509920618e-03 , 3.954637519607443e-06
387.50000000 , 5.230090963456118e-03 , 3.963580080514840e-06
388.00000000 , 5.271626946227070e-03 , 3.982588123603672e-06
388.50000000 , 5.296663826577110e-03 , 3.992529866532399e-06
389.00000000 , 5.341219537915535e-03 , 4.011622071043659e-06
389.50000000 , 5.372612380572362e-03 , 4.024616220351788e-06
390.00000000 , 5.399046116204174e-03 , 4.034632834353954e-06
390.50000000 , 5.437562664178165e-03 , 4.051633426730464e-06
391.00000000 , 5.465322691802645e-03 , 4.062734130922434e-06
391.50000000 , 5.504928566437420e-03 , 4.078479208975648e-06
392.00000000 , 5.542648318020726e-03 , 4.094533579379957e-06
392.50000000 , 5.574575898742858e-03 , 4.107939041945340e-06
393.00000000 , 5.611703070735737e-03 , 4.121642245922810e-06
393.50000000 , 5.640506942184419e-03 , 4.134888130054389e-06
394.00000000 , 5.680294822514581e-03 , 4.151069881127329e-06
394.50000000 , 5.713091526082670e-03 , 4.163071581780673e-06
395.00000000 , 5.751499265036604e-03 , 4.178712694612733e-06
395.50000000 , 5.793912487805820e-03 , 4.196294447922243e-06
396.00000000 , 5.835106381546965e-03 , 4.212211063932401e-06
396.50000000 , 5.873293717257971e-03 , 4.227699007003007e-06
397.00000000 , 5.916255579470605e-03 , 4.245424377301387e-06
397.50000000 , 5.946879455357319e-03 , 4.256302431893844e-06
398.00000000 , 5.981142396352796e-03 , 4.270385833134596e-06
398.50000000 , 6.023066657088636e-03 , 4.286884986591826e-06
399.00000000 , 6.067968836603993e-03 , 4.305094672382029e-06
399.50000000 , 6.105636448092319e-03 , 4.319211114870627e-06
400.00000000 , 6.151849764673266e-03 , 4.336426752136087e-06
400.50000000 , 6.186708062373322e-03 , 4.349777904959503e-06
401.00000000 , 6.233155976939539e-03 , 4.368595726572881e-06
401.50000000 , 6.269785832920064e-03 , 4.383344662677808e-06
402.00000000 , 6.307736370299023e-03 , 4.397413642342964e-06
402.50000000 , 6.352930296465482e-03 , 4.414889366477105e-06
403.00000000 , 6.408851046711996e-03 , 4.435992378149395e-06
403.50000000 , 6.445183036744282e-03 , 4.449941005384976e-06
404.00000000 , 6.490136676036401e-03 , 4.466828953253905e-06
404.50000000 , 6.528940139069773e-03 , 4.480646193158845e-06
405.00000000 , 6.574438401636856e-03 , 4.498245236530058e-06
405.50000000 , 6.632304010635580e-03 , 4.521364759019817e-06
406.00000000 , 6.660074577330771e-03 , 4.530284003569356e-06
406.50000000 , 6.716138276465933e-03 , 4.550763401623943e-06
407.00000000 , 6.751548445098416e-03 , 4.564622271331377e-06
407.50000000 , 6.808880593578940e-03 , 4.585794745406223e-06
408.00000000 , 6.856778881360152e-03 , 4.603266063823560e-06
408.50000000 , 6.911520561652140e-03 , 4.624786097200700e-06
409.00000000 , 6.959875916199718e-03 , 4.641651023010307e-06
409.50000000 , 7.012166502354424e-03 , 4.661272514541711e-06
410.00000000 , 7.058457360043408e-03 , 4.678554950577857e-06
410.50000000 , 7.102731728865884e-03 , 4.692547767094077e-06
411.00000000 , 7.158767863912903e-03 , 4.712538563077828e-06
411.50000000 , 7.213324501369930e-03 , 4.732840559047082e-06
412.00000000 , 7.260893757033353e-03 , 4.749715706179014e-06
412.50000000 , 7.317007027469904e-03 , 4.770752994821595e-06
413.00000000 , 7.362008452098770e-03 , 4.786019905007729e-06
413.50000000 , 7.432288154758068e-03 , 4.811940137090110e-06
414.00000000 , 7.487069346583349e-03 , 4.830352221792419e-06
414.50000000 , 7.544196312018727e-03 , 4.850994411100203e-06
415.00000000 , 7.589512398405664e-03 , 4.865075495987109e-06
415.50000000 , 7.652058850583636e-03 , 4.889183434279073e-06
416.00000000 , 7.709745939587497e-03 , 4.909795634154351e-06
416.50000000 , 7.771947986287335e-03 , 4.930660936177286e-06
417.00000000 , 7.830196396051130e-03 , 4.950031394552768e-06
417.50000000 , 7.892000413988336e-03 , 4.973154718087331e-06
418.00000000 , 7.950066840565560e-03 , 4.991982614304907e-06
418.50000000 , 8.004379700250135e-03 , 5.011385805311299e-06
419.00000000 , 8.076932754741103e-03 , 5.035566058269091e-06
419.50000000 , 8.141752919637988e-03 , 5.058401239485510e-06
420.00000000 , 8.195646346439291e-03 , 5.075895269263807e-06
420.50000000 , 8.265116846378076e-03 , 5.099493702622694e-06
421.00000000 , 8.337530955154731e-03 , 5.123740612338148e-06
421.50000000 , 8.397948955253734e-03 , 5.143406704480490e-06
422.00000000 , 8.472649003108419e-03 , 5.167860131461981e-06
422.50000000 , 8.534278223401000e-03 , 5.188564097657689e-06
423.00000000 , 8.598552041897708e-03 , 5.209816026262734e-06
423.50000000 , 8.675208142417229e-03 , 5.234963630628197e-06
424.00000000 , 8.751272132276186e-03 , 5.260303028620428e-06
424.50000000 , 8.826796318490817e-03 , 5.285146391672301e-06
425.00000000 , 8.896483874714195e-03 , 5.307390265023882e-06
425.50000000 , 8.976964748734519e-03 , 5.334803684990733e-06
426.00000000 , 9.044526987221914e-03 , 5.356077363113999e-06
426.50000000 , 9.121362960195618e-03 , 5.379126104667322e-06
427.00000000 , 9.217161423111001e-03 , 5.410873097887278e-06
427.50000000 , 9.281078772241885e-03 , 5.431049370304238e-06
428.00000000 , 9.365481627356618e-03 , 5.458504524996839e-06
428.50000000 , 9.451262718601677e-03 , 5.486289358939174e-06
429.00000000 , 9.540750774882534e-03 , 5.514450850942073e-06
429.50000000 , 9.609965033870412e-03 , 5.533658156035516e-06
430.00000000 , 9.713068233440605e-03 , 5.566670748017615e-06
430.50000000 , 9.789103499581410e-03 , 5.590628390708569e-06
431.00000000 , 9.873063122962824e-03 , 5.618146466651779e-06
431.50000000 , 9.976994409477000e-03 , 5.649239521267765e-06
432.00000000 , 1.005785151994149e-02 , 5.672797285989545e-06
432.50000000 , 1.016197354116122e-02 , 5.704404872138278e-06
433.00000000 , 1.025954370484169e-02 , 5.736031496892996e-06
433.50000000 , 1.033959461209070e-02 , 5.759799822837759e-06
434.00000000 , 1.043496292269046e-02 , 5.787042421929260e-06
434.50000000 , 1.055608741170453e-02 , 5.824641874708854e-06
435.00000000 , 1.063739949458851e-02 , 5.846810650886236e-06
435.50000000 , 1.073077756439250e-02 , 5.875126409956361e-06
436.00000000 , 1.084985311226127e-02 , 5.911566753538683e-06
436.50000000 , 1.095292361921873e-02 , 5.941958914341540e-06
437.00000000 , 1.107937738806639e-02 , 5.978320195323576e-06
437.50000000 , 1.117069459140429e-02 , 6.004517029550794e-06
438.00000000 , 1.129092577172069e-02 , 6.039506908213809e-06
438.50000000 , 1.141389534387553e-02 , 6.074589645483353e-06
439.00000000 , 1.152434684296543e-02 , 6.107056818015420e-06
439.50000000 , 1.164229242790830e-02 , 6.141138641861241e-06
440.00000000 , 1.176199422779546e-02 , 6.174099099299127e-06
440.50000000 , 1.188676602084183e-02 , 6.210732747696188e-06
441.00000000 , 1.201962315306540e-02 , 6.247440534859984e-06
441.50000000 , 1.212254256330927e-02 , 6.275947009377684e-06
442.00000000 , 1.226767594759067e-02 , 6.315239278420546e-06
442.50000000 , 1.240115882346395e-02 , 6.353270657883747e-06
443.00000000 , 1.254152885845425e-02 , 6.392277790350598e-06
443.50000000 , 1.267314724225966e-02 , 6.428728418320714e-06
444.00000000 , 1.281699891280781e-02 , 6.466531959012651e-06
444.50000000 , 1.296053236662746e-02 , 6.505103155093835e-06
445.00000000 , 1.312030323431671e-02 , 6.548417820911189e-06
445.50000000 , 1.325717385435106e-02 , 6.584818635583991e-06
446.00000000 , 1.341395351839644e-02 , 6.624477990824273e-06
446.50000000 , 1.358625987194015e-02 , 6.672485869222098e-06
447.00000000 , 1.372959810715847e-02 , 6.710001274991732e-06
447.50000000 , 1.388657579309585e-02 , 6.750307277523847e-06
448.00000000 , 1.407506079930406e-02 , 6.799569706021443e-06
448.50000000 , 1.423418458244565e-02 , 6.839851466253711e-06
449.00000000 , 1.441407175106152e-02 , 6.886713728903735e-06
449.50000000 , 1.459823203910384e-02 , 6.934021516648220e-06
450.00000000 , 1.477707578270912e-02 , 6.979582052958911e-06
450.50000000 , 1.497239313369083e-02 , 7.028710951625101e-06
451.00000000 , 1.515302356676014e-02 , 7.073583357984938e-06
451.50000000 , 1.534319007838321e-02 , 7.118813634223333e-06
452.00000000 , 1.553112037963239e-02 , 7.163804127280200e-06
452.50000000 , 1.572586152196835e-02 , 7.209989469403835e-06
453.00000000 , 1.590192368679383e-02 , 7.252515429802002e-06
453.50000000 , 1.608528982719322e-02 , 7.294616639399040e-06
454.00000000 , 1.617930404591393e-02 , 7.312678477351285e-06
454.50000000 , 1.620346569505195e-02 , 7.311773438511787e-06
455.00000000 , 1.624349584615493e-02 , 7.317990065192171e-06
455.50000000 , 1.623991719743154e-02 , 7.312390739095680e-06
456.00000000 , 1.624711918655628e-02 , 7.309819331004693e-06
456.50000000 , 1.620766006762190e-02 , 7.297624728827697e-06
457.00000000 , 1.617694338009440e-02 , 7.288616769423942e-06
457.50000000 , 1.612276842117986e-02 , 7.273836363670348e-06
458.00000000 , 1.609240862021901e-02 , 7.264800500599787e-06
458.50000000 , 1.600809970435139e-02 , 7.244095854832238e-06
459.00000000 , 1.591864517726075e-02 , 7.220952614197698e-06
459.50000000 , 1.581150175992782e-02 , 7.196802157215825e-06
460.00000000 , 1.570148112251439e-02 , 7.173048258814944e-06
460.50000000 , 1.560408201750495e-02 , 7.150962936381942e-06
461.00000000 , 1.545370028142227e-02 , 7.117040881295268e-06
461.50000000 , 1.532745646231889e-02 , 7.090129851440092e-06
462.00000000 , 1.515530145888262e-02 , 7.052517272033372e-06
462.50000000 , 1.498529582077548e-02 , 7.016596789986610e-06
463.00000000 , 1.480509460407438e-02 , 6.978190470936812e-06
463.50000000 , 1.460621275091137e-02 , 6.933928327922747e-06
464.00000000 , 1.440442348804260e-02 , 6.890950565319618e-06
464.50000000 , 1.417646543219029e-02 , 6.842656508590070e-06
465.00000000 , 1.392353795865446e-02 , 6.786595608192654e-06
465.50000000 , 1.367772736884804e-02 , 6.734619793189606e-06
466.00000000 , 1.337938144404069e-02 , 6.666557818588949e-06
466.50000000 , 1.309677965586852e-02 , 6.603857083158767e-06
467.00000000 , 1.278048685306979e-02 , 6.533421025104687e-06
467.50000000 , 1.245390868489161e-02 , 6.460753347529521e-06
468.00000000 , 1.213504559935019e-02 , 6.387268739268916e-06
468.50000000 , 1.179433193259172e-02 , 6.307194553823399e-06
469.00000000 , 1.145294265449942e-02 , 6.228036409252183e-06
469.50000000 , 1.110905982654843e-02 , 6.145481122156269e-06
470.00000000 , 1.074171143366433e-02 , 6.053631242721127e-06
470.50000000 , 1.037746881735635e-02 , 5.965965403419754e-06
471.00000000 , 9.998079690819544e-03 , 5.868530102767311e-06
471.50000000 , 9.603101278430044e-03 , 5.765614983813253e-06
472.00000000 , 9.201332754332528e-03 , 5.660311888550016e-06
472.50000000 , 8.797531557202910e-03 , 5.550814779616897e-06
473.00000000 , 8.368374528957234e-03 , 5.427720714642254e-06
473.50000000 , 7.931350286205079e-03 , 5.303921658581067e-06
474.00000000 , 7.487900427516033e-03 , 5.169534344044099e-06
474.50000000 , 7.029472167979881e-03 , 5.027530161268034e-06
475.00000000 , 6.552374593885206e-03 , 4.871919961748405e-06
475.50000000 , 6.068102852586253e-03 , 4.708342593449471e-06
476.00000000 , 5.571036419017802e-03 , 4.532906574709813e-06
476.50000000 , 5.055662499781625e-03 , 4.337069898023903e-06
477.00000000 , 4.547457855910122e-03 , 4.135422598149001e-06
477.50000000 , 4.005905773657182e-03 , 3.902580500258745e-06
478.00000000 , 3.459009435619277e-03 , 3.646713166250242e-06
478.50000000 , 2.903392698861419e-03 , 3.365097415136097e-06
479.00000000 , 2.354903474172048e-03 , 3.057856449132746e-06
479.50000000 , 1.783846530570488e-03 , 2.685744311610531e-06
480.00000000 , 1.227842151454564e-03 , 2.253862646939718e-06
480.50000000 , 7.076109553976024e-04 , 1.745943852264665e-06
481.00000000 , 3.660888085105786e-04 , 1.287261074057766e-06
481.50000000 , 2.296185431148471e-04 , 1.035075596132265e-06
482.00000000 , 1.467133369010543e-04 , 8.462628948253968e-07
482.50000000 , 8.908203529893351e-05 , 6.740782167350504e-07
483.00000000 , 4.905042833270728e-05 , 5.092835411755207e-07
483.50000000 , 2.402963571484378e-05 , 3.666329438990773e-07
484.00000000 , 8.579092453451972e-06 , 2.239676625702061e-07
484.50000000 , 1.294029619919581e-06 , 8.615126793773589e-08
485.00000000 , 9.932557480485337e-08 , 5.479982071023677e-08
485.50000000 , 0.000000000000000e+00 , 0.000000000000000e+00
486.00000000 , 0.000000000000000e+00 , 0.000000000000000e+00
486.50000000 , 0.000000000000000e+00 , 0.000000000000000e+00
487.00000000 , 0.000000000000000e+00 , 0.000000000000000e+00
487.50000000 , 0.000000000000000e+00 , 0.000000000000000e+00
488.00000000 , 0.000000000000000e+00 , 0.000000000000000e+00
488.50000000 , 0.000000000000000e+00 , 0.000000000000000e+00
489.00000000 , 0.000000000000000e+00 , 0.000000000000000e+00
489.50000000 , 0.000000000000000e+00 , 0.000000000000000e+00
490.00000000 , 0.000000000000000e+00 , 0.000000000000000e+00
490.50000000 , 0.000000000000000e+00 , 0.000000000000000e+00
491.00000000 , 0.000000000000000e+00 , 0.000000000000000e+00
491.50000000 , 0.000000000000000e+00 , 0.000000000000000e+00
492.00000000 , 0.000000000000000e+00 , 0.000000000000000e+00
492.50000000 , 0.000000000000000e+00 , 0.000000000000000e+00
493.00000000 , 0.000000000000000e+00 , 0.000000000000000e+00
493.50000000 , 0.000000000000000e+00 , 0.000000000000000e+00
494.00000000 , 0.000000000000000e+00 , 0.000000000000000e+00
494.50000000 , 0.000000000000000e+00 , 0.000000000000000e+00
495.00000000 , 0.000000000000000e+00 , 0.000000000000000e+00
495.50000000 , 0.000000000000000e+00 , 0.000000000000000e+00
496.00000000 , 0.000000000000000e+00 , 0.000000000000000e+00
496.50000000 , 0.000000000000000e+00 , 0.000000000000000e+00
497.00000000 , 0.000000000000000e+00 , 0.000000000000000e+00
497.50000000 , 0.000000000000000e+00 , 0.000000000000000e+00
498.00000000 , 0.000000000000000e+00 , 0.000000000000000e+00
498.50000000 , 0.000000000000000e+00 , 0.000000000000000e+00
499.00000000 , 0.000000000000000e+00 , 0.000000000000000e+00
499.50000000 , 0.000000000000000e+00 , 0.000000000000000e+00
500.00000000 , 0.000000000000000e+00 , 0.000000000000000e+00
500.50000000 , 0.000000000000000e+00 , 0.000000000000000e+00
501.00000000 , 0.000000000000000e+00 , 0.000000000000000e+00
501.50000000 , 0.000000000000000e+00 , 0.000000000000000e+00
502.00000000 , 0.000000000000000e+00 , 0.000000000000000e+00
502.50000000 , 0.000000000000000e+00 , 0.000000000000000e+00
503.00000000 , 0.000000000000000e+00 , 0.000000000000000e+00
503.50000000 , 0.000000000000000e+00 , 0.000000000000000e+00
504.00000000 , 0.000000000000000e+00 , 0.000000000000000e+00
504.50000000 , 0.000000000000000e+00 , 0.000000000000000e+00
505.00000000 , 0.000000000000000e+00 , 0.000000000000000e+00
505.50000000 , 0.000000000000000e+00 , 0.000000000000000e+00
506.00000000 , 0.000000000000000e+00 , 0.000000000000000e+00
506.50000000 , 0.000000000000000e+00 , 0.000000000000000e+00
507.00000000 , 0.000000000000000e+00 , 0.000000000000000e+00
507.50000000 , 0.000000000000000e+00 , 0.000000000000000e+00
508.00000000 , 0.000000000000000e+00 , 0.000000000000000e+00
508.50000000 , 0.000000000000000e+00 , 0.000000000000000e+00
509.00000000 , 0.000000000000000e+00 , 0.000000000000000e+00
509.50000000 , 0.000000000000000e+00 , 0.000000000000000e+00
510.00000000 , 0.000000000000000e+00 , 0.000000000000000e+00
510.50000000 , 0.000000000000000e+00 , 0.000000000000000e+00
511.00000000 , 0.000000000000000e+00 , 0.000000000000000e+00
511.50000000 , 0.000000000000000e+00 , 0.000000000000000e+00
512.00000000 , 0.000000000000000e+00 , 0.000000000000000e+00
512.50000000 , 0.000000000000000e+00 , 0.000000000000000e+00
513.00000000 , 0.000000000000000e+00 , 0.000000000000000e+00
513.50000000 , 0.000000000000000e+00 , 0.000000000000000e+00
514.00000000 , 0.000000000000000e+00 , 0.000000000000000e+00
514.50000000 , 0.000000000000000e+00 , 0.000000000000000e+00
