x_l , NLO , dNLO
0.00000000 , 0.000000000000000e+00 , 0.000000000000000e+00
0.83333333 , 0.000000000000000e+00 , 0.000000000000000e+00
1.66666667 , 0.000000000000000e+00 , 0.000000000000000e+00
2.50000000 , 0.000000000000000e+00 , 0.000000000000000e+00
3.33333333 , 0.000000000000000e+00 , 0.000000000000000e+00
4.16666667 , 0.000000000000000e+00 , 0.000000000000000e+00
5.00000000 , 0.000000000000000e+00 , 0.000000000000000e+00
5.83333333 , 0.000000000000000e+00 , 0.000000000000000e+00
6.66666667 , 0.000000000000000e+00 , 0.000000000000000e+00
7.50000000 , 0.000000000000000e+00 , 0.000000000000000e+00
8.33333333 , 0.000000000000000e+00 , 0.000000000000000e+00
9.16666667 , 0.000000000000000e+00 , 0.000000000000000e+00
10.00000000 , 0.000000000000000e+00 , 0.000000000000000e+00
10.83333333 , 0.000000000000000e+00 , 0.000000000000000e+00
11.66666667 , 0.000000000000000e+00 , 0.000000000000000e+00
12.50000000 , 0.000000000000000e+00 , 0.000000000000000e+00
13.33333333 , 0.000000000000000e+00 , 0.000000000000000e+00
14.16666667 , 0.000000000000000e+00 , 0.000000000000000e+00
15.00000000 , 0.000000000000000e+00 , 0.000000000000000e+00
15.83333333 , 0.000000000000000e+00 , 0.000000000000000e+00
16.66666667 , 0.000000000000000e+00 , 0.000000000000000e+00
17.50000000 , 0.000000000000000e+00 , 0.000000000000000e+00
18.33333333 , 0.000000000000000e+00 , 0.000000000000000e+00
19.16666667 , 0.000000000000000e+00 , 0.000000000000000e+00
20.00000000 , 0.000000000000000e+00 , 0.000000000000000e+00
20.83333333 , 0.000000000000000e+00 , 0.000000000000000e+00
21.66666667 , 0.000000000000000e+00 , 0.000000000000000e+00
22.50000000 , 0.000000000000000e+00 , 0.000000000000000e+00
23.33333333 , 0.000000000000000e+00 , 0.000000000000000e+00
24.16666667 , 0.000000000000000e+00 , 0.000000000000000e+00
25.00000000 , 0.000000000000000e+00 , 0.000000000000000e+00
25.83333333 , 0.000000000000000e+00 , 0.000000000000000e+00
26.66666667 , 0.000000000000000e+00 , 0.000000000000000e+00
27.50000000 , 0.000000000000000e+00 , 0.000000000000000e+00
28.33333333 , 0.000000000000000e+00 , 0.000000000000000e+00
29.16666667 , 0.000000000000000e+00 , 0.000000000000000e+00
30.00000000 , 0.000000000000000e+00 , 0.000000000000000e+00
30.83333333 , 0.000000000000000e+00 , 0.000000000000000e+00
31.66666667 , 0.000000000000000e+00 , 0.000000000000000e+00
32.50000000 , 0.000000000000000e+00 , 0.000000000000000e+00
33.33333333 , 0.000000000000000e+00 , 0.000000000000000e+00
34.16666667 , 0.000000000000000e+00 , 0.000000000000000e+00
35.00000000 , 0.000000000000000e+00 , 0.000000000000000e+00
35.83333333 , 0.000000000000000e+00 , 0.000000000000000e+00
36.66666667 , 0.000000000000000e+00 , 0.000000000000000e+00
37.50000000 , 0.000000000000000e+00 , 0.000000000000000e+00
38.33333333 , 0.000000000000000e+00 , 0.000000000000000e+00
39.16666667 , 0.000000000000000e+00 , 0.000000000000000e+00
40.00000000 , 0.000000000000000e+00 , 0.000000000000000e+00
40.83333333 , 0.000000000000000e+00 , 0.000000000000000e+00
41.66666667 , 0.000000000000000e+00 , 0.000000000000000e+00
42.50000000 , 0.000000000000000e+00 , 0.000000000000000e+00
43.33333333 , 0.000000000000000e+00 , 0.000000000000000e+00
44.16666667 , 0.000000000000000e+00 , 0.000000000000000e+00
45.00000000 , 0.000000000000000e+00 , 0.000000000000000e+00
45.83333333 , 0.000000000000000e+00 , 0.000000000000000e+00
46.66666667 , 0.000000000000000e+00 , 0.000000000000000e+00
47.50000000 , 0.000000000000000e+00 , 0.000000000000000e+00
48.33333333 , 0.000000000000000e+00 , 0.000000000000000e+00
49.16666667 , 0.000000000000000e+00 , 0.000000000000000e+00
50.00000000 , 0.000000000000000e+00 , 0.000000000000000e+00
50.83333333 , 0.000000000000000e+00 , 0.000000000000000e+00
51.66666667 , 0.000000000000000e+00 , 0.000000000000000e+00
52.50000000 , 0.000000000000000e+00 , 0.000000000000000e+00
53.33333333 , 0.000000000000000e+00 , 0.000000000000000e+00
54.16666667 , 0.000000000000000e+00 , 0.000000000000000e+00
55.00000000 , 0.000000000000000e+00 , 0.000000000000000e+00
55.83333333 , 0.000000000000000e+00 , 0.000000000000000e+00
56.66666667 , 0.000000000000000e+00 , 0.000000000000000e+00
57.50000000 , 0.000000000000000e+00 , 0.000000000000000e+00
58.33333333 , 0.000000000000000e+00 , 0.000000000000000e+00
59.16666667 , 0.000000000000000e+00 , 0.000000000000000e+00
60.00000000 , 0.000000000000000e+00 , 0.000000000000000e+00
60.83333333 , 0.000000000000000e+00 , 0.000000000000000e+00
61.66666667 , 0.000000000000000e+00 , 0.000000000000000e+00
62.50000000 , 0.000000000000000e+00 , 0.000000000000000e+00
63.33333333 , 0.000000000000000e+00 , 0.000000000000000e+00
64.16666667 , 0.000000000000000e+00 , 0.000000000000000e+00
65.00000000 , 0.000000000000000e+00 , 0.000000000000000e+00
65.83333333 , 0.000000000000000e+00 , 0.000000000000000e+00
66.66666667 , 0.000000000000000e+00 , 0.000000000000000e+00
67.50000000 , 0.000000000000000e+00 , 0.000000000000000e+00
68.33333333 , 0.000000000000000e+00 , 0.000000000000000e+00
69.16666667 , 0.000000000000000e+00 , 0.000000000000000e+00
70.00000000 , 0.000000000000000e+00 , 0.000000000000000e+00
70.83333333 , 0.000000000000000e+00 , 0.000000000000000e+00
71.66666667 , 0.000000000000000e+00 , 0.000000000000000e+00
72.50000000 , 0.000000000000000e+00 , 0.000000000000000e+00
73.33333333 , 0.000000000000000e+00 , 0.000000000000000e+00
74.16666667 , 0.000000000000000e+00 , 0.000000000000000e+00
75.00000000 , 0.000000000000000e+00 , 0.000000000000000e+00
75.83333333 , 0.000000000000000e+00 , 0.000000000000000e+00
76.66666667 , 0.000000000000000e+00 , 0.000000000000000e+00
77.50000000 , 0.000000000000000e+00 , 0.000000000000000e+00
78.33333333 , 0.000000000000000e+00 , 0.000000000000000e+00
79.16666667 , 0.000000000000000e+00 , 0.000000000000000e+00
80.00000000 , 0.000000000000000e+00 , 0.000000000000000e+00
80.83333333 , 0.000000000000000e+00 , 0.000000000000000e+00
81.66666667 , 0.000000000000000e+00 , 0.000000000000000e+00
82.50000000 , 0.000000000000000e+00 , 0.000000000000000e+00
83.33333333 , 0.000000000000000e+00 , 0.000000000000000e+00
84.16666667 , 0.000000000000000e+00 , 0.000000000000000e+00
85.00000000 , 0.000000000000000e+00 , 0.000000000000000e+00
85.83333333 , 0.000000000000000e+00 , 0.000000000000000e+00
86.66666667 , 0.000000000000000e+00 , 0.000000000000000e+00
87.50000000 , 0.000000000000000e+00 , 0.000000000000000e+00
88.33333333 , 0.000000000000000e+00 , 0.000000000000000e+00
89.16666667 , 0.000000000000000e+00 , 0.000000000000000e+00
90.00000000 , 0.000000000000000e+00 , 0.000000000000000e+00
90.83333333 , 0.000000000000000e+00 , 0.000000000000000e+00
91.66666667 , 0.000000000000000e+00 , 0.000000000000000e+00
92.50000000 , 0.000000000000000e+00 , 0.000000000000000e+00
93.33333333 , 0.000000000000000e+00 , 0.000000000000000e+00
94.16666667 , 0.000000000000000e+00 , 0.000000000000000e+00
95.00000000 , 0.000000000000000e+00 , 0.000000000000000e+00
95.83333333 , 0.000000000000000e+00 , 0.000000000000000e+00
96.66666667 , 0.000000000000000e+00 , 0.000000000000000e+00
97.50000000 , 0.000000000000000e+00 , 0.000000000000000e+00
98.33333333 , 0.000000000000000e+00 , 0.000000000000000e+00
99.16666667 , 0.000000000000000e+00 , 0.000000000000000e+00
100.00000000 , 0.000000000000000e+00 , 0.000000000000000e+00
100.83333333 , 0.000000000000000e+00 , 0.000000000000000e+00
101.66666667 , 0.000000000000000e+00 , 0.000000000000000e+00
102.50000000 , 0.000000000000000e+00 , 0.000000000000000e+00
103.33333333 , 0.000000000000000e+00 , 0.000000000000000e+00
104.16666667 , 0.000000000000000e+00 , 0.000000000000000e+00
105.00000000 , 0.000000000000000e+00 , 0.000000000000000e+00
105.83333333 , 0.000000000000000e+00 , 0.000000000000000e+00
106.66666667 , 0.000000000000000e+00 , 0.000000000000000e+00
107.50000000 , 0.000000000000000e+00 , 0.000000000000000e+00
108.33333333 , 0.000000000000000e+00 , 0.000000000000000e+00
109.16666667 , 0.000000000000000e+00 , 0.000000000000000e+00
110.00000000 , 0.000000000000000e+00 , 0.000000000000000e+00
110.83333333 , 0.000000000000000e+00 , 0.000000000000000e+00
111.66666667 , 0.000000000000000e+00 , 0.000000000000000e+00
112.50000000 , 0.000000000000000e+00 , 0.000000000000000e+00
113.33333333 , 0.000000000000000e+00 , 0.000000000000000e+00
114.16666667 , 0.000000000000000e+00 , 0.000000000000000e+00
115.00000000 , 0.000000000000000e+00 , 0.000000000000000e+00
115.83333333 , 0.000000000000000e+00 , 0.000000000000000e+00
116.66666667 , 0.000000000000000e+00 , 0.000000000000000e+00
117.50000000 , 0.000000000000000e+00 , 0.000000000000000e+00
118.33333333 , 0.000000000000000e+00 , 0.000000000000000e+00
119.16666667 , 0.000000000000000e+00 , 0.000000000000000e+00
120.00000000 , 0.000000000000000e+00 , 0.000000000000000e+00
120.83333333 , 0.000000000000000e+00 , 0.000000000000000e+00
121.66666667 , 0.000000000000000e+00 , 0.000000000000000e+00
122.50000000 , 0.000000000000000e+00 , 0.000000000000000e+00
123.33333333 , 0.000000000000000e+00 , 0.000000000000000e+00
124.16666667 , 0.000000000000000e+00 , 0.000000000000000e+00
125.00000000 , 0.000000000000000e+00 , 0.000000000000000e+00
125.83333333 , 0.000000000000000e+00 , 0.000000000000000e+00
126.66666667 , 0.000000000000000e+00 , 0.000000000000000e+00
127.50000000 , 0.000000000000000e+00 , 0.000000000000000e+00
128.33333333 , 0.000000000000000e+00 , 0.000000000000000e+00
129.16666667 , 0.000000000000000e+00 , 0.000000000000000e+00
130.00000000 , 0.000000000000000e+00 , 0.000000000000000e+00
130.83333333 , 0.000000000000000e+00 , 0.000000000000000e+00
131.66666667 , 0.000000000000000e+00 , 0.000000000000000e+00
132.50000000 , 0.000000000000000e+00 , 0.000000000000000e+00
133.33333333 , 0.000000000000000e+00 , 0.000000000000000e+00
134.16666667 , 0.000000000000000e+00 , 0.000000000000000e+00
135.00000000 , 0.000000000000000e+00 , 0.000000000000000e+00
135.83333333 , 0.000000000000000e+00 , 0.000000000000000e+00
136.66666667 , 0.000000000000000e+00 , 0.000000000000000e+00
137.50000000 , 0.000000000000000e+00 , 0.000000000000000e+00
138.33333333 , 0.000000000000000e+00 , 0.000000000000000e+00
139.16666667 , 2.080018807618119e-01 , 1.947043638920946e-05
140.00000000 , 2.235190918097414e-02 , 6.034183996857568e-06
140.83333333 , 1.009332759942151e-02 , 4.045636602069342e-06
141.66666667 , 6.513427043407312e-03 , 3.244680187169767e-06
142.50000000 , 4.803460711622279e-03 , 2.782602012736072e-06
143.33333333 , 3.791219388304059e-03 , 2.468922211862134e-06
144.16666667 , 3.126065809471151e-03 , 2.239813127502712e-06
145.00000000 , 2.657099993124401e-03 , 2.061074997218070e-06
145.83333333 , 2.315981401828957e-03 , 1.922919091869634e-06
146.66666667 , 2.043302429428350e-03 , 1.804481095864680e-06
147.50000000 , 1.831688829423182e-03 , 1.707321684454798e-06
148.33333333 , 1.657171295744618e-03 , 1.622582361009254e-06
149.16666667 , 1.513446120271100e-03 , 1.549127412105379e-06
150.00000000 , 1.392728735340103e-03 , 1.485032844773032e-06
150.83333333 , 1.289289925364838e-03 , 1.427798683767197e-06
151.66666667 , 1.196891496348330e-03 , 1.374092674251278e-06
152.50000000 , 1.121884329024354e-03 , 1.331268867785254e-06
153.33333333 , 1.052010490096430e-03 , 1.287187574072560e-06
154.16666667 , 9.912874319550628e-04 , 1.249312092269669e-06
155.00000000 , 9.403777146604200e-04 , 1.217218314510941e-06
155.83333333 , 8.912235987859145e-04 , 1.184774802558392e-06
156.66666667 , 8.441580127157151e-04 , 1.152509274607981e-06
157.50000000 , 8.067046316621151e-04 , 1.127005750318638e-06
158.33333333 , 7.713501089689547e-04 , 1.101962670872918e-06
159.16666667 , 7.383335432064890e-04 , 1.077780183582885e-06
160.00000000 , 7.041488422906708e-04 , 1.051759012635434e-06
160.83333333 , 6.797129705572747e-04 , 1.034727755688927e-06
161.66666667 , 6.538874795879041e-04 , 1.014522170423275e-06
162.50000000 , 6.295173668291662e-04 , 9.957235655277882e-07
163.33333333 , 6.059443262608236e-04 , 9.775701252581103e-07
164.16666667 , 5.863593354061735e-04 , 9.620050970408177e-07
165.00000000 , 5.667793419102131e-04 , 9.463493450964920e-07
165.83333333 , 5.458346987808434e-04 , 9.282135300972042e-07
166.66666667 , 5.295904751606136e-04 , 9.151414862703702e-07
167.50000000 , 5.137906164821162e-04 , 9.014288499939166e-07
168.33333333 , 5.000280212472536e-04 , 8.910173919317714e-07
169.16666667 , 4.846100924550108e-04 , 8.771838599810928e-07
170.00000000 , 4.707075895897094e-04 , 8.660365414248713e-07
170.83333333 , 4.562965680652169e-04 , 8.527670741377366e-07
171.66666667 , 4.440917333911679e-04 , 8.419446430568164e-07
172.50000000 , 4.336184168953069e-04 , 8.336363423431242e-07
173.33333333 , 4.217618895184102e-04 , 8.214310969118940e-07
174.16666667 , 4.127097469808725e-04 , 8.147961683836261e-07
175.00000000 , 4.010235232815196e-04 , 8.039281885468962e-07
175.83333333 , 3.927525669117735e-04 , 7.959784169695220e-07
176.66666667 , 3.825988502769040e-04 , 7.855720521864644e-07
177.50000000 , 3.728367854804664e-04 , 7.771077181261763e-07
178.33333333 , 3.652694949529110e-04 , 7.706798421809916e-07
179.16666667 , 3.584227020505947e-04 , 7.650154463090446e-07
180.00000000 , 3.491578225679216e-04 , 7.548162612364838e-07
180.83333333 , 3.410669667601771e-04 , 7.467191858005971e-07
181.66666667 , 3.351124246498815e-04 , 7.425593634142779e-07
182.50000000 , 3.268635829812577e-04 , 7.334873440760964e-07
183.33333333 , 3.208113872121394e-04 , 7.272398583522529e-07
184.16666667 , 3.132009542590243e-04 , 7.199474835075326e-07
185.00000000 , 3.082861014671163e-04 , 7.144364580164248e-07
185.83333333 , 3.020078381654785e-04 , 7.086980899660193e-07
186.66666667 , 2.961675286221180e-04 , 7.026573239717880e-07
187.50000000 , 2.902570467989348e-04 , 6.969899087027194e-07
188.33333333 , 2.841493914773017e-04 , 6.902286455962934e-07
189.16666667 , 2.806801294123329e-04 , 6.879709782536821e-07
190.00000000 , 2.744530876322621e-04 , 6.804629830715727e-07
190.83333333 , 2.702618016099394e-04 , 6.761314635125347e-07
191.66666667 , 2.662898925846929e-04 , 6.720595280586065e-07
192.50000000 , 2.612929941672478e-04 , 6.687340452703787e-07
193.33333333 , 2.562379239774483e-04 , 6.621420866556187e-07
194.16666667 , 2.521665292332610e-04 , 6.570067034190305e-07
195.00000000 , 2.486908189830834e-04 , 6.542450989847297e-07
195.83333333 , 2.444767957018385e-04 , 6.491040648544687e-07
196.66666667 , 2.405685483458484e-04 , 6.460941817183319e-07
197.50000000 , 2.359463355585666e-04 , 6.401068204161274e-07
198.33333333 , 2.322071849450706e-04 , 6.349567196297451e-07
199.16666667 , 2.306608552372446e-04 , 6.353104976629437e-07
200.00000000 , 2.251723262777536e-04 , 6.266106620290305e-07
200.83333333 , 2.227996633672285e-04 , 6.259589981250232e-07
201.66666667 , 2.200417314457737e-04 , 6.223727885232187e-07
202.50000000 , 2.162615488773084e-04 , 6.187964352760877e-07
203.33333333 , 2.130175598000739e-04 , 6.141315387165663e-07
204.16666667 , 2.087529526802911e-04 , 6.083996147425159e-07
205.00000000 , 2.071735189545649e-04 , 6.077558261445614e-07
205.83333333 , 2.061339747334306e-04 , 6.075782119616008e-07
206.66666667 , 2.015722472697667e-04 , 6.010999400924074e-07
207.50000000 , 1.982698761136681e-04 , 5.963851811815814e-07
208.33333333 , 1.964714146420249e-04 , 5.943946358071291e-07
209.16666667 , 1.937800073153869e-04 , 5.913815249478517e-07
210.00000000 , 1.915575456910729e-04 , 5.882618338067256e-07
210.83333333 , 1.884951415226815e-04 , 5.842120042990572e-07
211.66666667 , 1.859353581305704e-04 , 5.813040805342171e-07
212.50000000 , 1.845602798430312e-04 , 5.789381523776532e-07
213.33333333 , 1.817859315760651e-04 , 5.756793124616603e-07
214.16666667 , 1.795444014692281e-04 , 5.733489657149098e-07
215.00000000 , 1.765455174678010e-04 , 5.686133433309981e-07
215.83333333 , 1.746024177657615e-04 , 5.658671567725637e-07
216.66666667 , 1.732348649135550e-04 , 5.651023258824853e-07
217.50000000 , 1.706598040867342e-04 , 5.614861415865783e-07
218.33333333 , 1.696458381917426e-04 , 5.610761409213079e-07
219.16666667 , 1.671654029567967e-04 , 5.569320898485943e-07
220.00000000 , 1.641527731087923e-04 , 5.509590668307088e-07
220.83333333 , 1.631565134390735e-04 , 5.502978029652448e-07
221.66666667 , 1.620544628170385e-04 , 5.492987868493225e-07
222.50000000 , 1.603832641670345e-04 , 5.471785509436133e-07
223.33333333 , 1.579607473801389e-04 , 5.420192608785303e-07
224.16666667 , 1.565874690922304e-04 , 5.418054281978022e-07
225.00000000 , 1.557830536303892e-04 , 5.406488149057601e-07
225.83333333 , 1.528187874627906e-04 , 5.356584396587236e-07
226.66666667 , 1.507917199268236e-04 , 5.323282013678244e-07
227.50000000 , 1.509707616071092e-04 , 5.336334057743603e-07
228.33333333 , 1.483413953956495e-04 , 5.295180724655989e-07
229.16666667 , 1.466670466775998e-04 , 5.263279763859791e-07
230.00000000 , 1.458447905442021e-04 , 5.252726212892258e-07
230.83333333 , 1.444853153480697e-04 , 5.229593235834971e-07
231.66666667 , 1.426111951397768e-04 , 5.194680873098990e-07
232.50000000 , 1.410868559844806e-04 , 5.177307378186360e-07
233.33333333 , 1.413660591101388e-04 , 5.191974469885139e-07
234.16666667 , 1.392716229835244e-04 , 5.146779535705537e-07
235.00000000 , 1.376774550268749e-04 , 5.115381667450857e-07
235.83333333 , 1.366238386163171e-04 , 5.094986997835491e-07
236.66666667 , 1.348107656783525e-04 , 5.059921612702868e-07
237.50000000 , 1.351402182188047e-04 , 5.081614708675803e-07
238.33333333 , 1.327720149082234e-04 , 5.026707391784022e-07
239.16666667 , 1.326153944859415e-04 , 5.037082486514758e-07
240.00000000 , 1.306271447567333e-04 , 4.992349754174300e-07
240.83333333 , 1.295140878830506e-04 , 4.980307576066053e-07
241.66666667 , 1.280510310217897e-04 , 4.947553134096375e-07
242.50000000 , 1.270310939209949e-04 , 4.932532507576036e-07
243.33333333 , 1.260648124155490e-04 , 4.920945761005722e-07
244.16666667 , 1.251826034400619e-04 , 4.903074534747395e-07
245.00000000 , 1.238738837641666e-04 , 4.866755995900656e-07
245.83333333 , 1.226241359998589e-04 , 4.856802789674559e-07
246.66666667 , 1.215142513089503e-04 , 4.833452162965525e-07
247.50000000 , 1.211049138922794e-04 , 4.818173492588439e-07
248.33333333 , 1.196481836964384e-04 , 4.792033530057339e-07
249.16666667 , 1.191446625344624e-04 , 4.787920238639288e-07
250.00000000 , 1.187933145985446e-04 , 4.783395499132806e-07
250.83333333 , 1.172514070911677e-04 , 4.740919626456317e-07
251.66666667 , 1.168258975150768e-04 , 4.739797315248063e-07
252.50000000 , 1.157791582066608e-04 , 4.724729253249386e-07
253.33333333 , 1.145100078868920e-04 , 4.704843514876586e-07
254.16666667 , 1.135092777756396e-04 , 4.671119609368373e-07
255.00000000 , 1.127890161048270e-04 , 4.664508480890973e-07
255.83333333 , 1.119102931967151e-04 , 4.636453374274383e-07
256.66666667 , 1.107400480475480e-04 , 4.606387519428733e-07
257.50000000 , 1.114297300213266e-04 , 4.632619411700058e-07
258.33333333 , 1.106059213194150e-04 , 4.617182539384811e-07
259.16666667 , 1.096944212421216e-04 , 4.595590066390961e-07
260.00000000 , 1.081870199367472e-04 , 4.564703166978238e-07
260.83333333 , 1.073913295114137e-04 , 4.538310302800570e-07
261.66666667 , 1.067923349382722e-04 , 4.535366080585741e-07
262.50000000 , 1.063225436623421e-04 , 4.523824264640860e-07
263.33333333 , 1.044440892757881e-04 , 4.486814427678141e-07
264.16666667 , 1.043035959217985e-04 , 4.480478139316161e-07
265.00000000 , 1.032670809337093e-04 , 4.452443268393387e-07
265.83333333 , 1.037809351571875e-04 , 4.476745042944921e-07
266.66666667 , 1.028267089477171e-04 , 4.445979602050616e-07
267.50000000 , 1.019123226427762e-04 , 4.430386361062557e-07
268.33333333 , 1.008377690619147e-04 , 4.398071750948339e-07
269.16666667 , 1.006173711719769e-04 , 4.396004555698974e-07
270.00000000 , 9.955849871074940e-05 , 4.378809468524606e-07
270.83333333 , 9.897701428624950e-05 , 4.358179986184065e-07
271.66666667 , 9.810428658131151e-05 , 4.337673393013484e-07
272.50000000 , 9.722992216670887e-05 , 4.320753699987016e-07
273.33333333 , 9.741989638622876e-05 , 4.314109264991210e-07
274.16666667 , 9.581287392287064e-05 , 4.282916801352884e-07
275.00000000 , 9.548008408153119e-05 , 4.275987688169294e-07
275.83333333 , 9.604961231654532e-05 , 4.299907635326990e-07
276.66666667 , 9.443400842412004e-05 , 4.255982947192677e-07
277.50000000 , 9.392795658743625e-05 , 4.239453693646388e-07
278.33333333 , 9.336904578447859e-05 , 4.228978499929877e-07
279.16666667 , 9.242337103527654e-05 , 4.196054523326015e-07
280.00000000 , 9.199830784256342e-05 , 4.195006316021354e-07
280.83333333 , 9.143678178108392e-05 , 4.177736268009714e-07
281.66666667 , 9.021845182325846e-05 , 4.149421697882089e-07
282.50000000 , 9.031264457777126e-05 , 4.152122393568262e-07
283.33333333 , 8.951185339828333e-05 , 4.125500992938407e-07
284.16666667 , 8.832510154339372e-05 , 4.097624769120439e-07
285.00000000 , 8.867338847241549e-05 , 4.112273796281377e-07
285.83333333 , 8.798604536394030e-05 , 4.089851621891397e-07
286.66666667 , 8.661070732398102e-05 , 4.060782801092152e-07
287.50000000 , 8.594429442112034e-05 , 4.038485253079557e-07
288.33333333 , 8.602477062907156e-05 , 4.047009331174597e-07
289.16666667 , 8.546338388671828e-05 , 4.028230303159045e-07
290.00000000 , 8.497425518549897e-05 , 4.013376380783739e-07
290.83333333 , 8.355783108775360e-05 , 3.976563931305520e-07
291.66666667 , 8.379986507282312e-05 , 3.986123038259065e-07
292.50000000 , 8.353166949439251e-05 , 3.983612495859181e-07
293.33333333 , 8.205318218520748e-05 , 3.942102625234671e-07
294.16666667 , 8.156788566321077e-05 , 3.931291576255907e-07
295.00000000 , 8.190711167371672e-05 , 3.934400596080247e-07
295.83333333 , 8.073041516505558e-05 , 3.905921775081812e-07
296.66666667 , 8.040203032433735e-05 , 3.897321387181144e-07
297.50000000 , 7.964837675575948e-05 , 3.885061247128485e-07
298.33333333 , 7.879992698831542e-05 , 3.853539196593572e-07
299.16666667 , 7.875899816015869e-05 , 3.850169556675968e-07
300.00000000 , 7.712248982029489e-05 , 3.808771599538160e-07
300.83333333 , 7.713945051397860e-05 , 3.811452283318495e-07
301.66666667 , 7.707834365450609e-05 , 3.804060008359407e-07
302.50000000 , 7.594165150914344e-05 , 3.778851458221765e-07
303.33333333 , 7.573625082021260e-05 , 3.778293965841632e-07
304.16666667 , 7.424077277889943e-05 , 3.729468191527031e-07
305.00000000 , 7.382907602958173e-05 , 3.723474659556951e-07
305.83333333 , 7.283540912941973e-05 , 3.690369268816657e-07
306.66666667 , 7.195259419677379e-05 , 3.668086630049157e-07
307.50000000 , 7.210190215683787e-05 , 3.671783888018464e-07
308.33333333 , 7.201314028191833e-05 , 3.664401518627619e-07
309.16666667 , 7.061782038790133e-05 , 3.631076433769249e-07
310.00000000 , 7.015938960966319e-05 , 3.616428075821281e-07
310.83333333 , 6.907256011377613e-05 , 3.589106485536208e-07
311.66666667 , 6.871917516685456e-05 , 3.578374655063818e-07
312.50000000 , 6.809477274639921e-05 , 3.560519017180646e-07
313.33333333 , 6.716315997388401e-05 , 3.535304371223273e-07
314.16666667 , 6.655206751298100e-05 , 3.517898285623532e-07
315.00000000 , 6.512894718607057e-05 , 3.472086436831062e-07
315.83333333 , 6.486331534945435e-05 , 3.467033066777387e-07
316.66666667 , 6.328082892643931e-05 , 3.419365326186138e-07
317.50000000 , 6.256608338222275e-05 , 3.402545287608392e-07
318.33333333 , 6.175829907315318e-05 , 3.375508275058147e-07
319.16666667 , 6.152219553541682e-05 , 3.368984998068446e-07
320.00000000 , 5.987404756220543e-05 , 3.321792629583331e-07
320.83333333 , 5.910686772660825e-05 , 3.300351088227750e-07
321.66666667 , 5.742986551077155e-05 , 3.252128914798865e-07
322.50000000 , 5.661457684227026e-05 , 3.226078950154673e-07
323.33333333 , 5.536759688186056e-05 , 3.195057828697847e-07
324.16666667 , 5.411156864159222e-05 , 3.150725196127971e-07
325.00000000 , 5.311232988204432e-05 , 3.123120472056481e-07
325.83333333 , 5.188441099009710e-05 , 3.085275263786503e-07
326.66666667 , 5.050179852688314e-05 , 3.037321750731662e-07
327.50000000 , 4.957355654992386e-05 , 3.013824971379016e-07
328.33333333 , 4.841928917066271e-05 , 2.976531808055341e-07
329.16666667 , 4.720520202081007e-05 , 2.937034106981626e-07
330.00000000 , 4.570770575147955e-05 , 2.885769450266072e-07
330.83333333 , 4.532216992218207e-05 , 2.874738899429579e-07
331.66666667 , 4.406046023722857e-05 , 2.835745395553407e-07
332.50000000 , 4.327966952655716e-05 , 2.811751195709213e-07
333.33333333 , 4.212341639410650e-05 , 2.763035160168405e-07
334.16666667 , 4.142701528948622e-05 , 2.743539942337716e-07
335.00000000 , 4.043999714262671e-05 , 2.713168267824958e-07
335.83333333 , 3.958082346499204e-05 , 2.682363497374887e-07
336.66666667 , 3.779437859949024e-05 , 2.613812006789247e-07
337.50000000 , 3.750511282050100e-05 , 2.609145432817605e-07
338.33333333 , 3.642103415822853e-05 , 2.573053872635357e-07
339.16666667 , 3.600581141987080e-05 , 2.559136607422834e-07
340.00000000 , 3.414961806704766e-05 , 2.485654223333629e-07
340.83333333 , 3.323221007368793e-05 , 2.451319839033204e-07
341.66666667 , 3.294583936575025e-05 , 2.440316761231504e-07
342.50000000 , 3.184343455593242e-05 , 2.402279270450755e-07
343.33333333 , 3.054740416846979e-05 , 2.348130373715129e-07
344.16666667 , 3.004971316199078e-05 , 2.329987504131861e-07
345.00000000 , 2.877045733254339e-05 , 2.275730751630224e-07
345.83333333 , 2.837139752189310e-05 , 2.256868666554000e-07
346.66666667 , 2.736255512554196e-05 , 2.214525481253588e-07
347.50000000 , 2.644328379176169e-05 , 2.178060288276601e-07
348.33333333 , 2.567704153966677e-05 , 2.148964234185869e-07
349.16666667 , 2.504260056908519e-05 , 2.114965513690090e-07
350.00000000 , 2.411959107464444e-05 , 2.075566281650181e-07
350.83333333 , 2.329912894054653e-05 , 2.040211787694227e-07
351.66666667 , 2.253862478279095e-05 , 2.006791048802730e-07
352.50000000 , 2.210175322055413e-05 , 1.990523814588988e-07
353.33333333 , 2.130712851325292e-05 , 1.949045334639530e-07
354.16666667 , 2.029227336734638e-05 , 1.903621560221986e-07
355.00000000 , 1.970960640365587e-05 , 1.871240897351225e-07
355.83333333 , 1.868579709669446e-05 , 1.821326743510891e-07
356.66666667 , 1.816359212849918e-05 , 1.796163694804353e-07
357.50000000 , 1.710831779402280e-05 , 1.739295669908146e-07
358.33333333 , 1.675117281437641e-05 , 1.720129824969123e-07
359.16666667 , 1.611895406835901e-05 , 1.688868514178103e-07
360.00000000 , 1.550218820132725e-05 , 1.654797618536606e-07
360.83333333 , 1.474882118975859e-05 , 1.615535231870921e-07
361.66666667 , 1.415805613585182e-05 , 1.580275580298578e-07
362.50000000 , 1.345503091862616e-05 , 1.538194571493408e-07
363.33333333 , 1.281619296667452e-05 , 1.499460555560768e-07
364.16666667 , 1.240443746275433e-05 , 1.475986851838899e-07
365.00000000 , 1.187382207933954e-05 , 1.441746353413533e-07
365.83333333 , 1.125981029118574e-05 , 1.403285766825316e-07
366.66666667 , 1.058144782443929e-05 , 1.358086732342802e-07
367.50000000 , 9.866138713739204e-06 , 1.310093410475764e-07
368.33333333 , 9.573701580410044e-06 , 1.289612656144217e-07
369.16666667 , 9.023109242580478e-06 , 1.253241162815739e-07
370.00000000 , 8.475963669636086e-06 , 1.214847819666111e-07
370.83333333 , 8.001028627944181e-06 , 1.175280524392357e-07
371.66666667 , 7.465836486320879e-06 , 1.131662480870399e-07
372.50000000 , 7.029443144784676e-06 , 1.102897484792997e-07
373.33333333 , 6.465146272388393e-06 , 1.056648631613163e-07
374.16666667 , 5.921907482676532e-06 , 1.007683588086718e-07
375.00000000 , 5.527387105510790e-06 , 9.711430595585798e-08
375.83333333 , 4.850810330386441e-06 , 9.062128036695336e-08
376.66666667 , 4.616178739529230e-06 , 8.849679656950705e-08
377.50000000 , 4.120501827628410e-06 , 8.386134276402792e-08
378.33333333 , 3.787845973150587e-06 , 8.024334565304106e-08
379.16666667 , 3.376368796540004e-06 , 7.543278947232781e-08
380.00000000 , 2.927102282890660e-06 , 7.003414615551189e-08
380.83333333 , 2.721317503540466e-06 , 6.729552631982034e-08
381.66666667 , 2.314725080058289e-06 , 6.181720434660430e-08
382.50000000 , 2.020377169649152e-06 , 5.745207625720844e-08
383.33333333 , 1.783965546979547e-06 , 5.411996318403613e-08
384.16666667 , 1.490532669724049e-06 , 4.911102858720963e-08
385.00000000 , 1.277133351920066e-06 , 4.580510910399072e-08
385.83333333 , 9.919700862929844e-07 , 3.974374845368202e-08
386.66666667 , 7.631224155471661e-07 , 3.519013622559757e-08
387.50000000 , 5.247122106236822e-07 , 2.859987250501173e-08
388.33333333 , 3.645803219002502e-07 , 2.363154934211530e-08
389.16666667 , 2.437266125923207e-07 , 1.897163562313127e-08
390.00000000 , 1.579711107836067e-07 , 1.623252364550527e-08
390.83333333 , 6.257455415798995e-08 , 9.416932641738608e-09
391.66666667 , 2.617707487030051e-08 , 1.089710691035308e-08
392.50000000 , 5.232873800171594e-09 , 5.232873791001911e-09
393.33333333 , 0.000000000000000e+00 , 0.000000000000000e+00
394.16666667 , 0.000000000000000e+00 , 0.000000000000000e+00
395.00000000 , 0.000000000000000e+00 , 0.000000000000000e+00
395.83333333 , 0.000000000000000e+00 , 0.000000000000000e+00
396.66666667 , 0.000000000000000e+00 , 0.000000000000000e+00
397.50000000 , 0.000000000000000e+00 , 0.000000000000000e+00
398.33333333 , 0.000000000000000e+00 , 0.000000000000000e+00
399.16666667 , 0.000000000000000e+00 , 0.000000000000000e+00
400.00000000 , 0.000000000000000e+00 , 0.000000000000000e+00
400.83333333 , 0.000000000000000e+00 , 0.000000000000000e+00
401.66666667 , 0.000000000000000e+00 , 0.000000000000000e+00
402.50000000 , 0.000000000000000e+00 , 0.000000000000000e+00
403.33333333 , 0.000000000000000e+00 , 0.000000000000000e+00
404.16666667 , 0.000000000000000e+00 , 0.000000000000000e+00
405.00000000 , 0.000000000000000e+00 , 0.000000000000000e+00
405.83333333 , 0.000000000000000e+00 , 0.000000000000000e+00
406.66666667 , 0.000000000000000e+00 , 0.000000000000000e+00
407.50000000 , 0.000000000000000e+00 , 0.000000000000000e+00
408.33333333 , 0.000000000000000e+00 , 0.000000000000000e+00
409.16666667 , 0.000000000000000e+00 , 0.000000000000000e+00
410.00000000 , 0.000000000000000e+00 , 0.000000000000000e+00
410.83333333 , 0.000000000000000e+00 , 0.000000000000000e+00
411.66666667 , 0.000000000000000e+00 , 0.000000000000000e+00
412.50000000 , 0.000000000000000e+00 , 0.000000000000000e+00
413.33333333 , 0.000000000000000e+00 , 0.000000000000000e+00
414.16666667 , 0.000000000000000e+00 , 0.000000000000000e+00
415.00000000 , 0.000000000000000e+00 , 0.000000000000000e+00
415.83333333 , 0.000000000000000e+00 , 0.000000000000000e+00
416.66666667 , 0.000000000000000e+00 , 0.000000000000000e+00
417.50000000 , 0.000000000000000e+00 , 0.000000000000000e+00
418.33333333 , 0.000000000000000e+00 , 0.000000000000000e+00
419.16666667 , 0.000000000000000e+00 , 0.000000000000000e+00
420.00000000 , 0.000000000000000e+00 , 0.000000000000000e+00
420.83333333 , 0.000000000000000e+00 , 0.000000000000000e+00
421.66666667 , 0.000000000000000e+00 , 0.000000000000000e+00
422.50000000 , 0.000000000000000e+00 , 0.000000000000000e+00
423.33333333 , 0.000000000000000e+00 , 0.000000000000000e+00
424.16666667 , 0.000000000000000e+00 , 0.000000000000000e+00
425.00000000 , 0.000000000000000e+00 , 0.000000000000000e+00
425.83333333 , 0.000000000000000e+00 , 0.000000000000000e+00
426.66666667 , 0.000000000000000e+00 , 0.000000000000000e+00
427.50000000 , 0.000000000000000e+00 , 0.000000000000000e+00
428.33333333 , 0.000000000000000e+00 , 0.000000000000000e+00
429.16666667 , 0.000000000000000e+00 , 0.000000000000000e+00
430.00000000 , 0.000000000000000e+00 , 0.000000000000000e+00
430.83333333 , 0.000000000000000e+00 , 0.000000000000000e+00
431.66666667 , 0.000000000000000e+00 , 0.000000000000000e+00
432.50000000 , 0.000000000000000e+00 , 0.000000000000000e+00
433.33333333 , 0.000000000000000e+00 , 0.000000000000000e+00
434.16666667 , 0.000000000000000e+00 , 0.000000000000000e+00
435.00000000 , 0.000000000000000e+00 , 0.000000000000000e+00
435.83333333 , 0.000000000000000e+00 , 0.000000000000000e+00
436.66666667 , 0.000000000000000e+00 , 0.000000000000000e+00
437.50000000 , 0.000000000000000e+00 , 0.000000000000000e+00
438.33333333 , 0.000000000000000e+00 , 0.000000000000000e+00
439.16666667 , 0.000000000000000e+00 , 0.000000000000000e+00
440.00000000 , 0.000000000000000e+00 , 0.000000000000000e+00
440.83333333 , 0.000000000000000e+00 , 0.000000000000000e+00
441.66666667 , 0.000000000000000e+00 , 0.000000000000000e+00
442.50000000 , 0.000000000000000e+00 , 0.000000000000000e+00
443.33333333 , 0.000000000000000e+00 , 0.000000000000000e+00
444.16666667 , 0.000000000000000e+00 , 0.000000000000000e+00
445.00000000 , 0.000000000000000e+00 , 0.000000000000000e+00
445.83333333 , 0.000000000000000e+00 , 0.000000000000000e+00
446.66666667 , 0.000000000000000e+00 , 0.000000000000000e+00
447.50000000 , 0.000000000000000e+00 , 0.000000000000000e+00
448.33333333 , 0.000000000000000e+00 , 0.000000000000000e+00
449.16666667 , 0.000000000000000e+00 , 0.000000000000000e+00
450.00000000 , 0.000000000000000e+00 , 0.000000000000000e+00
450.83333333 , 0.000000000000000e+00 , 0.000000000000000e+00
451.66666667 , 0.000000000000000e+00 , 0.000000000000000e+00
452.50000000 , 0.000000000000000e+00 , 0.000000000000000e+00
453.33333333 , 0.000000000000000e+00 , 0.000000000000000e+00
454.16666667 , 0.000000000000000e+00 , 0.000000000000000e+00
455.00000000 , 0.000000000000000e+00 , 0.000000000000000e+00
455.83333333 , 0.000000000000000e+00 , 0.000000000000000e+00
456.66666667 , 0.000000000000000e+00 , 0.000000000000000e+00
457.50000000 , 0.000000000000000e+00 , 0.000000000000000e+00
458.33333333 , 0.000000000000000e+00 , 0.000000000000000e+00
459.16666667 , 0.000000000000000e+00 , 0.000000000000000e+00
460.00000000 , 0.000000000000000e+00 , 0.000000000000000e+00
460.83333333 , 0.000000000000000e+00 , 0.000000000000000e+00
461.66666667 , 0.000000000000000e+00 , 0.000000000000000e+00
462.50000000 , 0.000000000000000e+00 , 0.000000000000000e+00
463.33333333 , 0.000000000000000e+00 , 0.000000000000000e+00
464.16666667 , 0.000000000000000e+00 , 0.000000000000000e+00
465.00000000 , 0.000000000000000e+00 , 0.000000000000000e+00
465.83333333 , 0.000000000000000e+00 , 0.000000000000000e+00
466.66666667 , 0.000000000000000e+00 , 0.000000000000000e+00
467.50000000 , 0.000000000000000e+00 , 0.000000000000000e+00
468.33333333 , 0.000000000000000e+00 , 0.000000000000000e+00
469.16666667 , 0.000000000000000e+00 , 0.000000000000000e+00
470.00000000 , 0.000000000000000e+00 , 0.000000000000000e+00
470.83333333 , 0.000000000000000e+00 , 0.000000000000000e+00
471.66666667 , 0.000000000000000e+00 , 0.000000000000000e+00
472.50000000 , 0.000000000000000e+00 , 0.000000000000000e+00
473.33333333 , 0.000000000000000e+00 , 0.000000000000000e+00
474.16666667 , 0.000000000000000e+00 , 0.000000000000000e+00
475.00000000 , 0.000000000000000e+00 , 0.000000000000000e+00
475.83333333 , 0.000000000000000e+00 , 0.000000000000000e+00
476.66666667 , 0.000000000000000e+00 , 0.000000000000000e+00
477.50000000 , 0.000000000000000e+00 , 0.000000000000000e+00
478.33333333 , 0.000000000000000e+00 , 0.000000000000000e+00
479.16666667 , 0.000000000000000e+00 , 0.000000000000000e+00
480.00000000 , 0.000000000000000e+00 , 0.000000000000000e+00
480.83333333 , 0.000000000000000e+00 , 0.000000000000000e+00
481.66666667 , 0.000000000000000e+00 , 0.000000000000000e+00
482.50000000 , 0.000000000000000e+00 , 0.000000000000000e+00
483.33333333 , 0.000000000000000e+00 , 0.000000000000000e+00
484.16666667 , 0.000000000000000e+00 , 0.000000000000000e+00
485.00000000 , 0.000000000000000e+00 , 0.000000000000000e+00
485.83333333 , 0.000000000000000e+00 , 0.000000000000000e+00
486.66666667 , 0.000000000000000e+00 , 0.000000000000000e+00
487.50000000 , 0.000000000000000e+00 , 0.000000000000000e+00
488.33333333 , 0.000000000000000e+00 , 0.000000000000000e+00
489.16666667 , 0.000000000000000e+00 , 0.000000000000000e+00
490.00000000 , 0.000000000000000e+00 , 0.000000000000000e+00
490.83333333 , 0.000000000000000e+00 , 0.000000000000000e+00
491.66666667 , 0.000000000000000e+00 , 0.000000000000000e+00
492.50000000 , 0.000000000000000e+00 , 0.000000000000000e+00
493.33333333 , 0.000000000000000e+00 , 0.000000000000000e+00
494.16666667 , 0.000000000000000e+00 , 0.000000000000000e+00
495.00000000 , 0.000000000000000e+00 , 0.000000000000000e+00
495.83333333 , 0.000000000000000e+00 , 0.000000000000000e+00
496.66666667 , 0.000000000000000e+00 , 0.000000000000000e+00
497.50000000 , 0.000000000000000e+00 , 0.000000000000000e+00
498.33333333 , 0.000000000000000e+00 , 0.000000000000000e+00
499.16666667 , 0.000000000000000e+00 , 0.000000000000000e+00
