x_l , NLO , dNLO
7.00000000 , 0.000000000000000e+00 , 0.000000000000000e+00
7.91666667 , 0.000000000000000e+00 , 0.000000000000000e+00
8.83333333 , 0.000000000000000e+00 , 0.000000000000000e+00
9.75000000 , 0.000000000000000e+00 , 0.000000000000000e+00
10.66666667 , 0.000000000000000e+00 , 0.000000000000000e+00
11.58333333 , 0.000000000000000e+00 , 0.000000000000000e+00
12.50000000 , 0.000000000000000e+00 , 0.000000000000000e+00
13.41666667 , 0.000000000000000e+00 , 0.000000000000000e+00
14.33333333 , 0.000000000000000e+00 , 0.000000000000000e+00
15.25000000 , 0.000000000000000e+00 , 0.000000000000000e+00
16.16666667 , 0.000000000000000e+00 , 0.000000000000000e+00
17.08333333 , 0.000000000000000e+00 , 0.000000000000000e+00
18.00000000 , 0.000000000000000e+00 , 0.000000000000000e+00
18.91666667 , 0.000000000000000e+00 , 0.000000000000000e+00
19.83333333 , 0.000000000000000e+00 , 0.000000000000000e+00
20.75000000 , 0.000000000000000e+00 , 0.000000000000000e+00
21.66666667 , 0.000000000000000e+00 , 0.000000000000000e+00
22.58333333 , 0.000000000000000e+00 , 0.000000000000000e+00
23.50000000 , 0.000000000000000e+00 , 0.000000000000000e+00
24.41666667 , 0.000000000000000e+00 , 0.000000000000000e+00
25.33333333 , 0.000000000000000e+00 , 0.000000000000000e+00
26.25000000 , 0.000000000000000e+00 , 0.000000000000000e+00
27.16666667 , 0.000000000000000e+00 , 0.000000000000000e+00
28.08333333 , 0.000000000000000e+00 , 0.000000000000000e+00
29.00000000 , 0.000000000000000e+00 , 0.000000000000000e+00
29.91666667 , 0.000000000000000e+00 , 0.000000000000000e+00
30.83333333 , 0.000000000000000e+00 , 0.000000000000000e+00
31.75000000 , 0.000000000000000e+00 , 0.000000000000000e+00
32.66666667 , 0.000000000000000e+00 , 0.000000000000000e+00
33.58333333 , 0.000000000000000e+00 , 0.000000000000000e+00
34.50000000 , 0.000000000000000e+00 , 0.000000000000000e+00
35.41666667 , 0.000000000000000e+00 , 0.000000000000000e+00
36.33333333 , 0.000000000000000e+00 , 0.000000000000000e+00
37.25000000 , 0.000000000000000e+00 , 0.000000000000000e+00
38.16666667 , 0.000000000000000e+00 , 0.000000000000000e+00
39.08333333 , 0.000000000000000e+00 , 0.000000000000000e+00
40.00000000 , 0.000000000000000e+00 , 0.000000000000000e+00
40.91666667 , 0.000000000000000e+00 , 0.000000000000000e+00
41.83333333 , 0.000000000000000e+00 , 0.000000000000000e+00
42.75000000 , 0.000000000000000e+00 , 0.000000000000000e+00
43.66666667 , 0.000000000000000e+00 , 0.000000000000000e+00
44.58333333 , 0.000000000000000e+00 , 0.000000000000000e+00
45.50000000 , 0.000000000000000e+00 , 0.000000000000000e+00
46.41666667 , 0.000000000000000e+00 , 0.000000000000000e+00
47.33333333 , 0.000000000000000e+00 , 0.000000000000000e+00
48.25000000 , 0.000000000000000e+00 , 0.000000000000000e+00
49.16666667 , 0.000000000000000e+00 , 0.000000000000000e+00
50.08333333 , 0.000000000000000e+00 , 0.000000000000000e+00
51.00000000 , 0.000000000000000e+00 , 0.000000000000000e+00
51.91666667 , 0.000000000000000e+00 , 0.000000000000000e+00
52.83333333 , 0.000000000000000e+00 , 0.000000000000000e+00
53.75000000 , 0.000000000000000e+00 , 0.000000000000000e+00
54.66666667 , 0.000000000000000e+00 , 0.000000000000000e+00
55.58333333 , 0.000000000000000e+00 , 0.000000000000000e+00
56.50000000 , 0.000000000000000e+00 , 0.000000000000000e+00
57.41666667 , 0.000000000000000e+00 , 0.000000000000000e+00
58.33333333 , 0.000000000000000e+00 , 0.000000000000000e+00
59.25000000 , 0.000000000000000e+00 , 0.000000000000000e+00
60.16666667 , 0.000000000000000e+00 , 0.000000000000000e+00
61.08333333 , 0.000000000000000e+00 , 0.000000000000000e+00
62.00000000 , 0.000000000000000e+00 , 0.000000000000000e+00
62.91666667 , 0.000000000000000e+00 , 0.000000000000000e+00
63.83333333 , 0.000000000000000e+00 , 0.000000000000000e+00
64.75000000 , 0.000000000000000e+00 , 0.000000000000000e+00
65.66666667 , 0.000000000000000e+00 , 0.000000000000000e+00
66.58333333 , 0.000000000000000e+00 , 0.000000000000000e+00
67.50000000 , 0.000000000000000e+00 , 0.000000000000000e+00
68.41666667 , 0.000000000000000e+00 , 0.000000000000000e+00
69.33333333 , 0.000000000000000e+00 , 0.000000000000000e+00
70.25000000 , 0.000000000000000e+00 , 0.000000000000000e+00
71.16666667 , 0.000000000000000e+00 , 0.000000000000000e+00
72.08333333 , 0.000000000000000e+00 , 0.000000000000000e+00
73.00000000 , 0.000000000000000e+00 , 0.000000000000000e+00
73.91666667 , 0.000000000000000e+00 , 0.000000000000000e+00
74.83333333 , 0.000000000000000e+00 , 0.000000000000000e+00
75.75000000 , 0.000000000000000e+00 , 0.000000000000000e+00
76.66666667 , 0.000000000000000e+00 , 0.000000000000000e+00
77.58333333 , 0.000000000000000e+00 , 0.000000000000000e+00
78.50000000 , 0.000000000000000e+00 , 0.000000000000000e+00
79.41666667 , 0.000000000000000e+00 , 0.000000000000000e+00
80.33333333 , 0.000000000000000e+00 , 0.000000000000000e+00
81.25000000 , 0.000000000000000e+00 , 0.000000000000000e+00
82.16666667 , 0.000000000000000e+00 , 0.000000000000000e+00
83.08333333 , 0.000000000000000e+00 , 0.000000000000000e+00
84.00000000 , 0.000000000000000e+00 , 0.000000000000000e+00
84.91666667 , 0.000000000000000e+00 , 0.000000000000000e+00
85.83333333 , 0.000000000000000e+00 , 0.000000000000000e+00
86.75000000 , 0.000000000000000e+00 , 0.000000000000000e+00
87.66666667 , 0.000000000000000e+00 , 0.000000000000000e+00
88.58333333 , 0.000000000000000e+00 , 0.000000000000000e+00
89.50000000 , 0.000000000000000e+00 , 0.000000000000000e+00
90.41666667 , 0.000000000000000e+00 , 0.000000000000000e+00
91.33333333 , 0.000000000000000e+00 , 0.000000000000000e+00
92.25000000 , 0.000000000000000e+00 , 0.000000000000000e+00
93.16666667 , 0.000000000000000e+00 , 0.000000000000000e+00
94.08333333 , 0.000000000000000e+00 , 0.000000000000000e+00
95.00000000 , 0.000000000000000e+00 , 0.000000000000000e+00
95.91666667 , 0.000000000000000e+00 , 0.000000000000000e+00
96.83333333 , 0.000000000000000e+00 , 0.000000000000000e+00
97.75000000 , 0.000000000000000e+00 , 0.000000000000000e+00
98.66666667 , 0.000000000000000e+00 , 0.000000000000000e+00
99.58333333 , 0.000000000000000e+00 , 0.000000000000000e+00
100.50000000 , 0.000000000000000e+00 , 0.000000000000000e+00
101.41666667 , 0.000000000000000e+00 , 0.000000000000000e+00
102.33333333 , 0.000000000000000e+00 , 0.000000000000000e+00
103.25000000 , 0.000000000000000e+00 , 0.000000000000000e+00
104.16666667 , 0.000000000000000e+00 , 0.000000000000000e+00
105.08333333 , 0.000000000000000e+00 , 0.000000000000000e+00
106.00000000 , 0.000000000000000e+00 , 0.000000000000000e+00
106.91666667 , 1.027649307247179e-07 , 2.052261356328524e-09
107.83333333 , 5.880289679563203e-07 , 4.833125676673486e-09
108.75000000 , 1.127861182445098e-06 , 6.785804939225735e-09
109.66666667 , 1.663981929749583e-06 , 8.210325997526839e-09
110.58333333 , 2.209696237180926e-06 , 9.491869728841917e-09
111.50000000 , 2.773514863035533e-06 , 1.064234346071219e-08
112.41666667 , 3.345455662189699e-06 , 1.173634657024096e-08
113.33333333 , 3.940170148290669e-06 , 1.275460798061117e-08
114.25000000 , 4.503656874943470e-06 , 1.362595295996279e-08
115.16666667 , 5.126373732174796e-06 , 1.457162652723866e-08
116.08333333 , 5.749034605706772e-06 , 1.551489787551162e-08
117.00000000 , 6.345378007951419e-06 , 1.632426626976474e-08
117.91666667 , 6.946944347442883e-06 , 1.707496208570939e-08
118.83333333 , 7.644903252860001e-06 , 1.798957727578034e-08
119.75000000 , 8.269266097821337e-06 , 1.870642699874902e-08
120.66666667 , 8.943305892754378e-06 , 1.952849961752584e-08
121.58333333 , 9.632663450117776e-06 , 2.033442095848749e-08
122.50000000 , 1.026767963946953e-05 , 2.099152474232537e-08
123.41666667 , 1.095231864397445e-05 , 2.171266259305581e-08
124.33333333 , 1.168291943155301e-05 , 2.243837221148361e-08
125.25000000 , 1.238684221071326e-05 , 2.320019138561809e-08
126.16666667 , 1.312332339419619e-05 , 2.392460334599095e-08
127.08333333 , 1.384264998634661e-05 , 2.460447530642268e-08
128.00000000 , 1.456098417741434e-05 , 2.526264030350686e-08
128.91666667 , 1.532221182069890e-05 , 2.600164627554161e-08
129.83333333 , 1.608346093266982e-05 , 2.666742656353413e-08
130.75000000 , 1.688465692458740e-05 , 2.737841832350733e-08
131.66666667 , 1.766345625860833e-05 , 2.804309147284413e-08
132.58333333 , 1.845588286316527e-05 , 2.869605962910631e-08
133.50000000 , 1.921752864518045e-05 , 2.933491214744426e-08
134.41666667 , 2.012465725666077e-05 , 3.011381994874894e-08
135.33333333 , 2.092918084644494e-05 , 3.071647271981725e-08
136.25000000 , 2.171635800038916e-05 , 3.130228388100620e-08
137.16666667 , 2.255088442323404e-05 , 3.194738236462454e-08
138.08333333 , 2.350168550217436e-05 , 3.273455990576029e-08
139.00000000 , 2.429073600330333e-05 , 3.331290361214490e-08
139.91666667 , 2.520383855238706e-05 , 3.398601085976029e-08
140.83333333 , 2.613277470901036e-05 , 3.465303989005580e-08
141.75000000 , 2.701000855149255e-05 , 3.530284387024865e-08
142.66666667 , 2.790934259464917e-05 , 3.591867004904695e-08
143.58333333 , 2.879237217256467e-05 , 3.649427752809906e-08
144.50000000 , 2.979948341069246e-05 , 3.722424936593995e-08
145.41666667 , 3.070458798744509e-05 , 3.784774342381297e-08
146.33333333 , 3.171048197394731e-05 , 3.857060460491964e-08
147.25000000 , 3.267905333740776e-05 , 3.917422473458361e-08
148.16666667 , 3.367760341825207e-05 , 3.983569051725412e-08
149.08333333 , 3.465786165285372e-05 , 4.047162915287804e-08
150.00000000 , 3.563907292376590e-05 , 4.110957802204790e-08
150.91666667 , 3.661631820494247e-05 , 4.166808548307277e-08
151.83333333 , 3.768613958274311e-05 , 4.238365702824725e-08
152.75000000 , 3.876971602114292e-05 , 4.305382237926878e-08
153.66666667 , 3.975352213237530e-05 , 4.361557095765665e-08
154.58333333 , 4.081886599116402e-05 , 4.429008423808943e-08
155.50000000 , 4.191395640439199e-05 , 4.495378135816626e-08
156.41666667 , 4.299510645201463e-05 , 4.557637930405450e-08
157.33333333 , 4.409378938762138e-05 , 4.622042104767059e-08
158.25000000 , 4.521450153569436e-05 , 4.686002874732229e-08
159.16666667 , 5.563560620803239e-05 , 5.117817599986818e-08
160.08333333 , 1.507372441953412e-04 , 7.979439845222801e-08
161.00000000 , 1.526490100561007e-04 , 8.033409266052798e-08
161.91666667 , 1.546362923289804e-04 , 8.105162200402381e-08
162.83333333 , 1.567032588504937e-04 , 8.172914329330991e-08
163.75000000 , 1.584847188952957e-04 , 8.231487162059989e-08
164.66666667 , 1.604342441166947e-04 , 8.291527665426725e-08
165.58333333 , 1.625654059944178e-04 , 8.367529094070064e-08
166.50000000 , 1.645556436635635e-04 , 8.431420972023885e-08
167.41666667 , 1.666016098004414e-04 , 8.496487665920006e-08
168.33333333 , 1.686352406803975e-04 , 8.563330047011002e-08
169.25000000 , 1.706501921120049e-04 , 8.630246801278565e-08
170.16666667 , 1.725844055306757e-04 , 8.686561479226546e-08
171.08333333 , 1.749387127348396e-04 , 8.765427363002799e-08
172.00000000 , 1.770932657310579e-04 , 8.837242332374881e-08
172.91666667 , 1.790845190171295e-04 , 8.895751557676457e-08
173.83333333 , 1.812199941409439e-04 , 8.970103007778144e-08
174.75000000 , 1.833719260072132e-04 , 9.028115932056182e-08
175.66666667 , 1.854575872297909e-04 , 9.097493825702742e-08
176.58333333 , 1.877261083864619e-04 , 9.166637825940653e-08
177.50000000 , 1.899563831402655e-04 , 9.234165961584569e-08
178.41666667 , 1.921406567673514e-04 , 9.299616313732830e-08
179.33333333 , 1.944337348616795e-04 , 9.370523279884405e-08
180.25000000 , 1.966583474567737e-04 , 9.430460715413461e-08
181.16666667 , 1.989996366748462e-04 , 9.503457077698939e-08
182.08333333 , 2.012767435133564e-04 , 9.572034338869913e-08
183.00000000 , 2.035733153544629e-04 , 9.642384116059260e-08
183.91666667 , 2.059890099882267e-04 , 9.716413128860793e-08
184.83333333 , 2.083972593707572e-04 , 9.788001253233860e-08
185.75000000 , 2.106071690504348e-04 , 9.850036899220996e-08
186.66666667 , 2.129757805356636e-04 , 9.916021589596508e-08
187.58333333 , 2.154777608119395e-04 , 9.992632035109529e-08
188.50000000 , 2.181366463294841e-04 , 1.006890313340958e-07
189.41666667 , 2.202993944255945e-04 , 1.012857954634160e-07
190.33333333 , 2.227826786571965e-04 , 1.019561324563350e-07
191.25000000 , 2.253187999212254e-04 , 1.026901589875787e-07
192.16666667 , 2.277301322408124e-04 , 1.033718323912698e-07
193.08333333 , 2.303871384121349e-04 , 1.041521986113673e-07
194.00000000 , 2.328375398172551e-04 , 1.047474653735591e-07
194.91666667 , 2.356037578784592e-04 , 1.055960520892035e-07
195.83333333 , 2.381926418733623e-04 , 1.063254284208504e-07
196.75000000 , 2.408455281263756e-04 , 1.070127529461777e-07
197.66666667 , 2.435012088518875e-04 , 1.077443336026983e-07
198.58333333 , 2.461981841797259e-04 , 1.084551553372332e-07
199.50000000 , 2.488332418748386e-04 , 1.091588066432433e-07
200.41666667 , 2.514387811275430e-04 , 1.098914055143207e-07
201.33333333 , 2.542097552066657e-04 , 1.105693444044163e-07
202.25000000 , 2.570792510441400e-04 , 1.113995917062458e-07
203.16666667 , 2.600402469374784e-04 , 1.121226451706392e-07
204.08333333 , 2.625824555832237e-04 , 1.128203655388031e-07
205.00000000 , 2.655963778459595e-04 , 1.136084177616568e-07
205.91666667 , 2.683202550532324e-04 , 1.142809245943596e-07
206.83333333 , 2.713654638765354e-04 , 1.150519501135327e-07
207.75000000 , 2.740036640048232e-04 , 1.157615032279754e-07
208.66666667 , 2.772975518891075e-04 , 1.166148451275721e-07
209.58333333 , 2.802585846143538e-04 , 1.173830464352007e-07
210.50000000 , 2.832292922362907e-04 , 1.180728939412030e-07
211.41666667 , 2.861995983583792e-04 , 1.187931780543162e-07
212.33333333 , 2.894341487425999e-04 , 1.196461989847911e-07
213.25000000 , 2.921538593918479e-04 , 1.202861643324255e-07
214.16666667 , 2.955238877016753e-04 , 1.211932617705662e-07
215.08333333 , 2.985651838849364e-04 , 1.219106676507335e-07
216.00000000 , 3.019755486663196e-04 , 1.226699802302295e-07
216.91666667 , 3.048822877587170e-04 , 1.233928284214142e-07
217.83333333 , 3.085662011528417e-04 , 1.242873930353121e-07
218.75000000 , 3.115888218286217e-04 , 1.249861621753652e-07
219.66666667 , 3.147751068484991e-04 , 1.257594008031435e-07
220.58333333 , 3.184614523526575e-04 , 1.266197432941222e-07
221.50000000 , 3.215952856998213e-04 , 1.273583483486952e-07
222.41666667 , 3.249619499344415e-04 , 1.281671405542022e-07
223.33333333 , 3.285323954541909e-04 , 1.289738820695106e-07
224.25000000 , 3.318415143247794e-04 , 1.297092427383447e-07
225.16666667 , 3.355211608728798e-04 , 1.306387591724070e-07
226.08333333 , 3.391919272488068e-04 , 1.314270986168825e-07
227.00000000 , 3.425525657543533e-04 , 1.321990576474856e-07
227.91666667 , 3.462509072367564e-04 , 1.330343361642928e-07
228.83333333 , 3.498287003005016e-04 , 1.338242572492082e-07
229.75000000 , 3.534605634827551e-04 , 1.346433070258467e-07
230.66666667 , 3.574791553561426e-04 , 1.355024905558017e-07
231.58333333 , 3.607667894960599e-04 , 1.362444560941599e-07
232.50000000 , 3.646553347198005e-04 , 1.371022511452856e-07
233.41666667 , 3.685676989653876e-04 , 1.379637376505391e-07
234.33333333 , 3.723093394140432e-04 , 1.388035720247174e-07
235.25000000 , 3.763453902859575e-04 , 1.396070961171292e-07
236.16666667 , 3.802850146873203e-04 , 1.405484411658830e-07
237.08333333 , 3.844070748841720e-04 , 1.414199422626913e-07
238.00000000 , 3.883506906275410e-04 , 1.422293334689091e-07
238.91666667 , 3.922707529255091e-04 , 1.431017980433562e-07
239.83333333 , 3.960517603146875e-04 , 1.438125222680267e-07
240.75000000 , 4.004555464907537e-04 , 1.447734294263361e-07
241.66666667 , 4.044211178825910e-04 , 1.456141087339070e-07
242.58333333 , 4.084428215140959e-04 , 1.464150958107950e-07
243.50000000 , 4.127636266858248e-04 , 1.472894226679706e-07
244.41666667 , 4.168828967778114e-04 , 1.481050542412207e-07
245.33333333 , 4.213630517252191e-04 , 1.491256164155359e-07
246.25000000 , 4.257588363570495e-04 , 1.500095323068384e-07
247.16666667 , 4.300593605924740e-04 , 1.508866482436784e-07
248.08333333 , 4.345917203758332e-04 , 1.518393062870443e-07
249.00000000 , 4.389943123370399e-04 , 1.527159287311145e-07
249.91666667 , 4.435344758825545e-04 , 1.536216834704522e-07
250.83333333 , 4.480816946919631e-04 , 1.545468836403645e-07
251.75000000 , 4.523573746961244e-04 , 1.553325874733559e-07
252.66666667 , 4.568581760042070e-04 , 1.562205774914905e-07
253.58333333 , 4.614353959214967e-04 , 1.570918157724240e-07
254.50000000 , 4.664418058069668e-04 , 1.581518111092614e-07
255.41666667 , 4.711196531743317e-04 , 1.590455600414934e-07
256.33333333 , 4.758874665062086e-04 , 1.599577157843433e-07
257.25000000 , 4.805171936769921e-04 , 1.608969681521100e-07
258.16666667 , 4.851989681569923e-04 , 1.618432658319053e-07
259.08333333 , 4.902197856816184e-04 , 1.627628577649089e-07
260.00000000 , 4.949553140782524e-04 , 1.636684392491875e-07
260.91666667 , 5.002936822207540e-04 , 1.647225013668975e-07
261.83333333 , 5.052695271287399e-04 , 1.656572767342685e-07
262.75000000 , 5.104069768486784e-04 , 1.666230588719748e-07
263.66666667 , 5.151847794974897e-04 , 1.674118506318366e-07
264.58333333 , 5.198356761197440e-04 , 1.683432940346536e-07
265.50000000 , 5.256813754188302e-04 , 1.695037527377962e-07
266.41666667 , 5.308377285334527e-04 , 1.704004374707469e-07
267.33333333 , 5.362187068023428e-04 , 1.714649736552252e-07
268.25000000 , 5.416301574833888e-04 , 1.724965203754347e-07
269.16666667 , 5.467028922197429e-04 , 1.732928626281715e-07
270.08333333 , 5.527920136564970e-04 , 1.745270251872986e-07
271.00000000 , 5.578485853927488e-04 , 1.753872791442131e-07
271.91666667 , 5.636604028583746e-04 , 1.764761694210855e-07
272.83333333 , 5.690829187938742e-04 , 1.774264190906947e-07
273.75000000 , 5.747225429351480e-04 , 1.784210168210059e-07
274.66666667 , 5.806663618940795e-04 , 1.794891071194046e-07
275.58333333 , 5.864472703574554e-04 , 1.804827528090105e-07
276.50000000 , 5.921726932489911e-04 , 1.814823589762121e-07
277.41666667 , 5.983014193092292e-04 , 1.825966744942430e-07
278.33333333 , 6.041493506490479e-04 , 1.836046758334396e-07
279.25000000 , 6.102653979023496e-04 , 1.846712185102432e-07
280.16666667 , 6.163184286656865e-04 , 1.857403991170747e-07
281.08333333 , 6.225633958006484e-04 , 1.869138235319293e-07
282.00000000 , 6.287106904898337e-04 , 1.878773414554126e-07
282.91666667 , 6.353522643978338e-04 , 1.890858384445080e-07
283.83333333 , 6.416004152993371e-04 , 1.900597055489517e-07
284.75000000 , 6.481162450516509e-04 , 1.911783315100069e-07
285.66666667 , 6.546257832919907e-04 , 1.922416221751910e-07
286.58333333 , 6.610696538606237e-04 , 1.933686775401881e-07
287.50000000 , 6.681224618438312e-04 , 1.946049785828874e-07
288.41666667 , 6.746321186788582e-04 , 1.956810347880590e-07
289.33333333 , 6.815833197434156e-04 , 1.968318882051988e-07
290.25000000 , 6.885446210321216e-04 , 1.980174379587354e-07
291.16666667 , 6.959570479441294e-04 , 1.992295697521351e-07
292.08333333 , 7.029806325690132e-04 , 2.003184808897325e-07
293.00000000 , 7.101839372855354e-04 , 2.015784875008835e-07
293.91666667 , 7.173915446327791e-04 , 2.027706627657925e-07
294.83333333 , 7.246152282797888e-04 , 2.038203101104553e-07
295.75000000 , 7.322657194610921e-04 , 2.051126532546450e-07
296.66666667 , 7.396941465009017e-04 , 2.062859162636213e-07
297.58333333 , 7.477421601941397e-04 , 2.076130557210657e-07
298.50000000 , 7.553140413717518e-04 , 2.087860811158859e-07
299.41666667 , 7.631367919577880e-04 , 2.100100929364103e-07
300.33333333 , 7.716156436901639e-04 , 2.113954052484113e-07
301.25000000 , 7.795551625250382e-04 , 2.126138716108718e-07
302.16666667 , 7.875217936630368e-04 , 2.139342813506099e-07
303.08333333 , 7.956789058681561e-04 , 2.150757012449179e-07
304.00000000 , 8.039552772070243e-04 , 2.164133096245523e-07
304.91666667 , 8.125587575348097e-04 , 2.176757795340637e-07
305.83333333 , 8.206254039993641e-04 , 2.189815800043002e-07
306.75000000 , 8.291818310445766e-04 , 2.203405144220820e-07
307.66666667 , 8.377017909832714e-04 , 2.216815111659408e-07
308.58333333 , 8.456295045627154e-04 , 2.229239473644996e-07
309.50000000 , 8.541483838577388e-04 , 2.242125197433589e-07
310.41666667 , 8.629058919318851e-04 , 2.256162311973407e-07
311.33333333 , 8.708763289741654e-04 , 2.267823076311769e-07
312.25000000 , 8.795422850880067e-04 , 2.281393017047931e-07
313.16666667 , 8.876959769485589e-04 , 2.293777764526297e-07
314.08333333 , 8.959969926112908e-04 , 2.306288595447233e-07
315.00000000 , 9.046341678420416e-04 , 2.319371492661997e-07
315.91666667 , 9.129864075980283e-04 , 2.332303725540726e-07
316.83333333 , 9.212810359572308e-04 , 2.344759301971759e-07
317.75000000 , 9.299605488431376e-04 , 2.357900682425643e-07
318.66666667 , 9.377566675494159e-04 , 2.369497496692401e-07
319.58333333 , 9.466957736430566e-04 , 2.382835082639435e-07
320.50000000 , 9.553020899160104e-04 , 2.396044672781041e-07
321.41666667 , 9.634368704972668e-04 , 2.408216629381877e-07
322.33333333 , 9.719090096820823e-04 , 2.419912106295469e-07
323.25000000 , 9.801255453127152e-04 , 2.431155324845227e-07
324.16666667 , 9.882409492498346e-04 , 2.443528893651907e-07
325.08333333 , 9.970233211105111e-04 , 2.455898635575813e-07
326.00000000 , 1.004745753519386e-03 , 2.466655836008876e-07
326.91666667 , 1.013660842652420e-03 , 2.479369139379692e-07
327.83333333 , 1.022252172071046e-03 , 2.491665859399994e-07
328.75000000 , 1.030208207263247e-03 , 2.502562180198440e-07
329.66666667 , 1.038578307362462e-03 , 2.513775722437987e-07
330.58333333 , 1.046629282519758e-03 , 2.524204044316970e-07
331.50000000 , 1.055346223167115e-03 , 2.536805233214610e-07
332.41666667 , 1.063352926963335e-03 , 2.547626292768575e-07
333.33333333 , 1.071735864755735e-03 , 2.557898268577823e-07
334.25000000 , 1.079358622494968e-03 , 2.568096350178740e-07
335.16666667 , 1.087754584406620e-03 , 2.579024824134751e-07
336.08333333 , 1.096529194373828e-03 , 2.591905204076492e-07
337.00000000 , 1.104202510814594e-03 , 2.600802619480126e-07
337.91666667 , 1.112383085916606e-03 , 2.611902629575925e-07
338.83333333 , 1.120280508504713e-03 , 2.621308940956287e-07
339.75000000 , 1.128373295734630e-03 , 2.631789982710945e-07
340.66666667 , 1.136713092364994e-03 , 2.642288279085021e-07
341.58333333 , 1.144179782748430e-03 , 2.651141175330116e-07
342.50000000 , 1.152751230486739e-03 , 2.662945610473480e-07
343.41666667 , 1.160683607096944e-03 , 2.673368298169263e-07
344.33333333 , 1.167905406097161e-03 , 2.681377001123856e-07
345.25000000 , 1.176771470887525e-03 , 2.692207520741673e-07
346.16666667 , 1.184275797433239e-03 , 2.701911375940503e-07
347.08333333 , 1.192024155685830e-03 , 2.711037075641595e-07
348.00000000 , 1.199346844564564e-03 , 2.719425396606495e-07
348.91666667 , 1.207769122745270e-03 , 2.730179837619806e-07
349.83333333 , 1.215427268469083e-03 , 2.739149866688806e-07
350.75000000 , 1.222702576710602e-03 , 2.747646913425078e-07
351.66666667 , 1.230306049630677e-03 , 2.755840042018684e-07
352.58333333 , 1.238134201208922e-03 , 2.765578602693781e-07
353.50000000 , 1.245253036054862e-03 , 2.773788211957474e-07
354.41666667 , 1.252510979284645e-03 , 2.782241681130142e-07
355.33333333 , 1.260401609668802e-03 , 2.791104225512078e-07
356.25000000 , 1.267299902069198e-03 , 2.798873420909967e-07
357.16666667 , 1.274873000489214e-03 , 2.806901891918615e-07
358.08333333 , 1.281969651349812e-03 , 2.814941555193750e-07
359.00000000 , 1.288987179485855e-03 , 2.822563689110898e-07
359.91666667 , 1.295650772874015e-03 , 2.830106416790965e-07
360.83333333 , 1.302315956950007e-03 , 2.836584317589773e-07
361.75000000 , 1.309836969479447e-03 , 2.845360329883803e-07
362.66666667 , 1.316327460993166e-03 , 2.851896320638901e-07
363.58333333 , 1.322759265598822e-03 , 2.858650079855121e-07
364.50000000 , 1.329175037787146e-03 , 2.865520398360242e-07
365.41666667 , 1.335492934795798e-03 , 2.872208740733140e-07
366.33333333 , 1.342664193344394e-03 , 2.880379335332668e-07
367.25000000 , 1.348601601472580e-03 , 2.886324576391047e-07
368.16666667 , 1.355039249529004e-03 , 2.892935103011599e-07
369.08333333 , 1.360356785749003e-03 , 2.898163081406865e-07
370.00000000 , 1.366656038664509e-03 , 2.904509885850903e-07
370.91666667 , 1.372261330364926e-03 , 2.910513289405508e-07
371.83333333 , 1.377647138028269e-03 , 2.915711699242975e-07
372.75000000 , 1.383036884737976e-03 , 2.921178044096027e-07
373.66666667 , 1.388731864103500e-03 , 2.927210107139899e-07
374.58333333 , 1.393584511997389e-03 , 2.931869216245868e-07
375.50000000 , 1.398662216453173e-03 , 2.936850552510998e-07
376.41666667 , 1.402934471937795e-03 , 2.941722357573833e-07
377.33333333 , 1.408488166698783e-03 , 2.946865289577683e-07
378.25000000 , 1.412919649926274e-03 , 2.952257577946296e-07
379.16666667 , 1.416517359445715e-03 , 2.954742446183988e-07
380.08333333 , 1.421440432280102e-03 , 2.960829138598714e-07
381.00000000 , 1.425052682308523e-03 , 2.964239974099106e-07
381.91666667 , 1.428147587961089e-03 , 2.967129716804220e-07
382.83333333 , 1.432174858688284e-03 , 2.972832738967151e-07
383.75000000 , 1.434450980402664e-03 , 2.974710992873455e-07
384.66666667 , 1.437309784793177e-03 , 2.977737132739208e-07
385.58333333 , 1.439416451898159e-03 , 2.980403862850534e-07
386.50000000 , 1.441084259932135e-03 , 2.982292729100556e-07
387.41666667 , 1.444082509998696e-03 , 2.986726361131456e-07
388.33333333 , 1.444689686848461e-03 , 2.987876108252595e-07
389.25000000 , 1.445036824748703e-03 , 2.988373510306474e-07
390.16666667 , 1.445176394749521e-03 , 2.989965638201666e-07
391.08333333 , 1.444665067273489e-03 , 2.990553006838366e-07
392.00000000 , 1.443649037085596e-03 , 2.991715321658209e-07
392.91666667 , 1.441063797079420e-03 , 2.989762442329146e-07
393.83333333 , 1.437581793938883e-03 , 2.989317174087476e-07
394.75000000 , 1.431997645159072e-03 , 2.986435329937745e-07
395.66666667 , 1.424561845496921e-03 , 2.982885169608010e-07
396.58333333 , 1.415956056855315e-03 , 2.977505615750449e-07
397.50000000 , 1.407888036113804e-03 , 2.972494534784022e-07
398.41666667 , 1.399310310987727e-03 , 2.965780669134743e-07
399.33333333 , 1.391213436499019e-03 , 2.958378123343137e-07
400.25000000 , 1.383455820578395e-03 , 2.951494648396222e-07
401.16666667 , 1.375529321842286e-03 , 2.943550087456059e-07
402.08333333 , 1.368839201494617e-03 , 2.937520172595578e-07
403.00000000 , 1.362721464332173e-03 , 2.931014557410920e-07
403.91666667 , 1.356198649765125e-03 , 2.923628898810329e-07
404.83333333 , 1.351338935512490e-03 , 2.918265907624971e-07
405.75000000 , 1.346811505788387e-03 , 2.914085408156223e-07
406.66666667 , 1.342801595396879e-03 , 2.909665652925199e-07
407.58333333 , 1.338893100568125e-03 , 2.905741374679232e-07
408.50000000 , 1.335869148460842e-03 , 2.902718781114323e-07
409.41666667 , 1.332248823549359e-03 , 2.898341058165505e-07
410.33333333 , 1.329420961928115e-03 , 2.896141289383308e-07
411.25000000 , 1.326271710750406e-03 , 2.892761049348394e-07
412.16666667 , 1.323754268460505e-03 , 2.890790487136435e-07
413.08333333 , 1.321755021290549e-03 , 2.888379576916472e-07
414.00000000 , 1.318352698715140e-03 , 2.884287459518143e-07
414.91666667 , 1.315501186403464e-03 , 2.881667958687399e-07
415.83333333 , 1.312835231181424e-03 , 2.878580307674326e-07
416.75000000 , 1.310567683428270e-03 , 2.876654715047342e-07
417.66666667 , 1.308806451202949e-03 , 2.874563866586599e-07
418.58333333 , 1.305848977056566e-03 , 2.871299966951621e-07
419.50000000 , 1.303270561709275e-03 , 2.868078786648681e-07
420.41666667 , 1.300633385131670e-03 , 2.865165917073031e-07
421.33333333 , 1.298096392557428e-03 , 2.862371247343127e-07
422.25000000 , 1.294955496041483e-03 , 2.858601711677022e-07
423.16666667 , 1.291934805834742e-03 , 2.854575435789732e-07
424.08333333 , 1.288325629270406e-03 , 2.849313802438960e-07
425.00000000 , 1.285802250097803e-03 , 2.846102673697337e-07
425.91666667 , 1.282334272751547e-03 , 2.841413642052259e-07
426.83333333 , 1.278526982070829e-03 , 2.835700159817026e-07
427.75000000 , 1.275469775421146e-03 , 2.831275440478847e-07
428.66666667 , 1.271515769026622e-03 , 2.825904978333224e-07
429.58333333 , 1.268657599036579e-03 , 2.820850874033558e-07
430.50000000 , 1.265048667241888e-03 , 2.814714695146419e-07
431.41666667 , 1.262057693314898e-03 , 2.810319593140673e-07
432.33333333 , 1.259230055987036e-03 , 2.805488844257388e-07
433.25000000 , 1.255794445145709e-03 , 2.799800308228684e-07
434.16666667 , 1.252604100216157e-03 , 2.794709158645588e-07
435.08333333 , 1.248875696497020e-03 , 2.787609196753222e-07
436.00000000 , 1.246256571096345e-03 , 2.783133826224645e-07
436.91666667 , 1.242884784424839e-03 , 2.777254514381904e-07
437.83333333 , 1.239008549783928e-03 , 2.770796765737791e-07
438.75000000 , 1.235364703095051e-03 , 2.764609084030623e-07
439.66666667 , 1.231605740834123e-03 , 2.757562618257847e-07
440.58333333 , 1.226727856348667e-03 , 2.749124662286910e-07
441.50000000 , 1.222850071903064e-03 , 2.742448866497965e-07
442.41666667 , 1.218171740712005e-03 , 2.733552016704955e-07
443.33333333 , 1.213448656327086e-03 , 2.725692763889154e-07
444.25000000 , 1.208377075995854e-03 , 2.717672333343938e-07
445.16666667 , 1.202868900969527e-03 , 2.708346193200535e-07
446.08333333 , 1.197106042564416e-03 , 2.697657147575893e-07
447.00000000 , 1.190928108958497e-03 , 2.687827424849697e-07
447.91666667 , 1.184095142154353e-03 , 2.676478717005772e-07
448.83333333 , 1.177450149832669e-03 , 2.664578632914296e-07
449.75000000 , 1.170297717406875e-03 , 2.652799858418846e-07
450.66666667 , 1.163590833474601e-03 , 2.642325891111392e-07
451.58333333 , 1.155808127139173e-03 , 2.628877140874131e-07
452.50000000 , 1.148281933348393e-03 , 2.615859760025384e-07
453.41666667 , 1.140166451509891e-03 , 2.602156388437277e-07
454.33333333 , 1.132786032778779e-03 , 2.588848297117511e-07
455.25000000 , 1.124205170295448e-03 , 2.573721939474429e-07
456.16666667 , 1.116117355270146e-03 , 2.560295922794243e-07
457.08333333 , 1.107602908043973e-03 , 2.544594453674109e-07
458.00000000 , 1.098494110121333e-03 , 2.528439939361464e-07
458.91666667 , 1.089761284151311e-03 , 2.512549134436461e-07
459.83333333 , 1.079998957695907e-03 , 2.494711738190629e-07
460.75000000 , 1.069885415460274e-03 , 2.476403281796375e-07
461.66666667 , 1.058639951965230e-03 , 2.454847321915387e-07
462.58333333 , 1.047395308460108e-03 , 2.434418687916992e-07
463.50000000 , 1.035570962681087e-03 , 2.412185454285994e-07
464.41666667 , 1.022725843096004e-03 , 2.388295046759177e-07
465.33333333 , 1.008344142459901e-03 , 2.361091484461166e-07
466.25000000 , 9.931868483990945e-04 , 2.333924470777143e-07
467.16666667 , 9.775428678306139e-04 , 2.304288375833693e-07
468.08333333 , 9.598200119046024e-04 , 2.271055635666852e-07
469.00000000 , 9.401879050833457e-04 , 2.233894065550098e-07
469.91666667 , 9.188237823982816e-04 , 2.193163712219140e-07
470.83333333 , 8.956840397686087e-04 , 2.149498561854108e-07
471.75000000 , 8.697284520162812e-04 , 2.099771917517065e-07
472.66666667 , 8.415029483878686e-04 , 2.046359900533944e-07
473.58333333 , 8.097782368162109e-04 , 1.984231130861269e-07
474.50000000 , 7.749240947803970e-04 , 1.916163480002937e-07
475.41666667 , 7.362420188806531e-04 , 1.839106489794738e-07
476.33333333 , 6.943329332197802e-04 , 1.752632744044523e-07
477.25000000 , 6.497905110738753e-04 , 1.661573139430136e-07
478.16666667 , 6.036057472946174e-04 , 1.564970896306030e-07
479.08333333 , 5.546047864813812e-04 , 1.462777938004471e-07
480.00000000 , 5.032797594666058e-04 , 1.354452150725541e-07
480.91666667 , 4.484405548403084e-04 , 1.238443499012936e-07
481.83333333 , 3.905470589918696e-04 , 1.113584376577307e-07
482.75000000 , 3.285166640174091e-04 , 9.776123218734428e-08
483.66666667 , 2.629059809404633e-04 , 8.291613442152981e-08
484.58333333 , 1.939266445771922e-04 , 6.659871073063652e-08
485.50000000 , 1.236592064316259e-04 , 4.858591706403392e-08
486.41666667 , 5.774891161786032e-05 , 2.909714368689962e-08
487.33333333 , 1.060050956320379e-05 , 1.007011385710216e-08
488.25000000 , 0.000000000000000e+00 , 0.000000000000000e+00
489.16666667 , 0.000000000000000e+00 , 0.000000000000000e+00
490.08333333 , 0.000000000000000e+00 , 0.000000000000000e+00
491.00000000 , 0.000000000000000e+00 , 0.000000000000000e+00
491.91666667 , 0.000000000000000e+00 , 0.000000000000000e+00
492.83333333 , 0.000000000000000e+00 , 0.000000000000000e+00
493.75000000 , 0.000000000000000e+00 , 0.000000000000000e+00
494.66666667 , 0.000000000000000e+00 , 0.000000000000000e+00
495.58333333 , 0.000000000000000e+00 , 0.000000000000000e+00
496.50000000 , 0.000000000000000e+00 , 0.000000000000000e+00
497.41666667 , 0.000000000000000e+00 , 0.000000000000000e+00
498.33333333 , 0.000000000000000e+00 , 0.000000000000000e+00
499.25000000 , 0.000000000000000e+00 , 0.000000000000000e+00
500.16666667 , 0.000000000000000e+00 , 0.000000000000000e+00
501.08333333 , 0.000000000000000e+00 , 0.000000000000000e+00
502.00000000 , 0.000000000000000e+00 , 0.000000000000000e+00
502.91666667 , 0.000000000000000e+00 , 0.000000000000000e+00
503.83333333 , 0.000000000000000e+00 , 0.000000000000000e+00
504.75000000 , 0.000000000000000e+00 , 0.000000000000000e+00
505.66666667 , 0.000000000000000e+00 , 0.000000000000000e+00
506.58333333 , 0.000000000000000e+00 , 0.000000000000000e+00
507.50000000 , 0.000000000000000e+00 , 0.000000000000000e+00
508.41666667 , 0.000000000000000e+00 , 0.000000000000000e+00
509.33333333 , 0.000000000000000e+00 , 0.000000000000000e+00
510.25000000 , 0.000000000000000e+00 , 0.000000000000000e+00
511.16666667 , 0.000000000000000e+00 , 0.000000000000000e+00
512.08333333 , 0.000000000000000e+00 , 0.000000000000000e+00
513.00000000 , 0.000000000000000e+00 , 0.000000000000000e+00
513.91666667 , 0.000000000000000e+00 , 0.000000000000000e+00
514.83333333 , 0.000000000000000e+00 , 0.000000000000000e+00
515.75000000 , 0.000000000000000e+00 , 0.000000000000000e+00
516.66666667 , 0.000000000000000e+00 , 0.000000000000000e+00
517.58333333 , 0.000000000000000e+00 , 0.000000000000000e+00
518.50000000 , 0.000000000000000e+00 , 0.000000000000000e+00
519.41666667 , 0.000000000000000e+00 , 0.000000000000000e+00
520.33333333 , 0.000000000000000e+00 , 0.000000000000000e+00
521.25000000 , 0.000000000000000e+00 , 0.000000000000000e+00
522.16666667 , 0.000000000000000e+00 , 0.000000000000000e+00
523.08333333 , 0.000000000000000e+00 , 0.000000000000000e+00
524.00000000 , 0.000000000000000e+00 , 0.000000000000000e+00
524.91666667 , 0.000000000000000e+00 , 0.000000000000000e+00
525.83333333 , 0.000000000000000e+00 , 0.000000000000000e+00
526.75000000 , 0.000000000000000e+00 , 0.000000000000000e+00
527.66666667 , 0.000000000000000e+00 , 0.000000000000000e+00
528.58333333 , 0.000000000000000e+00 , 0.000000000000000e+00
529.50000000 , 0.000000000000000e+00 , 0.000000000000000e+00
530.41666667 , 0.000000000000000e+00 , 0.000000000000000e+00
531.33333333 , 0.000000000000000e+00 , 0.000000000000000e+00
532.25000000 , 0.000000000000000e+00 , 0.000000000000000e+00
533.16666667 , 0.000000000000000e+00 , 0.000000000000000e+00
534.08333333 , 0.000000000000000e+00 , 0.000000000000000e+00
535.00000000 , 0.000000000000000e+00 , 0.000000000000000e+00
535.91666667 , 0.000000000000000e+00 , 0.000000000000000e+00
536.83333333 , 0.000000000000000e+00 , 0.000000000000000e+00
537.75000000 , 0.000000000000000e+00 , 0.000000000000000e+00
538.66666667 , 0.000000000000000e+00 , 0.000000000000000e+00
539.58333333 , 0.000000000000000e+00 , 0.000000000000000e+00
540.50000000 , 0.000000000000000e+00 , 0.000000000000000e+00
541.41666667 , 0.000000000000000e+00 , 0.000000000000000e+00
542.33333333 , 0.000000000000000e+00 , 0.000000000000000e+00
543.25000000 , 0.000000000000000e+00 , 0.000000000000000e+00
544.16666667 , 0.000000000000000e+00 , 0.000000000000000e+00
545.08333333 , 0.000000000000000e+00 , 0.000000000000000e+00
546.00000000 , 0.000000000000000e+00 , 0.000000000000000e+00
546.91666667 , 0.000000000000000e+00 , 0.000000000000000e+00
547.83333333 , 0.000000000000000e+00 , 0.000000000000000e+00
548.75000000 , 0.000000000000000e+00 , 0.000000000000000e+00
549.66666667 , 0.000000000000000e+00 , 0.000000000000000e+00
550.58333333 , 0.000000000000000e+00 , 0.000000000000000e+00
551.50000000 , 0.000000000000000e+00 , 0.000000000000000e+00
552.41666667 , 0.000000000000000e+00 , 0.000000000000000e+00
553.33333333 , 0.000000000000000e+00 , 0.000000000000000e+00
554.25000000 , 0.000000000000000e+00 , 0.000000000000000e+00
555.16666667 , 0.000000000000000e+00 , 0.000000000000000e+00
556.08333333 , 0.000000000000000e+00 , 0.000000000000000e+00
