x_l , NLO , dNLO
0.00000000 , 1.021583274818308e-02 , 1.338582155678128e-06
0.30000000 , 1.029447539288010e-02 , 1.340077100123710e-06
0.60000000 , 1.041693518966801e-02 , 1.343980050757666e-06
0.90000000 , 1.054786928000264e-02 , 1.349339922110664e-06
1.20000000 , 1.067241842475013e-02 , 1.355223246526795e-06
1.50000000 , 1.079605228803737e-02 , 1.362353562197609e-06
1.80000000 , 1.093039183019816e-02 , 1.371332162391468e-06
2.10000000 , 1.108750626551087e-02 , 1.382225837325765e-06
2.40000000 , 1.124255092372215e-02 , 1.393274268508617e-06
2.70000000 , 1.132417991155085e-02 , 1.399299062868292e-06
3.00000000 , 1.129517218164106e-02 , 1.398043602212134e-06
3.30000000 , 1.119640471621434e-02 , 1.392307027048931e-06
3.60000000 , 1.107052112568628e-02 , 1.384836450549757e-06
3.90000000 , 1.093930755417785e-02 , 1.377956483177096e-06
4.20000000 , 1.080299045263735e-02 , 1.370310611840803e-06
4.50000000 , 1.067540289705662e-02 , 1.363922169163206e-06
4.80000000 , 1.054792542096653e-02 , 1.357494747057998e-06
5.10000000 , 1.043267751729153e-02 , 1.352129334643176e-06
5.40000000 , 1.032361681417341e-02 , 1.347352061814601e-06
5.70000000 , 1.021949501134066e-02 , 1.342916453148930e-06
6.00000000 , 1.012216534471402e-02 , 1.338674005512697e-06
6.30000000 , 1.003410005203438e-02 , 1.335415018140387e-06
6.60000000 , 9.951113892862956e-03 , 1.332422609455455e-06
6.90000000 , 9.876558675392123e-03 , 1.330023165678142e-06
7.20000000 , 9.806889307923877e-03 , 1.327984372217814e-06
7.50000000 , 9.752721125769010e-03 , 1.327107522341510e-06
7.80000000 , 9.705712865391604e-03 , 1.326932861782485e-06
8.10000000 , 9.664617276015553e-03 , 1.326475651288549e-06
8.40000000 , 9.638513591271242e-03 , 1.327554306462363e-06
8.70000000 , 9.626096347037242e-03 , 1.329267638776506e-06
9.00000000 , 9.633962666856824e-03 , 1.333058997337878e-06
9.30000000 , 9.667386851076286e-03 , 1.338372580133466e-06
9.60000000 , 9.718322434419873e-03 , 1.345073638767496e-06
9.90000000 , 9.770266553866562e-03 , 1.351441764701820e-06
10.20000000 , 9.818645765592302e-03 , 1.357442624084454e-06
10.50000000 , 9.855826182327450e-03 , 1.362358023364774e-06
10.80000000 , 9.877292647453514e-03 , 1.365803450381216e-06
11.10000000 , 9.892660469324363e-03 , 1.368540446265941e-06
11.40000000 , 9.885175617590874e-03 , 1.369434780433004e-06
11.70000000 , 9.862717296770282e-03 , 1.369142853552412e-06
12.00000000 , 9.810044037286601e-03 , 1.366859461076971e-06
12.30000000 , 9.668894964560000e-03 , 1.357855441954368e-06
12.60000000 , 9.478179494700409e-03 , 1.345410668956558e-06
12.90000000 , 9.259017452135880e-03 , 1.330617623235249e-06
13.20000000 , 9.026296362362116e-03 , 1.314426110338778e-06
13.50000000 , 8.784700491884330e-03 , 1.297295185168850e-06
13.80000000 , 8.542912471505045e-03 , 1.279692766818598e-06
14.10000000 , 8.301123959995521e-03 , 1.261659498777849e-06
14.40000000 , 8.063159869605841e-03 , 1.243692979766276e-06
14.70000000 , 7.825776747102381e-03 , 1.225247784915926e-06
15.00000000 , 7.594220880838361e-03 , 1.206771042593103e-06
15.30000000 , 7.371005873194856e-03 , 1.188851965901785e-06
15.60000000 , 7.154626270024064e-03 , 1.171165975704331e-06
15.90000000 , 6.944955592835570e-03 , 1.153611516485625e-06
16.20000000 , 6.745177973113069e-03 , 1.136863793577400e-06
16.50000000 , 6.555434556549394e-03 , 1.120624047304516e-06
16.80000000 , 6.371445013184168e-03 , 1.104488386470889e-06
17.10000000 , 6.195646898238723e-03 , 1.089000014179492e-06
17.40000000 , 6.024590208742356e-03 , 1.073607506790792e-06
17.70000000 , 5.861504071076117e-03 , 1.058807081774699e-06
18.00000000 , 5.707236403191145e-03 , 1.044655654479493e-06
18.30000000 , 5.556010067125733e-03 , 1.030286240210105e-06
18.60000000 , 5.410206052983347e-03 , 1.016427203402586e-06
18.90000000 , 5.272033581552015e-03 , 1.003144216354930e-06
19.20000000 , 5.137863929064177e-03 , 9.900574219629777e-07
19.50000000 , 5.010079216616876e-03 , 9.776452563455065e-07
19.80000000 , 4.883501492607289e-03 , 9.646915063977482e-07
20.10000000 , 4.765585529397761e-03 , 9.527983365541460e-07
20.40000000 , 4.649304753992901e-03 , 9.407573987923043e-07
20.70000000 , 4.536100685872840e-03 , 9.289765866362038e-07
21.00000000 , 4.429188071361720e-03 , 9.176339487306487e-07
21.30000000 , 4.324164072693587e-03 , 9.063691956909189e-07
21.60000000 , 4.224449545627136e-03 , 8.957140495554306e-07
21.90000000 , 4.126406508921251e-03 , 8.848619138905657e-07
22.20000000 , 4.031481640893984e-03 , 8.743354469581145e-07
22.50000000 , 3.939089913169996e-03 , 8.638528209496069e-07
22.80000000 , 3.851857751027173e-03 , 8.540333758076984e-07
23.10000000 , 3.766345451887081e-03 , 8.443772671418784e-07
23.40000000 , 3.683604675241262e-03 , 8.346213102420834e-07
23.70000000 , 3.602034550432830e-03 , 8.250893232240908e-07
24.00000000 , 3.524095239865443e-03 , 8.158417525284518e-07
24.30000000 , 3.447864368873859e-03 , 8.063598465144689e-07
24.60000000 , 3.375772694472090e-03 , 7.978861770039071e-07
24.90000000 , 3.304021886198728e-03 , 7.889846176937722e-07
25.20000000 , 3.234164067366964e-03 , 7.802300967746461e-07
25.50000000 , 3.168427462478641e-03 , 7.719000724675604e-07
25.80000000 , 3.103807725024969e-03 , 7.639122159075229e-07
26.10000000 , 3.040352864466763e-03 , 7.556780519497096e-07
26.40000000 , 2.978407989499518e-03 , 7.475255590513108e-07
26.70000000 , 2.919652243829955e-03 , 7.397548746876763e-07
27.00000000 , 2.859780648156547e-03 , 7.319610130485249e-07
27.30000000 , 2.805453784816722e-03 , 7.246040936635596e-07
27.60000000 , 2.750922041383315e-03 , 7.171128807531759e-07
27.90000000 , 2.698044349445713e-03 , 7.101976280327707e-07
28.20000000 , 2.645479634519263e-03 , 7.027882170527189e-07
28.50000000 , 2.593816599075848e-03 , 6.954857461014181e-07
28.80000000 , 2.544276722611401e-03 , 6.883203251968106e-07
29.10000000 , 2.496451675273441e-03 , 6.817884620277420e-07
29.40000000 , 2.449967474751057e-03 , 6.749678821982938e-07
29.70000000 , 2.403121746566260e-03 , 6.680204100093609e-07
30.00000000 , 2.358632888899060e-03 , 6.615998876308003e-07
30.30000000 , 2.317311389910837e-03 , 6.553936267050166e-07
30.60000000 , 2.275019281622015e-03 , 6.490663762398161e-07
30.90000000 , 2.234017352408057e-03 , 6.430671831207402e-07
31.20000000 , 2.193858735482205e-03 , 6.369106695924417e-07
31.50000000 , 2.155607733984383e-03 , 6.310318390377214e-07
31.80000000 , 2.116081138905285e-03 , 6.246009379241502e-07
32.10000000 , 2.078923709945720e-03 , 6.189244462329878e-07
32.40000000 , 2.043146113497191e-03 , 6.133316206442104e-07
32.70000000 , 2.007999197019280e-03 , 6.078303645547844e-07
33.00000000 , 1.973084553381306e-03 , 6.020943520256577e-07
33.30000000 , 1.939495007393542e-03 , 5.966104694636037e-07
33.60000000 , 1.906740458547492e-03 , 5.911061036181078e-07
33.90000000 , 1.873740916799773e-03 , 5.857594770365535e-07
34.20000000 , 1.843639287124690e-03 , 5.808243561783376e-07
34.50000000 , 1.811779325704751e-03 , 5.754093843117138e-07
34.80000000 , 1.781222928415230e-03 , 5.700847132206919e-07
35.10000000 , 1.752011911879595e-03 , 5.649945211506462e-07
35.40000000 , 1.723388023462004e-03 , 5.602518898995537e-07
35.70000000 , 1.695027844467584e-03 , 5.551811523201734e-07
36.00000000 , 1.667858632282266e-03 , 5.503227937796856e-07
36.30000000 , 1.640144414948084e-03 , 5.453327555325219e-07
36.60000000 , 1.614265062025514e-03 , 5.408800246361368e-07
36.90000000 , 1.588935910065361e-03 , 5.363905464914582e-07
37.20000000 , 1.563235498535558e-03 , 5.316386907704843e-07
37.50000000 , 1.538747179440696e-03 , 5.269946605998225e-07
37.80000000 , 1.514791111528251e-03 , 5.227292103359616e-07
38.10000000 , 1.490725024021213e-03 , 5.181076973908111e-07
38.40000000 , 1.467950158861186e-03 , 5.139034622918413e-07
38.70000000 , 1.445681550699618e-03 , 5.097553867061586e-07
39.00000000 , 1.424160686039152e-03 , 5.056288616513040e-07
39.30000000 , 1.401831483003975e-03 , 5.012922534530301e-07
39.60000000 , 1.381212118744725e-03 , 4.973079664283541e-07
39.90000000 , 1.360276481561618e-03 , 4.933174705035662e-07
40.20000000 , 1.339263150761008e-03 , 4.890207011658682e-07
40.50000000 , 1.319379974982212e-03 , 4.850627895160660e-07
40.80000000 , 1.299813401504470e-03 , 4.813730255554919e-07
41.10000000 , 1.280285461389753e-03 , 4.773549935532952e-07
41.40000000 , 1.261206208995061e-03 , 4.732181225648825e-07
41.70000000 , 1.244058473234537e-03 , 4.700000505261024e-07
42.00000000 , 1.225647356656839e-03 , 4.660271481517648e-07
42.30000000 , 1.207836913897636e-03 , 4.624248563140857e-07
42.60000000 , 1.190348270541842e-03 , 4.588176017140975e-07
42.90000000 , 1.174157939171549e-03 , 4.554212300416263e-07
43.20000000 , 1.156776139530657e-03 , 4.516774034369323e-07
43.50000000 , 1.140282553409774e-03 , 4.480650998125597e-07
43.80000000 , 1.124313219826110e-03 , 4.446043500190711e-07
44.10000000 , 1.108117149150469e-03 , 4.411406207743075e-07
44.40000000 , 1.093391275998092e-03 , 4.380276541721340e-07
44.70000000 , 1.078302441981605e-03 , 4.346843625689345e-07
45.00000000 , 1.062950275763089e-03 , 4.312041891257949e-07
45.30000000 , 1.048478988374874e-03 , 4.280103209711077e-07
45.60000000 , 1.033895970116735e-03 , 4.246454114967438e-07
45.90000000 , 1.020391754973476e-03 , 4.216534776491115e-07
46.20000000 , 1.005362665223680e-03 , 4.180858207196469e-07
46.50000000 , 9.918962609145520e-04 , 4.151617093931084e-07
46.80000000 , 9.789996715554746e-04 , 4.122515444099046e-07
47.10000000 , 9.656736676808402e-04 , 4.089734168405958e-07
47.40000000 , 9.523321271924016e-04 , 4.059328336822486e-07
47.70000000 , 9.403872511316452e-04 , 4.030549041171939e-07
48.00000000 , 9.280948309360036e-04 , 4.002392552528728e-07
48.30000000 , 9.158409057935041e-04 , 3.973662806551906e-07
48.60000000 , 9.036204981781093e-04 , 3.943689457026349e-07
48.90000000 , 8.923962415583228e-04 , 3.916847289214207e-07
49.20000000 , 8.805421591453136e-04 , 3.886277172543489e-07
49.50000000 , 8.680615239632163e-04 , 3.855379018849326e-07
49.80000000 , 8.570818840351594e-04 , 3.828477637880558e-07
50.10000000 , 8.462176804830092e-04 , 3.802025994220582e-07
50.40000000 , 8.361021889037769e-04 , 3.776457540907867e-07
50.70000000 , 8.255676684374015e-04 , 3.749711498473131e-07
51.00000000 , 8.143647310241667e-04 , 3.721408508487562e-07
51.30000000 , 8.040018214189934e-04 , 3.694849565870483e-07
51.60000000 , 7.950978008964112e-04 , 3.672068755666279e-07
51.90000000 , 7.839214421725257e-04 , 3.643669581145361e-07
52.20000000 , 7.744855745573068e-04 , 3.619320507581760e-07
52.50000000 , 7.651444477871188e-04 , 3.594480612532166e-07
52.80000000 , 7.556437968232346e-04 , 3.569319480361720e-07
53.10000000 , 7.463702181296787e-04 , 3.544623609241060e-07
53.40000000 , 7.378433122904307e-04 , 3.522351797920870e-07
53.70000000 , 7.280749252509753e-04 , 3.495123753866103e-07
54.00000000 , 7.193658417870565e-04 , 3.470924188313386e-07
54.30000000 , 7.101081602716355e-04 , 3.445401989811381e-07
54.60000000 , 7.017126792495127e-04 , 3.424279039533156e-07
54.90000000 , 6.936328680830306e-04 , 3.400690202418465e-07
55.20000000 , 6.850801542878036e-04 , 3.376399327048965e-07
55.50000000 , 6.770101908303186e-04 , 3.355478614075284e-07
55.80000000 , 6.691921557974668e-04 , 3.334513234643492e-07
56.10000000 , 6.608953910781064e-04 , 3.309571087995506e-07
56.40000000 , 6.526696615403327e-04 , 3.286191449226240e-07
56.70000000 , 6.457264554848748e-04 , 3.266248563801368e-07
57.00000000 , 6.380313633993472e-04 , 3.245561124460998e-07
57.30000000 , 6.307974495133695e-04 , 3.223340736870145e-07
57.60000000 , 6.232350329532166e-04 , 3.201615392781476e-07
57.90000000 , 6.165433872396770e-04 , 3.181722160518554e-07
58.20000000 , 6.090192130097043e-04 , 3.159998183271891e-07
58.50000000 , 6.021575845030747e-04 , 3.139877243619771e-07
58.80000000 , 5.947568441388703e-04 , 3.117646476478935e-07
59.10000000 , 5.886501827888980e-04 , 3.099901042738140e-07
59.40000000 , 5.818142315975388e-04 , 3.078351888500893e-07
59.70000000 , 5.743762326182787e-04 , 3.056715814150401e-07
60.00000000 , 5.684725390040008e-04 , 3.037503034161362e-07
60.30000000 , 5.623404982330744e-04 , 3.020506583192095e-07
60.60000000 , 5.556260664398736e-04 , 2.997978437305077e-07
60.90000000 , 5.500217974783518e-04 , 2.981300454725277e-07
61.20000000 , 5.435856565429121e-04 , 2.961381304246629e-07
61.50000000 , 5.375530047109640e-04 , 2.942384982878659e-07
61.80000000 , 5.316709491929966e-04 , 2.923730661701780e-07
62.10000000 , 5.259189871169327e-04 , 2.906400014310666e-07
62.40000000 , 5.197834220853296e-04 , 2.886094651524791e-07
62.70000000 , 5.144658178519726e-04 , 2.868811092580173e-07
63.00000000 , 5.085931932527114e-04 , 2.850114867357234e-07
63.30000000 , 5.035273606114775e-04 , 2.834161930819049e-07
63.60000000 , 4.979350651358458e-04 , 2.816018162040110e-07
63.90000000 , 4.926659855996795e-04 , 2.798495008879161e-07
64.20000000 , 4.868905262886729e-04 , 2.779944536030639e-07
64.50000000 , 4.819754851936292e-04 , 2.763814651608319e-07
64.80000000 , 4.769220525170900e-04 , 2.747003821055844e-07
65.10000000 , 4.719074613973714e-04 , 2.729452285994773e-07
65.40000000 , 4.665914939102907e-04 , 2.710633328436528e-07
65.70000000 , 4.621765855778272e-04 , 2.697081331803334e-07
66.00000000 , 4.566904152202483e-04 , 2.678627083212117e-07
66.30000000 , 4.522601106453803e-04 , 2.663119440835745e-07
66.60000000 , 4.477045235161037e-04 , 2.648979375652498e-07
66.90000000 , 4.427519285873076e-04 , 2.630950844681746e-07
67.20000000 , 4.381232326154845e-04 , 2.616296754715663e-07
67.50000000 , 4.334302009234154e-04 , 2.597842773086006e-07
67.80000000 , 4.293180447780880e-04 , 2.585296752546131e-07
68.10000000 , 4.245886697760656e-04 , 2.567815290297202e-07
68.40000000 , 4.206961948990387e-04 , 2.554767920024503e-07
68.70000000 , 4.160481291747332e-04 , 2.536641825803156e-07
69.00000000 , 4.122961615007256e-04 , 2.523068188126754e-07
69.30000000 , 4.074209535226314e-04 , 2.506362318797872e-07
69.60000000 , 4.035904618725365e-04 , 2.491602294056634e-07
69.90000000 , 3.995859910182560e-04 , 2.478165821932384e-07
70.20000000 , 3.952244224478815e-04 , 2.462686461728404e-07
70.50000000 , 3.919727353584856e-04 , 2.449427452513789e-07
70.80000000 , 3.878191787458406e-04 , 2.434540949267315e-07
71.10000000 , 3.840973784250656e-04 , 2.421130905667517e-07
71.40000000 , 3.797516522058219e-04 , 2.405034906175760e-07
71.70000000 , 3.764921145830569e-04 , 2.392726311056143e-07
72.00000000 , 3.725172906005986e-04 , 2.378127109211123e-07
72.30000000 , 3.691374090518521e-04 , 2.365154317858906e-07
72.60000000 , 3.650857421341283e-04 , 2.349765114422146e-07
72.90000000 , 3.614352393370569e-04 , 2.334987606740066e-07
73.20000000 , 3.580604049771779e-04 , 2.323838419461419e-07
73.50000000 , 3.544552114424597e-04 , 2.308183506114120e-07
73.80000000 , 3.516100326787124e-04 , 2.297938157949192e-07
74.10000000 , 3.481408268220165e-04 , 2.285277044274693e-07
74.40000000 , 3.442863616207304e-04 , 2.269650233552950e-07
74.70000000 , 3.410049036662042e-04 , 2.257072896636218e-07
75.00000000 , 3.377259823287071e-04 , 2.243587104178669e-07
75.30000000 , 3.349355835296004e-04 , 2.232973939474625e-07
75.60000000 , 3.317536391632938e-04 , 2.219904880224576e-07
75.90000000 , 3.284391015955591e-04 , 2.207064349736579e-07
76.20000000 , 3.251616148258907e-04 , 2.193747408633335e-07
76.50000000 , 3.218159790189230e-04 , 2.181293606683752e-07
76.80000000 , 3.193286823793082e-04 , 2.170999786805128e-07
77.10000000 , 3.161673632327752e-04 , 2.157899137275087e-07
77.40000000 , 3.131653382358656e-04 , 2.145061781757102e-07
77.70000000 , 3.100868595999024e-04 , 2.132188539748179e-07
78.00000000 , 3.073555101864039e-04 , 2.121216485680808e-07
78.30000000 , 3.040390805165328e-04 , 2.106890011618738e-07
78.60000000 , 3.015960286635182e-04 , 2.097869913587506e-07
78.90000000 , 2.983266933728108e-04 , 2.084333420242066e-07
79.20000000 , 2.960524975281128e-04 , 2.073701277310081e-07
79.50000000 , 2.934143848321944e-04 , 2.063291674246754e-07
79.80000000 , 2.906692310900535e-04 , 2.050452394569634e-07
80.10000000 , 2.876971591964720e-04 , 2.038887502182269e-07
80.40000000 , 2.856303909977424e-04 , 2.029735036491310e-07
80.70000000 , 2.827073081667783e-04 , 2.016138924945093e-07
81.00000000 , 2.798333465962541e-04 , 2.004393926666906e-07
81.30000000 , 2.776033855544050e-04 , 1.995313395821575e-07
81.60000000 , 2.749867533825719e-04 , 1.984081777187438e-07
81.90000000 , 2.730292308526390e-04 , 1.975070189911206e-07
82.20000000 , 2.699391247627481e-04 , 1.961133945876102e-07
82.50000000 , 2.675202316452430e-04 , 1.950704325990635e-07
82.80000000 , 2.651515977171102e-04 , 1.941119623284333e-07
83.10000000 , 2.633406080434323e-04 , 1.933170391848748e-07
83.40000000 , 2.605643161390064e-04 , 1.919243444779599e-07
83.70000000 , 2.583461498975153e-04 , 1.909362329083109e-07
84.00000000 , 2.562338255719911e-04 , 1.900386645625400e-07
84.30000000 , 2.539003549701212e-04 , 1.890235770603276e-07
84.60000000 , 2.517807297647670e-04 , 1.879971448728917e-07
84.90000000 , 2.494151478412876e-04 , 1.868685589778095e-07
85.20000000 , 2.473981122389395e-04 , 1.859816820220930e-07
85.50000000 , 2.450976079452123e-04 , 1.848476001260082e-07
85.80000000 , 2.430848087974641e-04 , 1.841064542569003e-07
86.10000000 , 2.409763590294735e-04 , 1.829898554733750e-07
86.40000000 , 2.385492610968697e-04 , 1.819048910402099e-07
86.70000000 , 2.366329044449327e-04 , 1.809731886567702e-07
87.00000000 , 2.348210901846459e-04 , 1.801171774990091e-07
87.30000000 , 2.324973920424946e-04 , 1.789790960087950e-07
87.60000000 , 2.304608278609104e-04 , 1.780789871605388e-07
87.90000000 , 2.289584121478408e-04 , 1.773754478010548e-07
88.20000000 , 2.267114829490622e-04 , 1.762010168819693e-07
88.50000000 , 2.250414506941258e-04 , 1.754692394929341e-07
88.80000000 , 2.227804192026711e-04 , 1.744268190751001e-07
89.10000000 , 2.211199084105985e-04 , 1.735384124559305e-07
89.40000000 , 2.192511327908516e-04 , 1.725973483150576e-07
89.70000000 , 2.171184399883512e-04 , 1.715747902252349e-07
90.00000000 , 2.155030685044773e-04 , 1.708062645373015e-07
90.30000000 , 2.137212379909602e-04 , 1.699306072175287e-07
90.60000000 , 2.116754024956558e-04 , 1.688075856411298e-07
90.90000000 , 2.101867732673429e-04 , 1.680391434687290e-07
91.20000000 , 2.085146427820984e-04 , 1.673203702011742e-07
91.50000000 , 2.065288089346824e-04 , 1.663195462456326e-07
91.80000000 , 2.048567485507626e-04 , 1.655457947858014e-07
92.10000000 , 2.033224343293480e-04 , 1.647913266129499e-07
92.40000000 , 2.015441014949546e-04 , 1.638131865291286e-07
92.70000000 , 1.997504002815034e-04 , 1.629361274880865e-07
93.00000000 , 1.980451354472059e-04 , 1.619624555261071e-07
93.30000000 , 1.967503848620005e-04 , 1.613161993404148e-07
93.60000000 , 1.949509957775072e-04 , 1.604184935240616e-07
93.90000000 , 1.936428135213759e-04 , 1.597536662802048e-07
94.20000000 , 1.914283951920726e-04 , 1.586208581854689e-07
94.50000000 , 1.901455967722220e-04 , 1.579019282270778e-07
94.80000000 , 1.886641380663181e-04 , 1.571404372543819e-07
95.10000000 , 1.873152860570471e-04 , 1.563316814412198e-07
95.40000000 , 1.855564179786986e-04 , 1.555024376307638e-07
95.70000000 , 1.840889936358077e-04 , 1.547606126174970e-07
96.00000000 , 1.826749716209670e-04 , 1.539103336778311e-07
96.30000000 , 1.814189372844603e-04 , 1.533165068152965e-07
96.60000000 , 1.797681959086471e-04 , 1.524160973561981e-07
96.90000000 , 1.780817433155023e-04 , 1.515116908887207e-07
97.20000000 , 1.767531030081260e-04 , 1.507194570918017e-07
97.50000000 , 1.754960322017127e-04 , 1.501058916856592e-07
97.80000000 , 1.740142360362785e-04 , 1.492714058242149e-07
98.10000000 , 1.727544618813620e-04 , 1.486435728790714e-07
98.40000000 , 1.710254138275440e-04 , 1.475758020589791e-07
98.70000000 , 1.700543236921545e-04 , 1.470853023634232e-07
99.00000000 , 1.685118868703596e-04 , 1.463095850832639e-07
99.30000000 , 1.669995593417414e-04 , 1.453847274885172e-07
99.60000000 , 1.658520773033232e-04 , 1.446983594573597e-07
99.90000000 , 1.646287011660346e-04 , 1.440633736780484e-07
100.20000000 , 1.633725003166335e-04 , 1.432685264319995e-07
100.50000000 , 1.620505768114755e-04 , 1.426396642362188e-07
100.80000000 , 1.606685018462360e-04 , 1.418163864544477e-07
101.10000000 , 1.595454096166139e-04 , 1.411574298411309e-07
101.40000000 , 1.581964641823207e-04 , 1.403872332783384e-07
101.70000000 , 1.570331366401194e-04 , 1.397917261193041e-07
102.00000000 , 1.558294605481349e-04 , 1.390826604261923e-07
102.30000000 , 1.544668311801083e-04 , 1.382618111596438e-07
102.60000000 , 1.534586550202367e-04 , 1.376530776329355e-07
102.90000000 , 1.522292414142656e-04 , 1.369370178331839e-07
103.20000000 , 1.508078700978573e-04 , 1.361180253503940e-07
103.50000000 , 1.498262841519328e-04 , 1.354716734639363e-07
103.80000000 , 1.485972044572246e-04 , 1.347931746191627e-07
104.10000000 , 1.475572275976275e-04 , 1.341592534052853e-07
104.40000000 , 1.464181736724662e-04 , 1.335078023729931e-07
104.70000000 , 1.451680221428931e-04 , 1.327531552769419e-07
105.00000000 , 1.439530744088196e-04 , 1.320489526732217e-07
105.30000000 , 1.429757394153768e-04 , 1.315451905013472e-07
105.60000000 , 1.419811978730206e-04 , 1.308551145886596e-07
105.90000000 , 1.408676254184029e-04 , 1.301726948881608e-07
106.20000000 , 1.396930690080642e-04 , 1.294805413877327e-07
106.50000000 , 1.386308177434949e-04 , 1.288460632677708e-07
106.80000000 , 1.378155509199452e-04 , 1.283710252555481e-07
107.10000000 , 1.366954048010199e-04 , 1.276330490132790e-07
107.40000000 , 1.356498852390027e-04 , 1.270744120725757e-07
107.70000000 , 1.343398926045801e-04 , 1.261624567970665e-07
108.00000000 , 1.333157620681812e-04 , 1.255335971971492e-07
108.30000000 , 1.324798606778089e-04 , 1.250480698014013e-07
108.60000000 , 1.312663548361042e-04 , 1.243073141788764e-07
108.90000000 , 1.304519280149273e-04 , 1.237532730022383e-07
109.20000000 , 1.295390490012912e-04 , 1.231870062962518e-07
109.50000000 , 1.282789005947751e-04 , 1.223940646579609e-07
109.80000000 , 1.276443751533858e-04 , 1.219575659347602e-07
110.10000000 , 1.265949033062973e-04 , 1.213072506044554e-07
110.40000000 , 1.254805606710530e-04 , 1.206153165145051e-07
110.70000000 , 1.246506398312435e-04 , 1.201381938427206e-07
111.00000000 , 1.236397042099667e-04 , 1.194493571809759e-07
111.30000000 , 1.227127737051849e-04 , 1.188574210532321e-07
111.60000000 , 1.220223712236476e-04 , 1.183719380737888e-07
111.90000000 , 1.209794141638376e-04 , 1.177754447106689e-07
112.20000000 , 1.201243272604060e-04 , 1.172426913892863e-07
112.50000000 , 1.191251991300572e-04 , 1.164485610548632e-07
112.80000000 , 1.182214503213719e-04 , 1.159998641462849e-07
113.10000000 , 1.174631907754493e-04 , 1.154752315646567e-07
113.40000000 , 1.164212133457411e-04 , 1.147929317599703e-07
113.70000000 , 1.156073683692645e-04 , 1.141495171599705e-07
114.00000000 , 1.147492820935984e-04 , 1.136687036063138e-07
114.30000000 , 1.139126963950741e-04 , 1.130919162041118e-07
114.60000000 , 1.130582345728773e-04 , 1.125120680754069e-07
114.90000000 , 1.119987492307430e-04 , 1.118248433461326e-07
115.20000000 , 1.113039846019649e-04 , 1.113309955219091e-07
115.50000000 , 1.104774377808690e-04 , 1.107938119528611e-07
115.80000000 , 1.095556006594725e-04 , 1.101304378202530e-07
116.10000000 , 1.089038930532536e-04 , 1.097366408008735e-07
116.40000000 , 1.081129368197552e-04 , 1.092176315675035e-07
116.70000000 , 1.072574813916845e-04 , 1.085595959755500e-07
117.00000000 , 1.063431900535240e-04 , 1.079484179769274e-07
117.30000000 , 1.054595477715583e-04 , 1.073345605604999e-07
117.60000000 , 1.050245544460979e-04 , 1.070115204144801e-07
117.90000000 , 1.039064345522234e-04 , 1.062691841529527e-07
118.20000000 , 1.033417485895839e-04 , 1.058583661609959e-07
118.50000000 , 1.024569443957582e-04 , 1.052600411209902e-07
118.80000000 , 1.017289037804736e-04 , 1.047564126941329e-07
119.10000000 , 1.011837590820415e-04 , 1.043460233091073e-07
119.40000000 , 1.002354972478112e-04 , 1.036729805845928e-07
119.70000000 , 9.938336603906028e-05 , 1.031408749270456e-07
120.00000000 , 9.874979082236971e-05 , 1.026781324881728e-07
120.30000000 , 9.790910346919567e-05 , 1.020358515262076e-07
120.60000000 , 9.740377340796715e-05 , 1.016862833713353e-07
120.90000000 , 9.650357169245711e-05 , 1.010466627394200e-07
121.20000000 , 9.577202489598536e-05 , 1.004798946220497e-07
121.50000000 , 9.518677792619180e-05 , 1.001449608387751e-07
121.80000000 , 9.438645518399079e-05 , 9.956505417787523e-08
122.10000000 , 9.357193722012581e-05 , 9.892224433310972e-08
122.40000000 , 9.297360272360771e-05 , 9.850877813406766e-08
122.70000000 , 9.225012272966774e-05 , 9.802127590747724e-08
123.00000000 , 9.159822224680470e-05 , 9.751082559193151e-08
123.30000000 , 9.098821983766659e-05 , 9.704409897982208e-08
123.60000000 , 9.012816432101529e-05 , 9.641079809963441e-08
123.90000000 , 8.946820402825015e-05 , 9.589106949901564e-08
124.20000000 , 8.891292389201857e-05 , 9.553739363969448e-08
124.50000000 , 8.803387618243248e-05 , 9.490216777803014e-08
124.80000000 , 8.756154985056682e-05 , 9.450071486626786e-08
125.10000000 , 8.700717485709942e-05 , 9.417626952449795e-08
125.40000000 , 8.636526162801776e-05 , 9.362954955412032e-08
125.70000000 , 8.561151763105308e-05 , 9.309646267967771e-08
126.00000000 , 8.499137787821509e-05 , 9.271126531725999e-08
126.30000000 , 8.431202130631963e-05 , 9.214553532610846e-08
126.60000000 , 8.353325257380379e-05 , 9.160098773370607e-08
126.90000000 , 8.307222844383725e-05 , 9.120590898979758e-08
127.20000000 , 8.226382686383139e-05 , 9.048799392057567e-08
127.50000000 , 8.178064665732825e-05 , 9.023112808978301e-08
127.80000000 , 8.103449370447996e-05 , 8.961103103796685e-08
128.10000000 , 8.045682320075850e-05 , 8.924776074975803e-08
128.40000000 , 7.996787987822165e-05 , 8.887312278272754e-08
128.70000000 , 7.926107923891601e-05 , 8.834706348141446e-08
129.00000000 , 7.855860807695155e-05 , 8.788546736025989e-08
129.30000000 , 7.806540797893531e-05 , 8.737069275566705e-08
129.60000000 , 7.742515851440527e-05 , 8.696541022103415e-08
129.90000000 , 7.689067691207101e-05 , 8.645125751877323e-08
130.20000000 , 7.625349593553754e-05 , 8.600151600959746e-08
130.50000000 , 7.566000066477111e-05 , 8.561307212029702e-08
130.80000000 , 7.510817801981432e-05 , 8.511231439736432e-08
131.10000000 , 7.434719581224046e-05 , 8.453500097392386e-08
131.40000000 , 7.392453975776609e-05 , 8.425898794965744e-08
131.70000000 , 7.327519289818880e-05 , 8.377612347213217e-08
132.00000000 , 7.278124642720646e-05 , 8.336342799938436e-08
132.30000000 , 7.209673719804077e-05 , 8.279940593981580e-08
132.60000000 , 7.168263739049063e-05 , 8.247421216091454e-08
132.90000000 , 7.102991122773753e-05 , 8.195178310029161e-08
133.20000000 , 7.038084500115790e-05 , 8.145504735308072e-08
133.50000000 , 6.994733226347063e-05 , 8.111930297979259e-08
133.80000000 , 6.938229280039453e-05 , 8.074631658598115e-08
134.10000000 , 6.895724671254213e-05 , 8.043311797318899e-08
134.40000000 , 6.826140793422476e-05 , 7.985646018211977e-08
134.70000000 , 6.757492357609615e-05 , 7.932620553622186e-08
135.00000000 , 6.724445886876825e-05 , 7.909179205912020e-08
135.30000000 , 6.635672598625324e-05 , 7.836112775691310e-08
135.60000000 , 6.592315854671926e-05 , 7.812046361610994e-08
135.90000000 , 6.520870787252700e-05 , 7.755399317063051e-08
136.20000000 , 6.469065872201023e-05 , 7.727133170946349e-08
136.50000000 , 6.370510991541642e-05 , 7.645889568762853e-08
136.80000000 , 6.338675653385095e-05 , 7.630090389662884e-08
137.10000000 , 6.288421832738359e-05 , 7.595985482283430e-08
137.40000000 , 6.204200678248229e-05 , 7.533432348379823e-08
137.70000000 , 6.140598892509524e-05 , 7.493415706577734e-08
138.00000000 , 6.067108774834449e-05 , 7.443087632452293e-08
138.30000000 , 5.996822600964933e-05 , 7.393175554573050e-08
138.60000000 , 5.924380517444429e-05 , 7.345657146036847e-08
138.90000000 , 5.858660927465193e-05 , 7.303221772516834e-08
139.20000000 , 5.779949465633636e-05 , 7.248053625143764e-08
139.50000000 , 5.718512207927229e-05 , 7.215161641289118e-08
139.80000000 , 5.631659128807309e-05 , 7.151613224627023e-08
140.10000000 , 5.555379291837249e-05 , 7.108789243475190e-08
140.40000000 , 5.491455021191817e-05 , 7.071788358062038e-08
140.70000000 , 5.404469782480290e-05 , 7.016586735360926e-08
141.00000000 , 5.321334919078550e-05 , 6.962611257807705e-08
141.30000000 , 5.240497272174987e-05 , 6.916123849379479e-08
141.60000000 , 5.169484558927668e-05 , 6.871908412557726e-08
141.90000000 , 5.072828365956228e-05 , 6.807548698972023e-08
142.20000000 , 5.000231960254047e-05 , 6.774280019420826e-08
142.50000000 , 4.895703626274021e-05 , 6.695403378571290e-08
142.80000000 , 4.823849090470652e-05 , 6.663710998832992e-08
143.10000000 , 4.714425634316200e-05 , 6.596912587447162e-08
143.40000000 , 4.643356885822863e-05 , 6.577365864310760e-08
143.70000000 , 4.530995808962951e-05 , 6.501779944186407e-08
144.00000000 , 4.423064380983884e-05 , 6.447045254055596e-08
144.30000000 , 4.293102880226666e-05 , 6.377214605698892e-08
144.60000000 , 4.172709762824417e-05 , 6.314468766805750e-08
144.90000000 , 4.066436475295169e-05 , 6.259375145243773e-08
145.20000000 , 3.958439634228498e-05 , 6.207720944419424e-08
145.50000000 , 3.846250416910560e-05 , 6.130715385980110e-08
145.80000000 , 3.758442830753358e-05 , 6.089392089633593e-08
146.10000000 , 3.665617356713727e-05 , 6.040795669231983e-08
146.40000000 , 3.568403889613155e-05 , 5.974021665119039e-08
146.70000000 , 3.504543248562839e-05 , 5.944330248130217e-08
147.00000000 , 3.397399216506829e-05 , 5.873057110610444e-08
147.30000000 , 3.340108321026737e-05 , 5.836325966219601e-08
147.60000000 , 3.270600379766182e-05 , 5.800163169062606e-08
147.90000000 , 3.197988449373290e-05 , 5.747783178879000e-08
148.20000000 , 3.127167753492995e-05 , 5.690449064357545e-08
148.50000000 , 3.069046962857379e-05 , 5.653313516435273e-08
148.80000000 , 3.022503400177177e-05 , 5.625009447774128e-08
149.10000000 , 2.956054496078780e-05 , 5.567544184087177e-08
149.40000000 , 2.906667636678862e-05 , 5.540029314306103e-08
149.70000000 , 2.853028957072651e-05 , 5.496120579683350e-08
150.00000000 , 2.801866902868647e-05 , 5.450298745701772e-08
150.30000000 , 2.746858392705302e-05 , 5.404559625715195e-08
150.60000000 , 2.697014238782243e-05 , 5.359940148962564e-08
150.90000000 , 2.665320524115961e-05 , 5.340285260925010e-08
151.20000000 , 2.612163937861806e-05 , 5.290669411691231e-08
151.50000000 , 2.568380121983284e-05 , 5.249457919984492e-08
151.80000000 , 2.530350306922759e-05 , 5.217227141929026e-08
152.10000000 , 2.493792975687094e-05 , 5.180128370385728e-08
152.40000000 , 2.454864928264910e-05 , 5.145754485287070e-08
152.70000000 , 2.420198625838419e-05 , 5.115327490611448e-08
153.00000000 , 2.378957528194868e-05 , 5.075716917104932e-08
153.30000000 , 2.344951937050202e-05 , 5.038495276063640e-08
153.60000000 , 2.317145020958301e-05 , 5.015800002935894e-08
153.90000000 , 2.286433347440100e-05 , 4.982581803052619e-08
154.20000000 , 2.253245251871270e-05 , 4.950816107050501e-08
154.50000000 , 2.225038134055247e-05 , 4.926289392935722e-08
154.80000000 , 2.191776327697717e-05 , 4.885617525766599e-08
155.10000000 , 2.163852726417440e-05 , 4.853973980312315e-08
155.40000000 , 2.134106920809162e-05 , 4.831218177529888e-08
155.70000000 , 2.108461267704962e-05 , 4.802271046014728e-08
156.00000000 , 2.079226976897576e-05 , 4.766975377092466e-08
156.30000000 , 2.046926157279438e-05 , 4.730220525030500e-08
156.60000000 , 2.031691751803250e-05 , 4.716227092175442e-08
156.90000000 , 2.001701532853196e-05 , 4.686278523660962e-08
157.20000000 , 1.975307646290469e-05 , 4.653945697660090e-08
157.50000000 , 1.954824361200595e-05 , 4.629233271551846e-08
157.80000000 , 1.933233672942482e-05 , 4.611352453640564e-08
158.10000000 , 1.912338034700135e-05 , 4.584303564423552e-08
158.40000000 , 1.886235848508349e-05 , 4.551249816915376e-08
158.70000000 , 1.870193532169774e-05 , 4.539304567022650e-08
159.00000000 , 1.849837305819715e-05 , 4.513533657940135e-08
159.30000000 , 1.834924533349606e-05 , 4.501496209236371e-08
159.60000000 , 1.811281189475291e-05 , 4.468960121613241e-08
159.90000000 , 1.790808517197590e-05 , 4.448837236969628e-08
160.20000000 , 1.771422388626785e-05 , 4.423697848352615e-08
160.50000000 , 1.753040406726384e-05 , 4.396400547893238e-08
160.80000000 , 1.732832353748772e-05 , 4.376710429139654e-08
161.10000000 , 1.722247963434322e-05 , 4.369264592094816e-08
161.40000000 , 1.699948660668779e-05 , 4.334425879484914e-08
161.70000000 , 1.687100205822939e-05 , 4.319266699520003e-08
162.00000000 , 1.674893112330552e-05 , 4.303039753523266e-08
162.30000000 , 1.656432262128785e-05 , 4.279987369420620e-08
162.60000000 , 1.638450881514733e-05 , 4.262776781163676e-08
162.90000000 , 1.623973507525516e-05 , 4.241146792513401e-08
163.20000000 , 1.613819246982831e-05 , 4.232454255392106e-08
163.50000000 , 1.599439212280561e-05 , 4.212685701009716e-08
163.80000000 , 1.584781242567266e-05 , 4.195406899646480e-08
164.10000000 , 1.575246656960604e-05 , 4.187128833535290e-08
164.40000000 , 1.557798923834547e-05 , 4.158698610380614e-08
164.70000000 , 1.544388837245358e-05 , 4.143370772123977e-08
165.00000000 , 1.536259309673243e-05 , 4.134373744643834e-08
165.30000000 , 1.517802237828868e-05 , 4.104783145713368e-08
165.60000000 , 1.505822243984655e-05 , 4.090850164373640e-08
165.90000000 , 1.506481273960127e-05 , 4.098083707571884e-08
166.20000000 , 1.490943603850310e-05 , 4.072164676999038e-08
166.50000000 , 1.479728788640711e-05 , 4.056491665511586e-08
166.80000000 , 1.465620061181553e-05 , 4.035314191379635e-08
167.10000000 , 1.458382557644531e-05 , 4.031746195533882e-08
167.40000000 , 1.452449386105101e-05 , 4.027522159727881e-08
167.70000000 , 1.443173147333617e-05 , 4.012022311352389e-08
168.00000000 , 1.425395515994005e-05 , 3.982393681108493e-08
168.30000000 , 1.422253613351553e-05 , 3.981344017684188e-08
168.60000000 , 1.414998206888194e-05 , 3.971507467701451e-08
168.90000000 , 1.414282223199337e-05 , 3.973091978502787e-08
169.20000000 , 1.406963271849175e-05 , 3.970102313034753e-08
169.50000000 , 1.392733927107424e-05 , 3.943567745692240e-08
169.80000000 , 1.385973763057196e-05 , 3.935909302017433e-08
170.10000000 , 1.384215430476917e-05 , 3.933436515812384e-08
170.40000000 , 1.374404758543833e-05 , 3.919942953000250e-08
170.70000000 , 1.368085830903177e-05 , 3.911758900866179e-08
171.00000000 , 1.360536862875656e-05 , 3.901872316937913e-08
171.30000000 , 1.345564992278166e-05 , 3.876963895032235e-08
171.60000000 , 1.349426871455540e-05 , 3.883448403113959e-08
171.90000000 , 1.341973007302066e-05 , 3.876883951176608e-08
172.20000000 , 1.337262103025212e-05 , 3.865238099034257e-08
172.50000000 , 1.331699429343601e-05 , 3.863888005557416e-08
172.80000000 , 1.325999118034355e-05 , 3.852027587303511e-08
173.10000000 , 1.327840675157203e-05 , 3.857346791733320e-08
173.40000000 , 1.315518012248195e-05 , 3.839149072000082e-08
173.70000000 , 1.312960841404188e-05 , 3.833615633110133e-08
174.00000000 , 1.307907323246085e-05 , 3.828839342894838e-08
174.30000000 , 1.304980585070517e-05 , 3.821339856407568e-08
174.60000000 , 1.303545705175981e-05 , 3.825029242305740e-08
174.90000000 , 1.304003682034500e-05 , 3.823492515072525e-08
175.20000000 , 1.293398743870016e-05 , 3.804968485503232e-08
175.50000000 , 1.290959674634098e-05 , 3.803546114249463e-08
175.80000000 , 1.288285812903337e-05 , 3.798177410777000e-08
176.10000000 , 1.286272502010668e-05 , 3.797365989706515e-08
176.40000000 , 1.289347482457396e-05 , 3.801083873045423e-08
176.70000000 , 1.280036562669426e-05 , 3.788723823236156e-08
177.00000000 , 1.284863001939527e-05 , 3.800921452543102e-08
177.30000000 , 1.275795723488798e-05 , 3.784997589031691e-08
177.60000000 , 1.269229318502772e-05 , 3.773009282708368e-08
177.90000000 , 1.278345913369557e-05 , 3.791496316496815e-08
178.20000000 , 1.275185183688489e-05 , 3.785731249850210e-08
178.50000000 , 1.272198771098905e-05 , 3.782233029628713e-08
178.80000000 , 1.276027481743383e-05 , 3.782701835921483e-08
179.10000000 , 1.271826305066960e-05 , 3.782942126387582e-08
179.40000000 , 1.264425756111305e-05 , 3.760457583079529e-08
179.70000000 , 1.265886940432934e-05 , 3.767909052356743e-08
