x_l , NLO , dNLO
0.00000000 , 1.400011365639294e-03 , 2.671076252849817e-07
1.00000000 , 1.400028371131553e-03 , 2.671281480091076e-07
2.00000000 , 1.399656752201352e-03 , 2.670390590788188e-07
3.00000000 , 1.399238075712292e-03 , 2.669624744379716e-07
4.00000000 , 1.400035604998453e-03 , 2.671738237791430e-07
5.00000000 , 1.399402678264281e-03 , 2.670581556493365e-07
6.00000000 , 1.398918968108117e-03 , 2.669625600814613e-07
7.00000000 , 1.399145144561255e-03 , 2.670388134735245e-07
8.00000000 , 1.398642998550923e-03 , 2.669810821067538e-07
9.00000000 , 1.398464022001202e-03 , 2.669731764275874e-07
10.00000000 , 1.397961507629203e-03 , 2.669740940722646e-07
11.00000000 , 1.397950658763132e-03 , 2.670240685847798e-07
12.00000000 , 1.397792436977905e-03 , 2.670462671355361e-07
13.00000000 , 1.396925344726622e-03 , 2.669151461035030e-07
14.00000000 , 1.396765282293487e-03 , 2.669043618947891e-07
15.00000000 , 1.396069844541020e-03 , 2.668730129283726e-07
16.00000000 , 1.395191186985863e-03 , 2.667209214216716e-07
17.00000000 , 1.394852108385297e-03 , 2.667001271693907e-07
18.00000000 , 1.394364885322036e-03 , 2.667219237666198e-07
19.00000000 , 1.393740045375471e-03 , 2.667053510267300e-07
20.00000000 , 1.392903433736052e-03 , 2.665991940196901e-07
21.00000000 , 1.392540230355792e-03 , 2.666737441453562e-07
22.00000000 , 1.391136356761171e-03 , 2.664424565245832e-07
23.00000000 , 1.390730756683242e-03 , 2.664923628769473e-07
24.00000000 , 1.389793862895630e-03 , 2.664211072024621e-07
25.00000000 , 1.389266483799323e-03 , 2.663921360063751e-07
26.00000000 , 1.388173839380507e-03 , 2.663155944531155e-07
27.00000000 , 1.387743024492350e-03 , 2.663341038977686e-07
28.00000000 , 1.386969194851926e-03 , 2.663519766525635e-07
29.00000000 , 1.385455333795112e-03 , 2.661765136181169e-07
30.00000000 , 1.384815831828225e-03 , 2.661595815627636e-07
31.00000000 , 1.383764900126732e-03 , 2.661014409208725e-07
32.00000000 , 1.382270358535661e-03 , 2.659736778010592e-07
33.00000000 , 1.382006559294600e-03 , 2.660044304493047e-07
34.00000000 , 1.380386841563675e-03 , 2.658833683534794e-07
35.00000000 , 1.379241439085517e-03 , 2.658073433293227e-07
36.00000000 , 1.378319749356486e-03 , 2.657904431230446e-07
37.00000000 , 1.376774617206184e-03 , 2.656592837874472e-07
38.00000000 , 1.375279615381182e-03 , 2.654984464352390e-07
39.00000000 , 1.374479159419092e-03 , 2.655786880939826e-07
40.00000000 , 1.373506872450555e-03 , 2.655404233879632e-07
41.00000000 , 1.371347507228181e-03 , 2.652847876117276e-07
42.00000000 , 1.370401400245184e-03 , 2.652815219952771e-07
43.00000000 , 1.368899569474436e-03 , 2.651235497018863e-07
44.00000000 , 1.367790523433211e-03 , 2.651559217402933e-07
45.00000000 , 1.366021965671226e-03 , 2.649395567725404e-07
46.00000000 , 1.364651865945217e-03 , 2.649202083646000e-07
47.00000000 , 1.363066390754476e-03 , 2.648132749215119e-07
48.00000000 , 1.361462351910559e-03 , 2.647278267422199e-07
49.00000000 , 1.359804166638773e-03 , 2.646085621246548e-07
50.00000000 , 1.358100665676445e-03 , 2.644867042873004e-07
51.00000000 , 1.356141598512063e-03 , 2.643190394713045e-07
52.00000000 , 1.354659899077654e-03 , 2.642429610120852e-07
53.00000000 , 1.353339914006630e-03 , 2.641948069373403e-07
54.00000000 , 1.351543669349555e-03 , 2.640724778268907e-07
55.00000000 , 1.349551257391333e-03 , 2.639331113631381e-07
56.00000000 , 1.347952526722058e-03 , 2.638937218744792e-07
57.00000000 , 1.346216482256509e-03 , 2.637237282473402e-07
58.00000000 , 1.344039220989273e-03 , 2.635580688852385e-07
59.00000000 , 1.342249895485082e-03 , 2.634618573707532e-07
60.00000000 , 1.340090454495510e-03 , 2.633146118199899e-07
61.00000000 , 1.338143694491422e-03 , 2.631479948066360e-07
62.00000000 , 1.336354354741383e-03 , 2.631208493938317e-07
63.00000000 , 1.333944348671559e-03 , 2.629003276122838e-07
64.00000000 , 1.332107367738168e-03 , 2.627726522492854e-07
65.00000000 , 1.330063234345226e-03 , 2.627129731417561e-07
66.00000000 , 1.327702749073877e-03 , 2.625018676423563e-07
67.00000000 , 1.325870641964612e-03 , 2.624226789254934e-07
68.00000000 , 1.323427705102545e-03 , 2.622227392750918e-07
69.00000000 , 1.321236617341303e-03 , 2.620814870337805e-07
70.00000000 , 1.319250823454448e-03 , 2.620225388905845e-07
71.00000000 , 1.316899405107325e-03 , 2.617974488127923e-07
72.00000000 , 1.314606523075523e-03 , 2.616590631810431e-07
73.00000000 , 1.312242133944609e-03 , 2.615175716010138e-07
74.00000000 , 1.310201066993251e-03 , 2.614058543523513e-07
75.00000000 , 1.307441899536743e-03 , 2.611993694197723e-07
76.00000000 , 1.304248627298963e-03 , 2.609375792838935e-07
77.00000000 , 1.302316299469408e-03 , 2.608007973710995e-07
78.00000000 , 1.300102237062515e-03 , 2.606538330394553e-07
79.00000000 , 1.297016723592113e-03 , 2.604267310621054e-07
80.00000000 , 1.295054200488126e-03 , 2.603855185088895e-07
81.00000000 , 1.291964885082150e-03 , 2.601543564811988e-07
82.00000000 , 1.289681091509252e-03 , 2.600321331852652e-07
83.00000000 , 1.286850668073608e-03 , 2.598146270348170e-07
84.00000000 , 1.284188172309437e-03 , 2.596218503724429e-07
85.00000000 , 1.281323124614651e-03 , 2.594255459091973e-07
86.00000000 , 1.278920495480685e-03 , 2.592429706026478e-07
87.00000000 , 1.275736031779328e-03 , 2.590150397749740e-07
88.00000000 , 1.273509014355387e-03 , 2.588700956059092e-07
89.00000000 , 1.270388015180456e-03 , 2.587030012402995e-07
90.00000000 , 1.313445353645284e-03 , 2.619748375029155e-07
91.00000000 , 1.309298968121844e-03 , 2.616427157516971e-07
92.00000000 , 1.305967061655285e-03 , 2.614641100758218e-07
93.00000000 , 1.301960819099707e-03 , 2.612260983370627e-07
94.00000000 , 1.297883479933976e-03 , 2.608750945318063e-07
95.00000000 , 1.293736398100163e-03 , 2.606102397410051e-07
96.00000000 , 1.290054121444980e-03 , 2.603808037482315e-07
97.00000000 , 1.286032617700249e-03 , 2.600836830671174e-07
98.00000000 , 1.282496229521407e-03 , 2.599331950368536e-07
99.00000000 , 1.277804009295396e-03 , 2.595403735654854e-07
100.00000000 , 1.273624679154906e-03 , 2.592593373723520e-07
101.00000000 , 1.269660085034377e-03 , 2.589555939334374e-07
102.00000000 , 1.264997939521092e-03 , 2.585871460386637e-07
103.00000000 , 1.261180483952510e-03 , 2.583814542879890e-07
104.00000000 , 1.256825717634157e-03 , 2.581133696380569e-07
105.00000000 , 1.252442220800290e-03 , 2.577914151595465e-07
106.00000000 , 1.248053994109780e-03 , 2.573859467764183e-07
107.00000000 , 1.244002026916023e-03 , 2.571784373899080e-07
108.00000000 , 1.239344876418781e-03 , 2.567926727784903e-07
109.00000000 , 1.234953775803784e-03 , 2.564981874820749e-07
110.00000000 , 1.230738069226346e-03 , 2.562041560204837e-07
111.00000000 , 1.226174058054790e-03 , 2.558881156805667e-07
112.00000000 , 1.221176011058400e-03 , 2.554893353960378e-07
113.00000000 , 1.216947555287467e-03 , 2.551482819811548e-07
114.00000000 , 1.212511593234445e-03 , 2.548027846183341e-07
115.00000000 , 1.207751139237988e-03 , 2.544885948783760e-07
116.00000000 , 1.202823906782334e-03 , 2.541091653323628e-07
117.00000000 , 1.198239422535200e-03 , 2.537951692935039e-07
118.00000000 , 1.193884529574408e-03 , 2.535034195400033e-07
119.00000000 , 1.189132327508302e-03 , 2.530795755965162e-07
120.00000000 , 1.183541552433914e-03 , 2.526374938064678e-07
121.00000000 , 1.178592738163899e-03 , 2.522480413057740e-07
122.00000000 , 1.173874435594669e-03 , 2.518841520190049e-07
123.00000000 , 1.169163989322803e-03 , 2.514409557496809e-07
124.00000000 , 1.163847224817788e-03 , 2.510286123963736e-07
125.00000000 , 1.159068670964343e-03 , 2.506822256996470e-07
126.00000000 , 1.153732422279400e-03 , 2.502293934221986e-07
127.00000000 , 1.149486717012272e-03 , 2.499758120532773e-07
128.00000000 , 1.143898519222636e-03 , 2.494342019691973e-07
129.00000000 , 1.138826525753326e-03 , 2.490314522396732e-07
130.00000000 , 1.133690689500254e-03 , 2.486325475108234e-07
131.00000000 , 1.127767755340286e-03 , 2.480750975220003e-07
132.00000000 , 1.122467805561697e-03 , 2.476263158530038e-07
133.00000000 , 1.117403081437636e-03 , 2.472470571667265e-07
134.00000000 , 1.112367015034983e-03 , 2.467828994581259e-07
135.00000000 , 1.106743264810496e-03 , 2.462716764533810e-07
136.00000000 , 1.101707286164234e-03 , 2.458705565116456e-07
137.00000000 , 1.096552052302126e-03 , 2.454975667375433e-07
138.00000000 , 1.090483896848805e-03 , 2.448572282863610e-07
139.00000000 , 1.085108052292439e-03 , 2.444352346805740e-07
140.00000000 , 1.079436008297776e-03 , 2.438984346599300e-07
141.00000000 , 1.073873755723577e-03 , 2.433761392884229e-07
142.00000000 , 1.068582118262074e-03 , 2.430004564051587e-07
143.00000000 , 1.062533575198899e-03 , 2.423406279153301e-07
144.00000000 , 1.056624667837553e-03 , 2.417841793493936e-07
145.00000000 , 1.052040032028571e-03 , 2.415189581088915e-07
146.00000000 , 1.045637641114037e-03 , 2.408717343729048e-07
147.00000000 , 1.040455206800364e-03 , 2.404488952097294e-07
148.00000000 , 1.034551330326611e-03 , 2.399184660294034e-07
149.00000000 , 1.028877776842628e-03 , 2.393708232199087e-07
150.00000000 , 1.023070192901037e-03 , 2.388214249094211e-07
151.00000000 , 1.017319791886937e-03 , 2.382807246515757e-07
152.00000000 , 1.011481901880482e-03 , 2.377262184886123e-07
153.00000000 , 1.005470862368124e-03 , 2.372033700989296e-07
154.00000000 , 9.994790997421418e-04 , 2.366172567892628e-07
155.00000000 , 9.935369227877934e-04 , 2.360049275544933e-07
156.00000000 , 9.869491425935836e-04 , 2.353040101348633e-07
157.00000000 , 9.813823845688306e-04 , 2.348417806111198e-07
158.00000000 , 9.756464663248033e-04 , 2.342890851515852e-07
159.00000000 , 9.687751459409652e-04 , 2.334977513831079e-07
160.00000000 , 9.632169022712379e-04 , 2.329647843990643e-07
161.00000000 , 9.569384239009705e-04 , 2.323869354337797e-07
162.00000000 , 9.504103569020515e-04 , 2.316881105195951e-07
163.00000000 , 9.446662054554791e-04 , 2.311728944438600e-07
164.00000000 , 9.382262595017892e-04 , 2.304123627852144e-07
165.00000000 , 9.319570627874461e-04 , 2.298629379006821e-07
166.00000000 , 9.258378137841269e-04 , 2.292143409126624e-07
167.00000000 , 9.192089071357512e-04 , 2.284315520339641e-07
168.00000000 , 9.130620049488524e-04 , 2.278838262189725e-07
169.00000000 , 9.071449242322070e-04 , 2.272681472253984e-07
170.00000000 , 8.997835278334821e-04 , 2.262969431246158e-07
171.00000000 , 8.936908391428910e-04 , 2.257856144984319e-07
172.00000000 , 8.872422395250651e-04 , 2.251001282430462e-07
173.00000000 , 8.808404537947030e-04 , 2.244041512687840e-07
174.00000000 , 8.739789258544184e-04 , 2.236000679329160e-07
175.00000000 , 8.676222079275636e-04 , 2.229535810817259e-07
176.00000000 , 8.607341444467715e-04 , 2.222020291184390e-07
177.00000000 , 8.545422533928753e-04 , 2.215532226511050e-07
178.00000000 , 8.479073920983231e-04 , 2.207841736597770e-07
179.00000000 , 8.408413364705821e-04 , 2.199867121884208e-07
180.00000000 , 8.337984672293658e-04 , 2.190633951092206e-07
181.00000000 , 8.274080525096345e-04 , 2.183779635915778e-07
182.00000000 , 8.202922062317596e-04 , 2.175511611381242e-07
183.00000000 , 8.134673590921213e-04 , 2.168225057332326e-07
184.00000000 , 8.066591703054399e-04 , 2.159748173854484e-07
185.00000000 , 8.001230479361588e-04 , 2.152119147098184e-07
186.00000000 , 7.929385427050870e-04 , 2.144031564161874e-07
187.00000000 , 7.860082001711446e-04 , 2.135704269180888e-07
188.00000000 , 7.791897265110517e-04 , 2.127301146678475e-07
189.00000000 , 7.719334417198009e-04 , 2.118166903928803e-07
190.00000000 , 7.647209381501950e-04 , 2.109360517685282e-07
191.00000000 , 7.579984892668328e-04 , 2.101248437134828e-07
192.00000000 , 7.507761410031032e-04 , 2.092925315147389e-07
193.00000000 , 7.436445542620348e-04 , 2.083472542227347e-07
194.00000000 , 7.365201415349049e-04 , 2.074478357678269e-07
195.00000000 , 7.290945366472792e-04 , 2.064696640393373e-07
196.00000000 , 7.220193856350575e-04 , 2.055524300776929e-07
197.00000000 , 7.146681236759488e-04 , 2.046941426692879e-07
198.00000000 , 7.071090343471443e-04 , 2.035641988031497e-07
199.00000000 , 7.000868313157999e-04 , 2.027494424155276e-07
200.00000000 , 6.922546543684795e-04 , 2.016172226270201e-07
201.00000000 , 6.850387468132333e-04 , 2.007081424833753e-07
202.00000000 , 6.776475161947527e-04 , 1.997341681764332e-07
203.00000000 , 6.703793869159901e-04 , 1.987007869430632e-07
204.00000000 , 6.631897103505771e-04 , 1.977744897058028e-07
205.00000000 , 6.548092985866291e-04 , 1.965750441235939e-07
206.00000000 , 6.477379345374434e-04 , 1.955701075017726e-07
207.00000000 , 6.401745136057298e-04 , 1.945151320501121e-07
208.00000000 , 6.322290690750201e-04 , 1.933892041514455e-07
209.00000000 , 6.251632515369785e-04 , 1.923970813412265e-07
210.00000000 , 6.172728385534915e-04 , 1.911655659597878e-07
211.00000000 , 6.098464764757945e-04 , 1.902779239572616e-07
212.00000000 , 6.020418245446243e-04 , 1.890509447811851e-07
213.00000000 , 5.942018844220443e-04 , 1.877493604318133e-07
214.00000000 , 5.864828629803994e-04 , 1.867316922945306e-07
215.00000000 , 5.782557793539164e-04 , 1.852627663679200e-07
216.00000000 , 5.708236302183296e-04 , 1.842142295254274e-07
217.00000000 , 5.627152564139287e-04 , 1.829687051234307e-07
218.00000000 , 5.550935982680251e-04 , 1.817467044426142e-07
219.00000000 , 5.472702561806508e-04 , 1.805525600047228e-07
220.00000000 , 5.392869809291760e-04 , 1.792933053062334e-07
221.00000000 , 5.313544737087083e-04 , 1.779444461050830e-07
222.00000000 , 5.237424787543347e-04 , 1.768559788744162e-07
223.00000000 , 5.156145327598462e-04 , 1.754715841187049e-07
224.00000000 , 5.076914654718122e-04 , 1.741156698992241e-07
225.00000000 , 4.994739654368460e-04 , 1.727108684503951e-07
226.00000000 , 4.919051014840737e-04 , 1.714780974844206e-07
227.00000000 , 4.838730391944289e-04 , 1.700829287597739e-07
228.00000000 , 4.758621973694673e-04 , 1.687711561546764e-07
229.00000000 , 4.678023756411263e-04 , 1.672895324991852e-07
230.00000000 , 4.600120819741692e-04 , 1.659836047834018e-07
231.00000000 , 4.519360909882591e-04 , 1.645233709418532e-07
232.00000000 , 4.438181980274381e-04 , 1.630314423653652e-07
233.00000000 , 4.358721864699514e-04 , 1.615911820555292e-07
234.00000000 , 4.275589108867453e-04 , 1.601172580513886e-07
235.00000000 , 4.189958465873785e-04 , 1.583809845459832e-07
236.00000000 , 4.116507017549698e-04 , 1.571490712914769e-07
237.00000000 , 4.037397700497476e-04 , 1.556814654972798e-07
238.00000000 , 3.954571529744759e-04 , 1.539945391287625e-07
239.00000000 , 3.875315768743266e-04 , 1.525085174497211e-07
240.00000000 , 3.794571803126700e-04 , 1.509531818420486e-07
241.00000000 , 3.714717059988223e-04 , 1.493084582701226e-07
242.00000000 , 3.631970194451301e-04 , 1.476840608966260e-07
243.00000000 , 3.550033099510523e-04 , 1.459387171716113e-07
244.00000000 , 3.472748466693853e-04 , 1.444418539134010e-07
245.00000000 , 3.390203478660577e-04 , 1.427224089121575e-07
246.00000000 , 3.308149009606383e-04 , 1.408816989401645e-07
247.00000000 , 3.228707333941742e-04 , 1.392048532013711e-07
248.00000000 , 3.148419049426594e-04 , 1.375253392278497e-07
249.00000000 , 3.067287900372352e-04 , 1.356766298745293e-07
250.00000000 , 2.986372099761540e-04 , 1.338521984686569e-07
251.00000000 , 2.904072556083981e-04 , 1.319327032603032e-07
252.00000000 , 2.821959121030969e-04 , 1.300462371810813e-07
253.00000000 , 2.743143458112418e-04 , 1.282148404000580e-07
254.00000000 , 2.660839225603161e-04 , 1.261799596827975e-07
255.00000000 , 2.580763193957495e-04 , 1.241660667540437e-07
256.00000000 , 2.505069473524256e-04 , 1.222903936219923e-07
257.00000000 , 2.425829535948136e-04 , 1.201856441169480e-07
258.00000000 , 2.349124496590889e-04 , 1.181271522405684e-07
259.00000000 , 2.275036247966935e-04 , 1.160650932065632e-07
260.00000000 , 2.199815479949565e-04 , 1.139550364614371e-07
261.00000000 , 2.127350755530792e-04 , 1.118578780197933e-07
262.00000000 , 2.056568962598824e-04 , 1.097576998467140e-07
263.00000000 , 1.986308621782867e-04 , 1.076429761263497e-07
264.00000000 , 1.918234383424634e-04 , 1.055846194536392e-07
265.00000000 , 1.850240779600296e-04 , 1.034256464975204e-07
266.00000000 , 1.786552371443915e-04 , 1.013552711060215e-07
267.00000000 , 1.719773668170972e-04 , 9.924094831854492e-08
268.00000000 , 1.651748939708102e-04 , 9.684527513952321e-08
269.00000000 , 1.589818246048924e-04 , 9.475456986242253e-08
270.00000000 , 1.528155045998446e-04 , 9.262858923205961e-08
271.00000000 , 1.465953618699748e-04 , 9.036234060869700e-08
272.00000000 , 1.406764256317105e-04 , 8.826585658917483e-08
273.00000000 , 1.348265062431224e-04 , 8.610989668066124e-08
274.00000000 , 1.291159025346512e-04 , 8.395570019108301e-08
275.00000000 , 1.234817305505046e-04 , 8.170076180878801e-08
276.00000000 , 1.181044825589781e-04 , 7.974634663534373e-08
277.00000000 , 1.126098650922218e-04 , 7.747054379762145e-08
278.00000000 , 1.075285615721599e-04 , 7.550284527823638e-08
279.00000000 , 1.023950614772611e-04 , 7.334768292446260e-08
280.00000000 , 9.718711226955622e-05 , 7.113222449009772e-08
281.00000000 , 9.228394045139371e-05 , 6.894816881430537e-08
282.00000000 , 8.738255584739262e-05 , 6.676054356526424e-08
283.00000000 , 8.269822939665262e-05 , 6.465893274409865e-08
284.00000000 , 7.809259331981782e-05 , 6.243547278662527e-08
285.00000000 , 7.335129644431320e-05 , 6.011550094727893e-08
286.00000000 , 6.897414768374901e-05 , 5.803507605782213e-08
287.00000000 , 6.471468314933559e-05 , 5.577576285404886e-08
288.00000000 , 6.042734577185532e-05 , 5.352204205743285e-08
289.00000000 , 5.627402018974641e-05 , 5.125352401154387e-08
290.00000000 , 5.232629241735171e-05 , 4.909317395161424e-08
291.00000000 , 4.828175391679137e-05 , 4.655379176757865e-08
292.00000000 , 4.458561702172363e-05 , 4.443585615358099e-08
293.00000000 , 4.090315782627599e-05 , 4.207923547580813e-08
294.00000000 , 3.735544483832827e-05 , 3.983839022984271e-08
295.00000000 , 3.393243397351717e-05 , 3.743340049550012e-08
296.00000000 , 3.064118780209861e-05 , 3.517838267863663e-08
297.00000000 , 2.746254933808526e-05 , 3.280200650072633e-08
298.00000000 , 2.446650641391079e-05 , 3.055142256216091e-08
299.00000000 , 2.158461451247860e-05 , 2.820042169216843e-08
300.00000000 , 1.884390429154830e-05 , 2.597495389716861e-08
301.00000000 , 1.619904710096467e-05 , 2.358501611398438e-08
302.00000000 , 1.379540273259148e-05 , 2.138898937870851e-08
303.00000000 , 1.154501607193529e-05 , 1.913547563809785e-08
304.00000000 , 9.482437713699708e-06 , 1.698189517935837e-08
305.00000000 , 7.617312373966569e-06 , 1.481750157995881e-08
306.00000000 , 5.916101617204409e-06 , 1.265939028741188e-08
307.00000000 , 4.424453749156124e-06 , 1.064504760301894e-08
308.00000000 , 3.149902237095119e-06 , 8.671426314542155e-09
309.00000000 , 2.053501642540248e-06 , 6.641710800926865e-09
310.00000000 , 1.184842327557615e-06 , 4.811267626881539e-09
311.00000000 , 5.431402141347319e-07 , 3.032187669882735e-09
312.00000000 , 1.574883156302605e-07 , 1.462351889685876e-09
313.00000000 , 1.121809427417856e-08 , 3.403517031899460e-10
314.00000000 , 0.000000000000000e+00 , 0.000000000000000e+00
315.00000000 , 0.000000000000000e+00 , 0.000000000000000e+00
316.00000000 , 0.000000000000000e+00 , 0.000000000000000e+00
317.00000000 , 0.000000000000000e+00 , 0.000000000000000e+00
318.00000000 , 0.000000000000000e+00 , 0.000000000000000e+00
319.00000000 , 0.000000000000000e+00 , 0.000000000000000e+00
320.00000000 , 0.000000000000000e+00 , 0.000000000000000e+00
321.00000000 , 0.000000000000000e+00 , 0.000000000000000e+00
322.00000000 , 0.000000000000000e+00 , 0.000000000000000e+00
323.00000000 , 0.000000000000000e+00 , 0.000000000000000e+00
324.00000000 , 0.000000000000000e+00 , 0.000000000000000e+00
325.00000000 , 0.000000000000000e+00 , 0.000000000000000e+00
326.00000000 , 0.000000000000000e+00 , 0.000000000000000e+00
327.00000000 , 0.000000000000000e+00 , 0.000000000000000e+00
328.00000000 , 0.000000000000000e+00 , 0.000000000000000e+00
329.00000000 , 0.000000000000000e+00 , 0.000000000000000e+00
330.00000000 , 0.000000000000000e+00 , 0.000000000000000e+00
331.00000000 , 0.000000000000000e+00 , 0.000000000000000e+00
332.00000000 , 0.000000000000000e+00 , 0.000000000000000e+00
333.00000000 , 0.000000000000000e+00 , 0.000000000000000e+00
334.00000000 , 0.000000000000000e+00 , 0.000000000000000e+00
335.00000000 , 0.000000000000000e+00 , 0.000000000000000e+00
336.00000000 , 0.000000000000000e+00 , 0.000000000000000e+00
337.00000000 , 0.000000000000000e+00 , 0.000000000000000e+00
338.00000000 , 0.000000000000000e+00 , 0.000000000000000e+00
339.00000000 , 0.000000000000000e+00 , 0.000000000000000e+00
340.00000000 , 0.000000000000000e+00 , 0.000000000000000e+00
341.00000000 , 0.000000000000000e+00 , 0.000000000000000e+00
342.00000000 , 0.000000000000000e+00 , 0.000000000000000e+00
343.00000000 , 0.000000000000000e+00 , 0.000000000000000e+00
344.00000000 , 0.000000000000000e+00 , 0.000000000000000e+00
345.00000000 , 0.000000000000000e+00 , 0.000000000000000e+00
346.00000000 , 0.000000000000000e+00 , 0.000000000000000e+00
347.00000000 , 0.000000000000000e+00 , 0.000000000000000e+00
348.00000000 , 0.000000000000000e+00 , 0.000000000000000e+00
349.00000000 , 0.000000000000000e+00 , 0.000000000000000e+00
350.00000000 , 0.000000000000000e+00 , 0.000000000000000e+00
351.00000000 , 0.000000000000000e+00 , 0.000000000000000e+00
352.00000000 , 0.000000000000000e+00 , 0.000000000000000e+00
353.00000000 , 0.000000000000000e+00 , 0.000000000000000e+00
354.00000000 , 0.000000000000000e+00 , 0.000000000000000e+00
355.00000000 , 0.000000000000000e+00 , 0.000000000000000e+00
356.00000000 , 0.000000000000000e+00 , 0.000000000000000e+00
357.00000000 , 0.000000000000000e+00 , 0.000000000000000e+00
358.00000000 , 0.000000000000000e+00 , 0.000000000000000e+00
359.00000000 , 0.000000000000000e+00 , 0.000000000000000e+00
360.00000000 , 0.000000000000000e+00 , 0.000000000000000e+00
361.00000000 , 0.000000000000000e+00 , 0.000000000000000e+00
362.00000000 , 0.000000000000000e+00 , 0.000000000000000e+00
363.00000000 , 0.000000000000000e+00 , 0.000000000000000e+00
364.00000000 , 0.000000000000000e+00 , 0.000000000000000e+00
365.00000000 , 0.000000000000000e+00 , 0.000000000000000e+00
366.00000000 , 0.000000000000000e+00 , 0.000000000000000e+00
367.00000000 , 0.000000000000000e+00 , 0.000000000000000e+00
368.00000000 , 0.000000000000000e+00 , 0.000000000000000e+00
369.00000000 , 0.000000000000000e+00 , 0.000000000000000e+00
370.00000000 , 0.000000000000000e+00 , 0.000000000000000e+00
371.00000000 , 0.000000000000000e+00 , 0.000000000000000e+00
372.00000000 , 0.000000000000000e+00 , 0.000000000000000e+00
373.00000000 , 0.000000000000000e+00 , 0.000000000000000e+00
374.00000000 , 0.000000000000000e+00 , 0.000000000000000e+00
375.00000000 , 0.000000000000000e+00 , 0.000000000000000e+00
376.00000000 , 0.000000000000000e+00 , 0.000000000000000e+00
377.00000000 , 0.000000000000000e+00 , 0.000000000000000e+00
378.00000000 , 0.000000000000000e+00 , 0.000000000000000e+00
379.00000000 , 0.000000000000000e+00 , 0.000000000000000e+00
380.00000000 , 0.000000000000000e+00 , 0.000000000000000e+00
381.00000000 , 0.000000000000000e+00 , 0.000000000000000e+00
382.00000000 , 0.000000000000000e+00 , 0.000000000000000e+00
383.00000000 , 0.000000000000000e+00 , 0.000000000000000e+00
384.00000000 , 0.000000000000000e+00 , 0.000000000000000e+00
385.00000000 , 0.000000000000000e+00 , 0.000000000000000e+00
386.00000000 , 0.000000000000000e+00 , 0.000000000000000e+00
387.00000000 , 0.000000000000000e+00 , 0.000000000000000e+00
388.00000000 , 0.000000000000000e+00 , 0.000000000000000e+00
389.00000000 , 0.000000000000000e+00 , 0.000000000000000e+00
390.00000000 , 0.000000000000000e+00 , 0.000000000000000e+00
391.00000000 , 0.000000000000000e+00 , 0.000000000000000e+00
392.00000000 , 0.000000000000000e+00 , 0.000000000000000e+00
393.00000000 , 0.000000000000000e+00 , 0.000000000000000e+00
394.00000000 , 0.000000000000000e+00 , 0.000000000000000e+00
395.00000000 , 0.000000000000000e+00 , 0.000000000000000e+00
396.00000000 , 0.000000000000000e+00 , 0.000000000000000e+00
397.00000000 , 0.000000000000000e+00 , 0.000000000000000e+00
398.00000000 , 0.000000000000000e+00 , 0.000000000000000e+00
399.00000000 , 0.000000000000000e+00 , 0.000000000000000e+00
400.00000000 , 0.000000000000000e+00 , 0.000000000000000e+00
401.00000000 , 0.000000000000000e+00 , 0.000000000000000e+00
402.00000000 , 0.000000000000000e+00 , 0.000000000000000e+00
403.00000000 , 0.000000000000000e+00 , 0.000000000000000e+00
404.00000000 , 0.000000000000000e+00 , 0.000000000000000e+00
405.00000000 , 0.000000000000000e+00 , 0.000000000000000e+00
406.00000000 , 0.000000000000000e+00 , 0.000000000000000e+00
407.00000000 , 0.000000000000000e+00 , 0.000000000000000e+00
408.00000000 , 0.000000000000000e+00 , 0.000000000000000e+00
409.00000000 , 0.000000000000000e+00 , 0.000000000000000e+00
410.00000000 , 0.000000000000000e+00 , 0.000000000000000e+00
411.00000000 , 0.000000000000000e+00 , 0.000000000000000e+00
412.00000000 , 0.000000000000000e+00 , 0.000000000000000e+00
413.00000000 , 0.000000000000000e+00 , 0.000000000000000e+00
414.00000000 , 0.000000000000000e+00 , 0.000000000000000e+00
415.00000000 , 0.000000000000000e+00 , 0.000000000000000e+00
416.00000000 , 0.000000000000000e+00 , 0.000000000000000e+00
417.00000000 , 0.000000000000000e+00 , 0.000000000000000e+00
418.00000000 , 0.000000000000000e+00 , 0.000000000000000e+00
419.00000000 , 0.000000000000000e+00 , 0.000000000000000e+00
420.00000000 , 0.000000000000000e+00 , 0.000000000000000e+00
421.00000000 , 0.000000000000000e+00 , 0.000000000000000e+00
422.00000000 , 0.000000000000000e+00 , 0.000000000000000e+00
423.00000000 , 0.000000000000000e+00 , 0.000000000000000e+00
424.00000000 , 0.000000000000000e+00 , 0.000000000000000e+00
425.00000000 , 0.000000000000000e+00 , 0.000000000000000e+00
426.00000000 , 0.000000000000000e+00 , 0.000000000000000e+00
427.00000000 , 0.000000000000000e+00 , 0.000000000000000e+00
428.00000000 , 0.000000000000000e+00 , 0.000000000000000e+00
429.00000000 , 0.000000000000000e+00 , 0.000000000000000e+00
430.00000000 , 0.000000000000000e+00 , 0.000000000000000e+00
431.00000000 , 0.000000000000000e+00 , 0.000000000000000e+00
432.00000000 , 0.000000000000000e+00 , 0.000000000000000e+00
433.00000000 , 0.000000000000000e+00 , 0.000000000000000e+00
434.00000000 , 0.000000000000000e+00 , 0.000000000000000e+00
435.00000000 , 0.000000000000000e+00 , 0.000000000000000e+00
436.00000000 , 0.000000000000000e+00 , 0.000000000000000e+00
437.00000000 , 0.000000000000000e+00 , 0.000000000000000e+00
438.00000000 , 0.000000000000000e+00 , 0.000000000000000e+00
439.00000000 , 0.000000000000000e+00 , 0.000000000000000e+00
440.00000000 , 0.000000000000000e+00 , 0.000000000000000e+00
441.00000000 , 0.000000000000000e+00 , 0.000000000000000e+00
442.00000000 , 0.000000000000000e+00 , 0.000000000000000e+00
443.00000000 , 0.000000000000000e+00 , 0.000000000000000e+00
444.00000000 , 0.000000000000000e+00 , 0.000000000000000e+00
445.00000000 , 0.000000000000000e+00 , 0.000000000000000e+00
446.00000000 , 0.000000000000000e+00 , 0.000000000000000e+00
447.00000000 , 0.000000000000000e+00 , 0.000000000000000e+00
448.00000000 , 0.000000000000000e+00 , 0.000000000000000e+00
449.00000000 , 0.000000000000000e+00 , 0.000000000000000e+00
450.00000000 , 0.000000000000000e+00 , 0.000000000000000e+00
451.00000000 , 0.000000000000000e+00 , 0.000000000000000e+00
452.00000000 , 0.000000000000000e+00 , 0.000000000000000e+00
453.00000000 , 0.000000000000000e+00 , 0.000000000000000e+00
454.00000000 , 0.000000000000000e+00 , 0.000000000000000e+00
455.00000000 , 0.000000000000000e+00 , 0.000000000000000e+00
456.00000000 , 0.000000000000000e+00 , 0.000000000000000e+00
457.00000000 , 0.000000000000000e+00 , 0.000000000000000e+00
458.00000000 , 0.000000000000000e+00 , 0.000000000000000e+00
459.00000000 , 0.000000000000000e+00 , 0.000000000000000e+00
460.00000000 , 0.000000000000000e+00 , 0.000000000000000e+00
461.00000000 , 0.000000000000000e+00 , 0.000000000000000e+00
462.00000000 , 0.000000000000000e+00 , 0.000000000000000e+00
463.00000000 , 0.000000000000000e+00 , 0.000000000000000e+00
464.00000000 , 0.000000000000000e+00 , 0.000000000000000e+00
465.00000000 , 0.000000000000000e+00 , 0.000000000000000e+00
466.00000000 , 0.000000000000000e+00 , 0.000000000000000e+00
467.00000000 , 0.000000000000000e+00 , 0.000000000000000e+00
468.00000000 , 0.000000000000000e+00 , 0.000000000000000e+00
469.00000000 , 0.000000000000000e+00 , 0.000000000000000e+00
470.00000000 , 0.000000000000000e+00 , 0.000000000000000e+00
471.00000000 , 0.000000000000000e+00 , 0.000000000000000e+00
472.00000000 , 0.000000000000000e+00 , 0.000000000000000e+00
473.00000000 , 0.000000000000000e+00 , 0.000000000000000e+00
474.00000000 , 0.000000000000000e+00 , 0.000000000000000e+00
475.00000000 , 0.000000000000000e+00 , 0.000000000000000e+00
476.00000000 , 0.000000000000000e+00 , 0.000000000000000e+00
477.00000000 , 0.000000000000000e+00 , 0.000000000000000e+00
478.00000000 , 0.000000000000000e+00 , 0.000000000000000e+00
479.00000000 , 0.000000000000000e+00 , 0.000000000000000e+00
480.00000000 , 0.000000000000000e+00 , 0.000000000000000e+00
481.00000000 , 0.000000000000000e+00 , 0.000000000000000e+00
482.00000000 , 0.000000000000000e+00 , 0.000000000000000e+00
483.00000000 , 0.000000000000000e+00 , 0.000000000000000e+00
484.00000000 , 0.000000000000000e+00 , 0.000000000000000e+00
485.00000000 , 0.000000000000000e+00 , 0.000000000000000e+00
486.00000000 , 0.000000000000000e+00 , 0.000000000000000e+00
487.00000000 , 0.000000000000000e+00 , 0.000000000000000e+00
488.00000000 , 0.000000000000000e+00 , 0.000000000000000e+00
489.00000000 , 0.000000000000000e+00 , 0.000000000000000e+00
490.00000000 , 0.000000000000000e+00 , 0.000000000000000e+00
491.00000000 , 0.000000000000000e+00 , 0.000000000000000e+00
492.00000000 , 0.000000000000000e+00 , 0.000000000000000e+00
493.00000000 , 0.000000000000000e+00 , 0.000000000000000e+00
494.00000000 , 0.000000000000000e+00 , 0.000000000000000e+00
495.00000000 , 0.000000000000000e+00 , 0.000000000000000e+00
496.00000000 , 0.000000000000000e+00 , 0.000000000000000e+00
497.00000000 , 0.000000000000000e+00 , 0.000000000000000e+00
498.00000000 , 0.000000000000000e+00 , 0.000000000000000e+00
499.00000000 , 0.000000000000000e+00 , 0.000000000000000e+00
500.00000000 , 0.000000000000000e+00 , 0.000000000000000e+00
501.00000000 , 0.000000000000000e+00 , 0.000000000000000e+00
502.00000000 , 0.000000000000000e+00 , 0.000000000000000e+00
503.00000000 , 0.000000000000000e+00 , 0.000000000000000e+00
504.00000000 , 0.000000000000000e+00 , 0.000000000000000e+00
505.00000000 , 0.000000000000000e+00 , 0.000000000000000e+00
506.00000000 , 0.000000000000000e+00 , 0.000000000000000e+00
507.00000000 , 0.000000000000000e+00 , 0.000000000000000e+00
508.00000000 , 0.000000000000000e+00 , 0.000000000000000e+00
509.00000000 , 0.000000000000000e+00 , 0.000000000000000e+00
510.00000000 , 0.000000000000000e+00 , 0.000000000000000e+00
511.00000000 , 0.000000000000000e+00 , 0.000000000000000e+00
512.00000000 , 0.000000000000000e+00 , 0.000000000000000e+00
513.00000000 , 0.000000000000000e+00 , 0.000000000000000e+00
514.00000000 , 0.000000000000000e+00 , 0.000000000000000e+00
515.00000000 , 0.000000000000000e+00 , 0.000000000000000e+00
516.00000000 , 0.000000000000000e+00 , 0.000000000000000e+00
517.00000000 , 0.000000000000000e+00 , 0.000000000000000e+00
518.00000000 , 0.000000000000000e+00 , 0.000000000000000e+00
519.00000000 , 0.000000000000000e+00 , 0.000000000000000e+00
520.00000000 , 0.000000000000000e+00 , 0.000000000000000e+00
521.00000000 , 0.000000000000000e+00 , 0.000000000000000e+00
522.00000000 , 0.000000000000000e+00 , 0.000000000000000e+00
523.00000000 , 0.000000000000000e+00 , 0.000000000000000e+00
524.00000000 , 0.000000000000000e+00 , 0.000000000000000e+00
525.00000000 , 0.000000000000000e+00 , 0.000000000000000e+00
526.00000000 , 0.000000000000000e+00 , 0.000000000000000e+00
527.00000000 , 0.000000000000000e+00 , 0.000000000000000e+00
528.00000000 , 0.000000000000000e+00 , 0.000000000000000e+00
529.00000000 , 0.000000000000000e+00 , 0.000000000000000e+00
530.00000000 , 0.000000000000000e+00 , 0.000000000000000e+00
531.00000000 , 0.000000000000000e+00 , 0.000000000000000e+00
532.00000000 , 0.000000000000000e+00 , 0.000000000000000e+00
533.00000000 , 0.000000000000000e+00 , 0.000000000000000e+00
534.00000000 , 0.000000000000000e+00 , 0.000000000000000e+00
535.00000000 , 0.000000000000000e+00 , 0.000000000000000e+00
536.00000000 , 0.000000000000000e+00 , 0.000000000000000e+00
537.00000000 , 0.000000000000000e+00 , 0.000000000000000e+00
538.00000000 , 0.000000000000000e+00 , 0.000000000000000e+00
539.00000000 , 0.000000000000000e+00 , 0.000000000000000e+00
540.00000000 , 0.000000000000000e+00 , 0.000000000000000e+00
541.00000000 , 0.000000000000000e+00 , 0.000000000000000e+00
542.00000000 , 0.000000000000000e+00 , 0.000000000000000e+00
543.00000000 , 0.000000000000000e+00 , 0.000000000000000e+00
544.00000000 , 0.000000000000000e+00 , 0.000000000000000e+00
545.00000000 , 0.000000000000000e+00 , 0.000000000000000e+00
546.00000000 , 0.000000000000000e+00 , 0.000000000000000e+00
547.00000000 , 0.000000000000000e+00 , 0.000000000000000e+00
548.00000000 , 0.000000000000000e+00 , 0.000000000000000e+00
549.00000000 , 0.000000000000000e+00 , 0.000000000000000e+00
550.00000000 , 0.000000000000000e+00 , 0.000000000000000e+00
551.00000000 , 0.000000000000000e+00 , 0.000000000000000e+00
552.00000000 , 0.000000000000000e+00 , 0.000000000000000e+00
553.00000000 , 0.000000000000000e+00 , 0.000000000000000e+00
554.00000000 , 0.000000000000000e+00 , 0.000000000000000e+00
555.00000000 , 0.000000000000000e+00 , 0.000000000000000e+00
556.00000000 , 0.000000000000000e+00 , 0.000000000000000e+00
557.00000000 , 0.000000000000000e+00 , 0.000000000000000e+00
558.00000000 , 0.000000000000000e+00 , 0.000000000000000e+00
559.00000000 , 0.000000000000000e+00 , 0.000000000000000e+00
560.00000000 , 0.000000000000000e+00 , 0.000000000000000e+00
561.00000000 , 0.000000000000000e+00 , 0.000000000000000e+00
562.00000000 , 0.000000000000000e+00 , 0.000000000000000e+00
563.00000000 , 0.000000000000000e+00 , 0.000000000000000e+00
564.00000000 , 0.000000000000000e+00 , 0.000000000000000e+00
565.00000000 , 0.000000000000000e+00 , 0.000000000000000e+00
566.00000000 , 0.000000000000000e+00 , 0.000000000000000e+00
567.00000000 , 0.000000000000000e+00 , 0.000000000000000e+00
568.00000000 , 0.000000000000000e+00 , 0.000000000000000e+00
569.00000000 , 0.000000000000000e+00 , 0.000000000000000e+00
570.00000000 , 0.000000000000000e+00 , 0.000000000000000e+00
571.00000000 , 0.000000000000000e+00 , 0.000000000000000e+00
572.00000000 , 0.000000000000000e+00 , 0.000000000000000e+00
573.00000000 , 0.000000000000000e+00 , 0.000000000000000e+00
574.00000000 , 0.000000000000000e+00 , 0.000000000000000e+00
575.00000000 , 0.000000000000000e+00 , 0.000000000000000e+00
576.00000000 , 0.000000000000000e+00 , 0.000000000000000e+00
577.00000000 , 0.000000000000000e+00 , 0.000000000000000e+00
578.00000000 , 0.000000000000000e+00 , 0.000000000000000e+00
579.00000000 , 0.000000000000000e+00 , 0.000000000000000e+00
580.00000000 , 0.000000000000000e+00 , 0.000000000000000e+00
581.00000000 , 0.000000000000000e+00 , 0.000000000000000e+00
582.00000000 , 0.000000000000000e+00 , 0.000000000000000e+00
583.00000000 , 0.000000000000000e+00 , 0.000000000000000e+00
584.00000000 , 0.000000000000000e+00 , 0.000000000000000e+00
585.00000000 , 0.000000000000000e+00 , 0.000000000000000e+00
586.00000000 , 0.000000000000000e+00 , 0.000000000000000e+00
587.00000000 , 0.000000000000000e+00 , 0.000000000000000e+00
588.00000000 , 0.000000000000000e+00 , 0.000000000000000e+00
589.00000000 , 0.000000000000000e+00 , 0.000000000000000e+00
590.00000000 , 0.000000000000000e+00 , 0.000000000000000e+00
591.00000000 , 0.000000000000000e+00 , 0.000000000000000e+00
592.00000000 , 0.000000000000000e+00 , 0.000000000000000e+00
593.00000000 , 0.000000000000000e+00 , 0.000000000000000e+00
594.00000000 , 0.000000000000000e+00 , 0.000000000000000e+00
595.00000000 , 0.000000000000000e+00 , 0.000000000000000e+00
596.00000000 , 0.000000000000000e+00 , 0.000000000000000e+00
597.00000000 , 0.000000000000000e+00 , 0.000000000000000e+00
598.00000000 , 0.000000000000000e+00 , 0.000000000000000e+00
599.00000000 , 0.000000000000000e+00 , 0.000000000000000e+00
