x_l , NLO , dNLO
0.00000000 , 0.000000000000000e+00 , 0.000000000000000e+00
0.83333333 , 0.000000000000000e+00 , 0.000000000000000e+00
1.66666667 , 0.000000000000000e+00 , 0.000000000000000e+00
2.50000000 , 0.000000000000000e+00 , 0.000000000000000e+00
3.33333333 , 0.000000000000000e+00 , 0.000000000000000e+00
4.16666667 , 0.000000000000000e+00 , 0.000000000000000e+00
5.00000000 , 0.000000000000000e+00 , 0.000000000000000e+00
5.83333333 , 0.000000000000000e+00 , 0.000000000000000e+00
6.66666667 , 0.000000000000000e+00 , 0.000000000000000e+00
7.50000000 , 0.000000000000000e+00 , 0.000000000000000e+00
8.33333333 , 0.000000000000000e+00 , 0.000000000000000e+00
9.16666667 , 0.000000000000000e+00 , 0.000000000000000e+00
10.00000000 , 0.000000000000000e+00 , 0.000000000000000e+00
10.83333333 , 0.000000000000000e+00 , 0.000000000000000e+00
11.66666667 , 0.000000000000000e+00 , 0.000000000000000e+00
12.50000000 , 0.000000000000000e+00 , 0.000000000000000e+00
13.33333333 , 0.000000000000000e+00 , 0.000000000000000e+00
14.16666667 , 0.000000000000000e+00 , 0.000000000000000e+00
15.00000000 , 0.000000000000000e+00 , 0.000000000000000e+00
15.83333333 , 0.000000000000000e+00 , 0.000000000000000e+00
16.66666667 , 0.000000000000000e+00 , 0.000000000000000e+00
17.50000000 , 0.000000000000000e+00 , 0.000000000000000e+00
18.33333333 , 0.000000000000000e+00 , 0.000000000000000e+00
19.16666667 , 0.000000000000000e+00 , 0.000000000000000e+00
20.00000000 , 8.250822840769342e-04 , 2.244444335272772e-07
20.83333333 , 7.971488036927516e-04 , 2.207734438184610e-07
21.66666667 , 7.726243841216294e-04 , 2.176757584302677e-07
22.50000000 , 7.485491231109685e-04 , 2.144163401887885e-07
23.33333333 , 7.277745162359503e-04 , 2.117910070985520e-07
24.16666667 , 7.075680275575373e-04 , 2.089863512222167e-07
25.00000000 , 6.890087523996485e-04 , 2.065220748937203e-07
25.83333333 , 6.714060136083261e-04 , 2.039786684246998e-07
26.66666667 , 6.550682206363497e-04 , 2.017601789065420e-07
27.50000000 , 6.401229146227004e-04 , 1.997950882087482e-07
28.33333333 , 6.255810821696009e-04 , 1.977001754253839e-07
29.16666667 , 6.121756479935385e-04 , 1.957077737401973e-07
30.00000000 , 5.994133407855374e-04 , 1.939087826319792e-07
30.83333333 , 5.877743610082384e-04 , 1.922333990097246e-07
31.66666667 , 5.766450979961879e-04 , 1.906436630264076e-07
32.50000000 , 5.661934698713950e-04 , 1.891313532108832e-07
33.33333333 , 5.560669062132773e-04 , 1.875981530334932e-07
34.16666667 , 5.467814174921811e-04 , 1.863035014365137e-07
35.00000000 , 5.380635509604295e-04 , 1.850428827157804e-07
35.83333333 , 5.295343726288836e-04 , 1.836876507177635e-07
36.66666667 , 5.212564345007201e-04 , 1.824887906907039e-07
37.50000000 , 5.138933705402577e-04 , 1.814302848948311e-07
38.33333333 , 5.069740468471207e-04 , 1.804422460709513e-07
39.16666667 , 4.997109286478854e-04 , 1.791533668039246e-07
40.00000000 , 4.933196117224007e-04 , 1.782702504488328e-07
40.83333333 , 4.875603899397900e-04 , 1.774941265100081e-07
41.66666667 , 4.815099953413450e-04 , 1.765366900108358e-07
42.50000000 , 4.765188175684054e-04 , 1.758716145441612e-07
43.33333333 , 4.709901754690524e-04 , 1.750591889094789e-07
44.16666667 , 4.663860385331449e-04 , 1.744875871894804e-07
45.00000000 , 4.617335978450551e-04 , 1.737948378124764e-07
45.83333333 , 4.571463871631683e-04 , 1.731082318358237e-07
46.66666667 , 4.535576376927994e-04 , 1.726884336431348e-07
47.50000000 , 4.503855372653345e-04 , 1.720443207182473e-07
48.33333333 , 4.487546942888549e-04 , 1.719905178365996e-07
49.16666667 , 4.475426857362635e-04 , 1.717492634649993e-07
50.00000000 , 4.467231615558016e-04 , 1.716302284028678e-07
50.83333333 , 4.460683407829146e-04 , 1.714713409615673e-07
51.66666667 , 4.453703697514426e-04 , 1.713676299076077e-07
52.50000000 , 4.449157821404668e-04 , 1.713547396982721e-07
53.33333333 , 4.446233497938071e-04 , 1.713838283048337e-07
54.16666667 , 4.444294539876594e-04 , 1.714132066370706e-07
55.00000000 , 4.441485475047335e-04 , 1.714704261257321e-07
55.83333333 , 4.445786150444702e-04 , 1.716569366183890e-07
56.66666667 , 4.448744092193746e-04 , 1.717345604576412e-07
57.50000000 , 4.447302465045490e-04 , 1.717327696124957e-07
58.33333333 , 4.453340658193494e-04 , 1.720065274227694e-07
59.16666667 , 4.457385730582958e-04 , 1.720179117163394e-07
60.00000000 , 4.465020320975151e-04 , 1.723497400236393e-07
60.83333333 , 4.471186684350699e-04 , 1.725272032834055e-07
61.66666667 , 4.485650754600835e-04 , 1.729456984186496e-07
62.50000000 , 4.494599828028509e-04 , 1.731513010484141e-07
63.33333333 , 4.503652301098284e-04 , 1.734070005598473e-07
64.16666667 , 4.519450770820598e-04 , 1.738052568380910e-07
65.00000000 , 4.530190299780423e-04 , 1.739450959906026e-07
65.83333333 , 4.551827414591393e-04 , 1.745883772064058e-07
66.66666667 , 4.567326704647553e-04 , 1.749990983124721e-07
67.50000000 , 4.589277723220892e-04 , 1.754992420746462e-07
68.33333333 , 4.609951681461388e-04 , 1.759480338161802e-07
69.16666667 , 4.633099375493645e-04 , 1.764068888077333e-07
70.00000000 , 4.660489323093572e-04 , 1.771884623369490e-07
70.83333333 , 4.691520741372730e-04 , 1.778030049395082e-07
71.66666667 , 4.720481331346531e-04 , 1.785424528350561e-07
72.50000000 , 4.754235780255858e-04 , 1.791850704567766e-07
73.33333333 , 4.790304649204970e-04 , 1.800343307075352e-07
74.16666667 , 4.830382858048754e-04 , 1.808455792481994e-07
75.00000000 , 4.873792638598777e-04 , 1.818108915670725e-07
75.83333333 , 4.917606948015333e-04 , 1.826602313936857e-07
76.66666667 , 4.971345686993544e-04 , 1.839073544620817e-07
77.50000000 , 5.024484713423227e-04 , 1.850207593832011e-07
78.33333333 , 5.087088312352363e-04 , 1.863130103800769e-07
79.16666667 , 5.151715892327972e-04 , 1.876554137080108e-07
80.00000000 , 5.223162036200333e-04 , 1.890876002636641e-07
80.83333333 , 5.301496670019100e-04 , 1.906676837472167e-07
81.66666667 , 5.383862869668731e-04 , 1.922228583437620e-07
82.50000000 , 5.481724287256663e-04 , 1.942333658595397e-07
83.33333333 , 5.587823220844438e-04 , 1.962044076400822e-07
84.16666667 , 5.704853715801135e-04 , 1.983694645259824e-07
85.00000000 , 5.837467372028419e-04 , 2.008515218924121e-07
85.83333333 , 5.989728887452171e-04 , 2.036356399599080e-07
86.66666667 , 6.172233667037174e-04 , 2.071189131521999e-07
87.50000000 , 6.377944685981518e-04 , 2.106800544435296e-07
88.33333333 , 6.626991653175477e-04 , 2.149325664208683e-07
89.16666667 , 6.935787175175745e-04 , 2.202207076096889e-07
90.00000000 , 7.337682868829602e-04 , 2.269783602015200e-07
90.83333333 , 7.886852274361511e-04 , 2.356386455153753e-07
91.66666667 , 8.769990575077773e-04 , 2.491395136020988e-07
92.50000000 , 1.110235251468768e-03 , 2.813434384406150e-07
93.33333333 , 2.197270861159578e-03 , 3.843368160386947e-07
94.16666667 , 2.174121465300171e-03 , 3.823779441714207e-07
95.00000000 , 2.151624925460965e-03 , 3.803449530555611e-07
95.83333333 , 2.129638298344021e-03 , 3.785239151231056e-07
96.66666667 , 2.106691931063974e-03 , 3.764441443011649e-07
97.50000000 , 2.085709338734233e-03 , 3.745820608612611e-07
98.33333333 , 2.064325258074518e-03 , 3.726813429094020e-07
99.16666667 , 2.043989766667136e-03 , 3.709093204380762e-07
100.00000000 , 2.022775529465582e-03 , 3.689181908052365e-07
100.83333333 , 2.002091235827823e-03 , 3.669937523251572e-07
101.66666667 , 1.982367616527998e-03 , 3.652277333802079e-07
102.50000000 , 1.962747387318749e-03 , 3.634534280953829e-07
103.33333333 , 1.943477249696054e-03 , 3.616841197784995e-07
104.16666667 , 1.924268282602898e-03 , 3.598572579151811e-07
105.00000000 , 1.906007802367612e-03 , 3.581842831106183e-07
105.83333333 , 1.887967015569883e-03 , 3.564927930436544e-07
106.66666667 , 1.869934760005824e-03 , 3.547997733449900e-07
107.50000000 , 1.852341857782611e-03 , 3.532149407664577e-07
108.33333333 , 1.834088194346494e-03 , 3.513560192539689e-07
109.16666667 , 1.816742962895314e-03 , 3.497309686856935e-07
110.00000000 , 1.799659239763432e-03 , 3.480649126311982e-07
110.83333333 , 1.782887200339258e-03 , 3.464744038398320e-07
111.66666667 , 1.766655514312493e-03 , 3.448724959504112e-07
112.50000000 , 1.750772503766297e-03 , 3.433259720182549e-07
113.33333333 , 1.734240478560710e-03 , 3.417237581665959e-07
114.16666667 , 1.719379366877371e-03 , 3.403023004471747e-07
115.00000000 , 1.703656661140288e-03 , 3.388047135585120e-07
115.83333333 , 1.688035187371351e-03 , 3.371421498918382e-07
116.66666667 , 1.672424841169213e-03 , 3.355991433783987e-07
117.50000000 , 1.657762799800420e-03 , 3.341572329826223e-07
118.33333333 , 1.643098244353689e-03 , 3.326698968597370e-07
119.16666667 , 1.628702144002418e-03 , 3.312949816360115e-07
120.00000000 , 1.614870053878472e-03 , 3.298246049786394e-07
120.83333333 , 1.600947216363899e-03 , 3.283578753757996e-07
121.66666667 , 1.586676263788054e-03 , 3.268791101205656e-07
122.50000000 , 1.573386904841339e-03 , 3.255335771867326e-07
123.33333333 , 1.559443838684109e-03 , 3.241087454517983e-07
124.16666667 , 1.545952965920579e-03 , 3.226474695124552e-07
125.00000000 , 1.532532986434425e-03 , 3.213137188304668e-07
125.83333333 , 1.520161428776566e-03 , 3.200595506471592e-07
126.66666667 , 1.507476792379948e-03 , 3.186835456918114e-07
127.50000000 , 1.493926123749536e-03 , 3.171658052839220e-07
128.33333333 , 1.481714282986557e-03 , 3.158855544134360e-07
129.16666667 , 1.469216289450967e-03 , 3.144782322919973e-07
130.00000000 , 1.457608787700534e-03 , 3.133003013994718e-07
130.83333333 , 1.445798364094982e-03 , 3.120240788717713e-07
131.66666667 , 1.433239391451488e-03 , 3.105693265193762e-07
132.50000000 , 1.422205792986565e-03 , 3.095579103681023e-07
133.33333333 , 1.410373214596578e-03 , 3.081796642655592e-07
134.16666667 , 1.399610868731300e-03 , 3.070029302161254e-07
135.00000000 , 1.388515132890940e-03 , 3.057426204644986e-07
135.83333333 , 1.376842132688953e-03 , 3.044592133027922e-07
136.66666667 , 1.365138776679288e-03 , 3.031072586245811e-07
137.50000000 , 1.354798578688958e-03 , 3.019527012188748e-07
138.33333333 , 1.343754957334037e-03 , 3.006937955178872e-07
139.16666667 , 1.333515067948811e-03 , 2.996054552687148e-07
140.00000000 , 1.322958846808119e-03 , 2.984028755438171e-07
140.83333333 , 1.312886000095433e-03 , 2.972031820138417e-07
141.66666667 , 1.302461524946458e-03 , 2.960333930414742e-07
142.50000000 , 1.292259627986165e-03 , 2.947982252599698e-07
143.33333333 , 1.282446758585783e-03 , 2.937705982365431e-07
144.16666667 , 1.272303576488716e-03 , 2.924715823534219e-07
145.00000000 , 1.263082849248862e-03 , 2.915213209778070e-07
145.83333333 , 1.253396370803964e-03 , 2.903308419000405e-07
146.66666667 , 1.243801700854101e-03 , 2.891638598809241e-07
147.50000000 , 1.234391028545699e-03 , 2.881601096872803e-07
148.33333333 , 1.224959129348614e-03 , 2.869728636224296e-07
149.16666667 , 1.215273300863524e-03 , 2.857855785994816e-07
150.00000000 , 1.206716194452289e-03 , 2.847939002724169e-07
150.83333333 , 1.197499325008044e-03 , 2.837292169082527e-07
151.66666667 , 1.189056789648108e-03 , 2.826645227215380e-07
152.50000000 , 1.180242465967605e-03 , 2.816182443514662e-07
153.33333333 , 1.171489346912010e-03 , 2.805660717963532e-07
154.16666667 , 1.162632793569265e-03 , 2.793890791592312e-07
155.00000000 , 1.154067498052554e-03 , 2.783877385363579e-07
155.83333333 , 1.145489580535102e-03 , 2.773026225123701e-07
156.66666667 , 1.137210086219504e-03 , 2.763018243746577e-07
157.50000000 , 1.129005178236109e-03 , 2.753115571215598e-07
158.33333333 , 1.121273334716221e-03 , 2.742964129149736e-07
159.16666667 , 1.112979940262554e-03 , 2.732645587330367e-07
160.00000000 , 1.104738850203486e-03 , 2.722162389108225e-07
160.83333333 , 1.096842645119813e-03 , 2.712406491625058e-07
161.66666667 , 1.089431608104771e-03 , 2.702650880597964e-07
162.50000000 , 1.081644081887181e-03 , 2.693513108188457e-07
163.33333333 , 1.074429621762607e-03 , 2.684823104777572e-07
164.16666667 , 1.066395328111427e-03 , 2.673625372028083e-07
165.00000000 , 1.058205048653239e-03 , 2.662326652406749e-07
165.83333333 , 1.051774245604717e-03 , 2.655687464773290e-07
166.66666667 , 1.043593477646629e-03 , 2.643355951200688e-07
167.50000000 , 1.036539093683887e-03 , 2.634615435139283e-07
168.33333333 , 1.029561552788496e-03 , 2.625771346506737e-07
169.16666667 , 1.021993894230172e-03 , 2.614811977947855e-07
170.00000000 , 1.014810340725976e-03 , 2.605860950662384e-07
170.83333333 , 1.008878710623274e-03 , 2.599060999431890e-07
171.66666667 , 1.001487737419287e-03 , 2.588713946404099e-07
172.50000000 , 9.946420698772568e-04 , 2.579026702991609e-07
173.33333333 , 9.874613001637483e-04 , 2.569271560231276e-07
174.16666667 , 9.809700880904063e-04 , 2.560914786703323e-07
175.00000000 , 9.740923855245477e-04 , 2.550941703022873e-07
175.83333333 , 9.676382191070215e-04 , 2.541809921561383e-07
176.66666667 , 9.611969860869874e-04 , 2.533298807357701e-07
177.50000000 , 9.547752344939356e-04 , 2.524708863175778e-07
178.33333333 , 9.484603876678232e-04 , 2.516771115898176e-07
179.16666667 , 9.422006464942742e-04 , 2.507404868678773e-07
180.00000000 , 9.353564379412718e-04 , 2.497868661932596e-07
180.83333333 , 9.291903356939705e-04 , 2.489560427700558e-07
181.66666667 , 9.234560653408890e-04 , 2.481418077385174e-07
182.50000000 , 9.169670108706336e-04 , 2.472104157746395e-07
183.33333333 , 9.110411059246314e-04 , 2.463317939074015e-07
184.16666667 , 9.052012566624601e-04 , 2.455981010913414e-07
185.00000000 , 8.990677791565121e-04 , 2.446817353692350e-07
185.83333333 , 8.932849963776051e-04 , 2.438672429195461e-07
186.66666667 , 8.873319513457213e-04 , 2.430425850591229e-07
187.50000000 , 8.814336156671319e-04 , 2.420779111175736e-07
188.33333333 , 8.761663618045076e-04 , 2.413648691176889e-07
189.16666667 , 8.698968109795227e-04 , 2.404448607216637e-07
190.00000000 , 8.645030460937949e-04 , 2.396470407374101e-07
190.83333333 , 8.592998333642316e-04 , 2.389204084996361e-07
191.66666667 , 8.538170970541849e-04 , 2.381016886753083e-07
192.50000000 , 8.480160668121704e-04 , 2.373049607182051e-07
193.33333333 , 8.430210445927153e-04 , 2.364961370780206e-07
194.16666667 , 8.371544694420438e-04 , 2.356303437816178e-07
195.00000000 , 8.319217551242653e-04 , 2.348593228807527e-07
195.83333333 , 8.265862521523949e-04 , 2.340741954955512e-07
196.66666667 , 8.213476680859710e-04 , 2.332631579293651e-07
197.50000000 , 8.163986729803554e-04 , 2.325975372183657e-07
198.33333333 , 8.111765579195730e-04 , 2.317517987431568e-07
199.16666667 , 8.057955116154531e-04 , 2.308808894617055e-07
200.00000000 , 8.009970153479524e-04 , 2.301662839426778e-07
200.83333333 , 7.955708187585484e-04 , 2.292889406224437e-07
201.66666667 , 7.905043550243913e-04 , 2.284934407430550e-07
202.50000000 , 7.857023896940376e-04 , 2.278422371910031e-07
203.33333333 , 7.811355853306949e-04 , 2.271322170370999e-07
204.16666667 , 7.759159095598171e-04 , 2.262573451546158e-07
205.00000000 , 7.716553833928114e-04 , 2.256836872297125e-07
205.83333333 , 7.665197577831492e-04 , 2.247649477228924e-07
206.66666667 , 7.615733313342865e-04 , 2.240298873856242e-07
207.50000000 , 7.569399171866045e-04 , 2.232986427276473e-07
208.33333333 , 7.524325812559426e-04 , 2.226510321850863e-07
209.16666667 , 7.478580770340024e-04 , 2.218216438211163e-07
210.00000000 , 7.428751646259569e-04 , 2.209531700194383e-07
210.83333333 , 7.386318403933228e-04 , 2.203911023644519e-07
211.66666667 , 7.342082116531559e-04 , 2.196589645789673e-07
212.50000000 , 7.298804395380919e-04 , 2.189362386041625e-07
213.33333333 , 7.252201687201102e-04 , 2.181988888706207e-07
214.16666667 , 7.207707722456029e-04 , 2.173818251454844e-07
215.00000000 , 7.162982740058808e-04 , 2.166834168351640e-07
215.83333333 , 7.118990989350713e-04 , 2.159820135551571e-07
216.66666667 , 7.076284497959476e-04 , 2.152925101363938e-07
217.50000000 , 7.037987366878042e-04 , 2.145965751377286e-07
218.33333333 , 6.995674941727100e-04 , 2.139599584795892e-07
219.16666667 , 6.953635671077884e-04 , 2.132880374814225e-07
220.00000000 , 6.912222901853189e-04 , 2.125418425003633e-07
220.83333333 , 6.865508123037800e-04 , 2.117211870777723e-07
221.66666667 , 6.824730641257176e-04 , 2.110597384646360e-07
222.50000000 , 6.787860301406142e-04 , 2.104266641393316e-07
223.33333333 , 6.747456077976855e-04 , 2.097823402445270e-07
224.16666667 , 6.709190732870985e-04 , 2.090393190135378e-07
225.00000000 , 6.663913536902206e-04 , 2.081979633727231e-07
225.83333333 , 6.626375530760938e-04 , 2.076280145786249e-07
226.66666667 , 6.585685756387042e-04 , 2.068812313093187e-07
227.50000000 , 6.551434255906312e-04 , 2.063968753962861e-07
228.33333333 , 6.512686455154355e-04 , 2.056805285902062e-07
229.16666667 , 6.472066071322680e-04 , 2.049596847371467e-07
230.00000000 , 6.432836953583639e-04 , 2.042535289433972e-07
230.83333333 , 6.398601928994038e-04 , 2.036624743230156e-07
231.66666667 , 6.357816512114080e-04 , 2.029161253563650e-07
232.50000000 , 6.319775621216640e-04 , 2.022577496568870e-07
233.33333333 , 6.283512850974555e-04 , 2.016133660548052e-07
234.16666667 , 6.247707235189338e-04 , 2.009366268984914e-07
235.00000000 , 6.213108578413817e-04 , 2.003062081065318e-07
235.83333333 , 6.174685333021423e-04 , 1.996272940442469e-07
236.66666667 , 6.142081441233807e-04 , 1.991141864802399e-07
237.50000000 , 6.104896482556138e-04 , 1.983984636420684e-07
238.33333333 , 6.067953211606043e-04 , 1.976428679145102e-07
239.16666667 , 6.033049247120351e-04 , 1.969848765456480e-07
240.00000000 , 5.997831464422854e-04 , 1.963248018308578e-07
240.83333333 , 5.961919835028463e-04 , 1.956757772571668e-07
241.66666667 , 5.924548076984198e-04 , 1.949780180170887e-07
242.50000000 , 5.898008660431333e-04 , 1.945489218067467e-07
243.33333333 , 5.859126802383033e-04 , 1.937374111022806e-07
244.16666667 , 5.827232952968512e-04 , 1.931330917816027e-07
245.00000000 , 5.795093972951273e-04 , 1.925385156978868e-07
245.83333333 , 5.762395478059060e-04 , 1.919693638894864e-07
246.66666667 , 5.729793588805349e-04 , 1.912867977156102e-07
247.50000000 , 5.697469006049363e-04 , 1.907156570972589e-07
248.33333333 , 5.662956313965640e-04 , 1.900393631245791e-07
249.16666667 , 5.628437365804369e-04 , 1.894452092695231e-07
250.00000000 , 5.599007308875061e-04 , 1.887808221793755e-07
250.83333333 , 5.565507638432644e-04 , 1.881082802635248e-07
251.66666667 , 5.534901518557642e-04 , 1.875231972868665e-07
252.50000000 , 5.502558430997402e-04 , 1.870060083317285e-07
253.33333333 , 5.470559915818348e-04 , 1.862816711969070e-07
254.16666667 , 5.441292345002196e-04 , 1.856479594180681e-07
255.00000000 , 5.411359619851475e-04 , 1.851513202326484e-07
255.83333333 , 5.376640934632273e-04 , 1.844511506579170e-07
256.66666667 , 5.350973493120320e-04 , 1.838738611285247e-07
257.50000000 , 5.317933699406004e-04 , 1.832621396225569e-07
258.33333333 , 5.289344051114854e-04 , 1.827019903197993e-07
259.16666667 , 5.261607420980012e-04 , 1.821226627000234e-07
260.00000000 , 5.228994564744554e-04 , 1.813711741881605e-07
260.83333333 , 5.201071970567245e-04 , 1.809055073801224e-07
261.66666667 , 5.168603711275278e-04 , 1.802052980825084e-07
262.50000000 , 5.141487538345670e-04 , 1.796381243836923e-07
263.33333333 , 5.111957794715637e-04 , 1.790302048559766e-07
264.16666667 , 5.081587632051535e-04 , 1.783429182177088e-07
265.00000000 , 5.054130467998029e-04 , 1.778155845881262e-07
265.83333333 , 5.024011997484487e-04 , 1.772103365859801e-07
266.66666667 , 4.995100053876323e-04 , 1.766041712496100e-07
267.50000000 , 4.968316921831302e-04 , 1.759777870224742e-07
268.33333333 , 4.942471735942922e-04 , 1.754567811920997e-07
269.16666667 , 4.913162071488516e-04 , 1.749134703215740e-07
270.00000000 , 4.889349201991681e-04 , 1.743424951765189e-07
270.83333333 , 4.859396416871955e-04 , 1.736820561781221e-07
271.66666667 , 4.831119451987977e-04 , 1.731475103366860e-07
272.50000000 , 4.803949704704710e-04 , 1.725376724381479e-07
273.33333333 , 4.777591039673999e-04 , 1.719783159499485e-07
274.16666667 , 4.750742801005082e-04 , 1.713994724124932e-07
275.00000000 , 4.721369277257121e-04 , 1.706850009531999e-07
275.83333333 , 4.700773689782855e-04 , 1.703232655711872e-07
276.66666667 , 4.673777606702494e-04 , 1.697635060700860e-07
277.50000000 , 4.647468314029645e-04 , 1.691135379975869e-07
278.33333333 , 4.620597142671544e-04 , 1.685728727297522e-07
279.16666667 , 4.594044437689023e-04 , 1.679550175183291e-07
280.00000000 , 4.564140784038093e-04 , 1.673240496367224e-07
280.83333333 , 4.538303781559658e-04 , 1.667234159455307e-07
281.66666667 , 4.514098550261938e-04 , 1.661525608655495e-07
282.50000000 , 4.493355551133058e-04 , 1.657980341627567e-07
283.33333333 , 4.464456349154247e-04 , 1.650546119620989e-07
284.16666667 , 4.441286642037816e-04 , 1.645826987326855e-07
285.00000000 , 4.415389601876644e-04 , 1.639868291501827e-07
285.83333333 , 4.390978136459879e-04 , 1.634093490833697e-07
286.66666667 , 4.363095015810875e-04 , 1.628018959387789e-07
287.50000000 , 4.340121032441888e-04 , 1.623179319154293e-07
288.33333333 , 4.314889408571591e-04 , 1.615969158350713e-07
289.16666667 , 4.289324076464531e-04 , 1.610673427137222e-07
290.00000000 , 4.263326739404157e-04 , 1.604798766357848e-07
290.83333333 , 4.243340278600051e-04 , 1.600220473520595e-07
291.66666667 , 4.214746377755327e-04 , 1.593683104348054e-07
292.50000000 , 4.188703027505733e-04 , 1.586887690486715e-07
293.33333333 , 4.165936850716291e-04 , 1.582051610365350e-07
294.16666667 , 4.140510171826327e-04 , 1.576561106712989e-07
295.00000000 , 4.115791022716754e-04 , 1.571146026177105e-07
295.83333333 , 4.089631206054900e-04 , 1.564451440590815e-07
296.66666667 , 4.064159728896552e-04 , 1.559971172736833e-07
297.50000000 , 4.040368737068902e-04 , 1.554211409639177e-07
298.33333333 , 4.013421875267019e-04 , 1.548194763804049e-07
299.16666667 , 3.981405995681114e-04 , 1.540607922253857e-07
300.00000000 , 3.956351132377959e-04 , 1.535345362194379e-07
300.83333333 , 3.930543526210411e-04 , 1.529884003996353e-07
301.66666667 , 3.904217403434261e-04 , 1.524324178185211e-07
302.50000000 , 3.875990424670423e-04 , 1.517903322254556e-07
303.33333333 , 3.843885736617146e-04 , 1.510843530048418e-07
304.16666667 , 3.817362142500224e-04 , 1.505281048354341e-07
305.00000000 , 3.790007494624213e-04 , 1.499880355035655e-07
305.83333333 , 3.755942596805950e-04 , 1.492199243192264e-07
306.66666667 , 3.725806993669069e-04 , 1.486102813944477e-07
307.50000000 , 3.697675893317987e-04 , 1.480559978104269e-07
308.33333333 , 3.664787970676954e-04 , 1.473469798066042e-07
309.16666667 , 3.632563688454081e-04 , 1.466434616839080e-07
310.00000000 , 3.598470184907168e-04 , 1.459083637614255e-07
310.83333333 , 3.567465618376167e-04 , 1.453138691566233e-07
311.66666667 , 3.530727668631367e-04 , 1.445041604960318e-07
312.50000000 , 3.492333777033493e-04 , 1.437371377729677e-07
313.33333333 , 3.455684411726474e-04 , 1.429683421939861e-07
314.16666667 , 3.416928888055951e-04 , 1.422602669466886e-07
315.00000000 , 3.379784872283309e-04 , 1.415753505889198e-07
315.83333333 , 3.338291910382346e-04 , 1.407149254831287e-07
316.66666667 , 3.298595931454922e-04 , 1.398268902238344e-07
317.50000000 , 3.258081294504765e-04 , 1.389733938403907e-07
318.33333333 , 3.220877722203429e-04 , 1.382270195755538e-07
319.16666667 , 3.184345651773492e-04 , 1.374779712210574e-07
320.00000000 , 3.145287505354832e-04 , 1.365663829193277e-07
320.83333333 , 3.106338946770629e-04 , 1.356948862672194e-07
321.66666667 , 3.070163834511169e-04 , 1.348579882869510e-07
322.50000000 , 3.031682337675585e-04 , 1.339539785443525e-07
323.33333333 , 2.994738642438953e-04 , 1.330801730350848e-07
324.16666667 , 2.958566596645350e-04 , 1.322066165020879e-07
325.00000000 , 2.918545613264665e-04 , 1.312202961798146e-07
325.83333333 , 2.885859724107244e-04 , 1.304317980187452e-07
326.66666667 , 2.850164868099864e-04 , 1.295691446721917e-07
327.50000000 , 2.816084806256036e-04 , 1.286583289223958e-07
328.33333333 , 2.781182630457995e-04 , 1.278200596048835e-07
329.16666667 , 2.749586944910828e-04 , 1.269837151345621e-07
330.00000000 , 2.714447266721898e-04 , 1.260826855585041e-07
330.83333333 , 2.682171686306487e-04 , 1.251664340650510e-07
331.66666667 , 2.651853760132995e-04 , 1.244083143765379e-07
332.50000000 , 2.620567107686272e-04 , 1.235711549256890e-07
333.33333333 , 2.590036829178654e-04 , 1.227336188072551e-07
334.16666667 , 2.560588921196456e-04 , 1.219848224980416e-07
335.00000000 , 2.531244526792213e-04 , 1.211693120362178e-07
335.83333333 , 2.501004089482398e-04 , 1.202516609567967e-07
336.66666667 , 2.474674426131639e-04 , 1.195215349700944e-07
337.50000000 , 2.449546938073334e-04 , 1.188906867533686e-07
338.33333333 , 2.422634492112837e-04 , 1.180837937513696e-07
339.16666667 , 2.397833907454207e-04 , 1.174043943747917e-07
340.00000000 , 2.372389376511891e-04 , 1.167170366396039e-07
340.83333333 , 2.347841795329243e-04 , 1.159646708942227e-07
341.66666667 , 2.322535705805510e-04 , 1.152264040420566e-07
342.50000000 , 2.299257879132611e-04 , 1.145315178656239e-07
343.33333333 , 2.273690218714466e-04 , 1.137916795092649e-07
344.16666667 , 2.254776742012280e-04 , 1.132163693116786e-07
345.00000000 , 2.232047010938844e-04 , 1.125847495040909e-07
345.83333333 , 2.209195118930426e-04 , 1.118498256857148e-07
346.66666667 , 2.184767085823939e-04 , 1.111315440042897e-07
347.50000000 , 2.165689820525870e-04 , 1.105508639236250e-07
348.33333333 , 2.143683211195018e-04 , 1.098692687884168e-07
349.16666667 , 2.124512227506309e-04 , 1.092909954403189e-07
350.00000000 , 2.103201972964857e-04 , 1.085900157916970e-07
350.83333333 , 2.082420514313260e-04 , 1.079570676690505e-07
351.66666667 , 2.062161387850341e-04 , 1.073046051752919e-07
352.50000000 , 2.043195283251368e-04 , 1.067141575241401e-07
353.33333333 , 2.021114150364054e-04 , 1.059815917873424e-07
354.16666667 , 2.005329362399984e-04 , 1.054754308260974e-07
355.00000000 , 1.986811894503511e-04 , 1.048427813440953e-07
355.83333333 , 1.968327350556199e-04 , 1.042747824610294e-07
356.66666667 , 1.950379916059980e-04 , 1.037065201521386e-07
357.50000000 , 1.932135652577617e-04 , 1.030849191118107e-07
358.33333333 , 1.913406385975548e-04 , 1.024469309833003e-07
359.16666667 , 1.895908996706543e-04 , 1.018696130153739e-07
360.00000000 , 1.879535485439708e-04 , 1.012905247972632e-07
360.83333333 , 1.860736539811048e-04 , 1.006781710223197e-07
361.66666667 , 1.844556755114212e-04 , 1.001057440781374e-07
362.50000000 , 1.829834082379618e-04 , 9.959338227191149e-08
363.33333333 , 1.812091284273498e-04 , 9.899465600470444e-08
364.16666667 , 1.796834716768897e-04 , 9.848754378924947e-08
365.00000000 , 1.780287228050069e-04 , 9.790351623459900e-08
365.83333333 , 1.762648465275657e-04 , 9.725881639727140e-08
366.66666667 , 1.750468149714950e-04 , 9.682814551036519e-08
367.50000000 , 1.734549052379143e-04 , 9.625903568723985e-08
368.33333333 , 1.721377834714765e-04 , 9.577562130515611e-08
369.16666667 , 1.705707522376502e-04 , 9.518895759379049e-08
370.00000000 , 1.689909051660176e-04 , 9.462187237379274e-08
370.83333333 , 1.674917461809239e-04 , 9.409235555341425e-08
371.66666667 , 1.663008469184992e-04 , 9.363778563268047e-08
372.50000000 , 1.649054499170419e-04 , 9.311739148584414e-08
373.33333333 , 1.635050177409130e-04 , 9.260530724854792e-08
374.16666667 , 1.621799239106787e-04 , 9.210278910569387e-08
375.00000000 , 1.608801388880820e-04 , 9.157274689260963e-08
375.83333333 , 1.595588882078472e-04 , 9.111268367044172e-08
376.66666667 , 1.582807892792442e-04 , 9.059457982827930e-08
377.50000000 , 1.569107270782571e-04 , 9.007644568790536e-08
378.33333333 , 1.556982526818894e-04 , 8.961587139161170e-08
379.16666667 , 1.544999848577166e-04 , 8.914049409216036e-08
380.00000000 , 1.533369003330443e-04 , 8.868682751193438e-08
380.83333333 , 1.520218347945412e-04 , 8.813760208763546e-08
381.66666667 , 1.509907847385387e-04 , 8.776907432423523e-08
382.50000000 , 1.497716703063637e-04 , 8.727809969410946e-08
383.33333333 , 1.484901768490908e-04 , 8.675809455249436e-08
384.16666667 , 1.474023375154555e-04 , 8.631405081081838e-08
385.00000000 , 1.462933782078615e-04 , 8.584388609092103e-08
385.83333333 , 1.453173184296727e-04 , 8.545561621258766e-08
386.66666667 , 1.441349490748381e-04 , 8.496401440637722e-08
387.50000000 , 1.431346525880880e-04 , 8.455465907297015e-08
388.33333333 , 1.420984394678283e-04 , 8.411296760768695e-08
389.16666667 , 1.411538152778525e-04 , 8.370608583353324e-08
390.00000000 , 1.400045087613078e-04 , 8.319441551595143e-08
390.83333333 , 1.389848123973552e-04 , 8.275345433012821e-08
391.66666667 , 1.378854165681214e-04 , 8.228210424913932e-08
392.50000000 , 1.370734762928087e-04 , 8.191625137933594e-08
393.33333333 , 1.359971852019154e-04 , 8.145609890576854e-08
394.16666667 , 1.350465981672174e-04 , 8.103273673222769e-08
395.00000000 , 1.341131386432438e-04 , 8.059661978191037e-08
395.83333333 , 1.331447392873122e-04 , 8.018696750934435e-08
396.66666667 , 1.322297632945531e-04 , 7.976149996193878e-08
397.50000000 , 1.312084218791185e-04 , 7.930365051835643e-08
398.33333333 , 1.303045147089517e-04 , 7.888303668063251e-08
399.16666667 , 1.294475519794131e-04 , 7.848354862643697e-08
400.00000000 , 1.285687831368591e-04 , 7.807081611655724e-08
400.83333333 , 1.277839024601990e-04 , 7.768677210496666e-08
401.66666667 , 1.268828463663694e-04 , 7.724415260442585e-08
402.50000000 , 1.259758494022475e-04 , 7.683020341036491e-08
403.33333333 , 1.251343839916802e-04 , 7.644152618521220e-08
404.16666667 , 1.243101122209726e-04 , 7.601686841692199e-08
405.00000000 , 1.234329068485061e-04 , 7.557686753570653e-08
405.83333333 , 1.227224084637512e-04 , 7.522797361322983e-08
406.66666667 , 1.220256494711938e-04 , 7.484989988755321e-08
407.50000000 , 1.212392346477796e-04 , 7.446013682791242e-08
408.33333333 , 1.204208300274750e-04 , 7.405340690245415e-08
409.16666667 , 1.196745597199281e-04 , 7.364345935398103e-08
410.00000000 , 1.190882271248622e-04 , 7.331315193599006e-08
410.83333333 , 1.181462745912108e-04 , 7.283295507712092e-08
411.66666667 , 1.176443361713820e-04 , 7.254693034107516e-08
412.50000000 , 1.167745053939836e-04 , 7.209514119458236e-08
413.33333333 , 1.161025735078968e-04 , 7.170334297578795e-08
414.16666667 , 1.155725304034731e-04 , 7.138709119977927e-08
415.00000000 , 1.149172462612373e-04 , 7.100620000520273e-08
415.83333333 , 1.141300309416581e-04 , 7.059086109031502e-08
416.66666667 , 1.136658333702342e-04 , 7.026578211258852e-08
417.50000000 , 1.130094140449239e-04 , 6.988873602999976e-08
418.33333333 , 1.124605977774456e-04 , 6.954888389186881e-08
419.16666667 , 1.117768778236892e-04 , 6.912275684815797e-08
420.00000000 , 1.113575135670746e-04 , 6.883771208478258e-08
420.83333333 , 1.105249079230264e-04 , 6.837083025401049e-08
421.66666667 , 1.099609720032648e-04 , 6.801122004164193e-08
422.50000000 , 1.093718682613301e-04 , 6.763564961968808e-08
423.33333333 , 1.087970272339782e-04 , 6.724976198843176e-08
424.16666667 , 1.081553542628103e-04 , 6.685367951922978e-08
425.00000000 , 1.074987245885566e-04 , 6.643878281476778e-08
425.83333333 , 1.068473120721456e-04 , 6.604487592923485e-08
426.66666667 , 1.062461308650984e-04 , 6.564049276056707e-08
427.50000000 , 1.055388056784376e-04 , 6.519832299357115e-08
428.33333333 , 1.049511824957627e-04 , 6.483690764482537e-08
429.16666667 , 1.042177257707688e-04 , 6.438685673749267e-08
430.00000000 , 1.035483604265621e-04 , 6.394229893517535e-08
430.83333333 , 1.029123828159688e-04 , 6.352905966284706e-08
431.66666667 , 1.021858742613644e-04 , 6.308062473499025e-08
432.50000000 , 1.014059424062982e-04 , 6.258395094326065e-08
433.33333333 , 1.006441658335502e-04 , 6.211081100869704e-08
434.16666667 , 9.992935170252559e-05 , 6.165555196388896e-08
435.00000000 , 9.918512814873192e-05 , 6.114751599058445e-08
435.83333333 , 9.831128491177443e-05 , 6.062837953663996e-08
436.66666667 , 9.772863025134060e-05 , 6.021079304023536e-08
437.50000000 , 9.683789363965736e-05 , 5.964729767322499e-08
438.33333333 , 9.606245518429002e-05 , 5.913396121851421e-08
439.16666667 , 9.525962286487641e-05 , 5.860473352897526e-08
440.00000000 , 9.441774528037383e-05 , 5.806260380759632e-08
440.83333333 , 9.355592715853001e-05 , 5.748875106030498e-08
441.66666667 , 9.273506616192652e-05 , 5.694939768665192e-08
442.50000000 , 9.165020470361955e-05 , 5.629296922830168e-08
443.33333333 , 9.084286891209424e-05 , 5.573332671443366e-08
444.16666667 , 8.988169167624322e-05 , 5.509470994667946e-08
445.00000000 , 8.872417561281518e-05 , 5.440273484846457e-08
445.83333333 , 8.771295863710575e-05 , 5.373800587390748e-08
446.66666667 , 8.661208057421969e-05 , 5.303521156899834e-08
447.50000000 , 8.562261755694697e-05 , 5.237025649589133e-08
448.33333333 , 8.425602483968118e-05 , 5.155584008401112e-08
449.16666667 , 8.304051783183540e-05 , 5.077576458715286e-08
450.00000000 , 8.159196468908983e-05 , 4.991304322530304e-08
450.83333333 , 8.035626512057060e-05 , 4.910316897394190e-08
451.66666667 , 7.885373978927449e-05 , 4.822769195812058e-08
452.50000000 , 7.723902869572098e-05 , 4.726984712669323e-08
453.33333333 , 7.560075521316412e-05 , 4.629661840051853e-08
454.16666667 , 7.375298616286036e-05 , 4.522744922659694e-08
455.00000000 , 7.173756058492685e-05 , 4.408518390201156e-08
455.83333333 , 6.967869305262139e-05 , 4.293767560997090e-08
456.66666667 , 6.742869243147806e-05 , 4.169594226302756e-08
457.50000000 , 6.467173597761123e-05 , 4.025786034759130e-08
458.33333333 , 6.158222787784854e-05 , 3.870024846171753e-08
459.16666667 , 5.755449093075093e-05 , 3.681830550092512e-08
460.00000000 , 5.082028505651505e-05 , 3.400120713932567e-08
460.83333333 , 6.924581195490903e-06 , 1.240755475807766e-08
461.66666667 , 0.000000000000000e+00 , 0.000000000000000e+00
462.50000000 , 0.000000000000000e+00 , 0.000000000000000e+00
463.33333333 , 0.000000000000000e+00 , 0.000000000000000e+00
464.16666667 , 0.000000000000000e+00 , 0.000000000000000e+00
465.00000000 , 0.000000000000000e+00 , 0.000000000000000e+00
465.83333333 , 0.000000000000000e+00 , 0.000000000000000e+00
466.66666667 , 0.000000000000000e+00 , 0.000000000000000e+00
467.50000000 , 0.000000000000000e+00 , 0.000000000000000e+00
468.33333333 , 0.000000000000000e+00 , 0.000000000000000e+00
469.16666667 , 0.000000000000000e+00 , 0.000000000000000e+00
470.00000000 , 0.000000000000000e+00 , 0.000000000000000e+00
470.83333333 , 0.000000000000000e+00 , 0.000000000000000e+00
471.66666667 , 0.000000000000000e+00 , 0.000000000000000e+00
472.50000000 , 0.000000000000000e+00 , 0.000000000000000e+00
473.33333333 , 0.000000000000000e+00 , 0.000000000000000e+00
474.16666667 , 0.000000000000000e+00 , 0.000000000000000e+00
475.00000000 , 0.000000000000000e+00 , 0.000000000000000e+00
475.83333333 , 0.000000000000000e+00 , 0.000000000000000e+00
476.66666667 , 0.000000000000000e+00 , 0.000000000000000e+00
477.50000000 , 0.000000000000000e+00 , 0.000000000000000e+00
478.33333333 , 0.000000000000000e+00 , 0.000000000000000e+00
479.16666667 , 0.000000000000000e+00 , 0.000000000000000e+00
480.00000000 , 0.000000000000000e+00 , 0.000000000000000e+00
480.83333333 , 0.000000000000000e+00 , 0.000000000000000e+00
481.66666667 , 0.000000000000000e+00 , 0.000000000000000e+00
482.50000000 , 0.000000000000000e+00 , 0.000000000000000e+00
483.33333333 , 0.000000000000000e+00 , 0.000000000000000e+00
484.16666667 , 0.000000000000000e+00 , 0.000000000000000e+00
485.00000000 , 0.000000000000000e+00 , 0.000000000000000e+00
485.83333333 , 0.000000000000000e+00 , 0.000000000000000e+00
486.66666667 , 0.000000000000000e+00 , 0.000000000000000e+00
487.50000000 , 0.000000000000000e+00 , 0.000000000000000e+00
488.33333333 , 0.000000000000000e+00 , 0.000000000000000e+00
489.16666667 , 0.000000000000000e+00 , 0.000000000000000e+00
490.00000000 , 0.000000000000000e+00 , 0.000000000000000e+00
490.83333333 , 0.000000000000000e+00 , 0.000000000000000e+00
491.66666667 , 0.000000000000000e+00 , 0.000000000000000e+00
492.50000000 , 0.000000000000000e+00 , 0.000000000000000e+00
493.33333333 , 0.000000000000000e+00 , 0.000000000000000e+00
494.16666667 , 0.000000000000000e+00 , 0.000000000000000e+00
495.00000000 , 0.000000000000000e+00 , 0.000000000000000e+00
495.83333333 , 0.000000000000000e+00 , 0.000000000000000e+00
496.66666667 , 0.000000000000000e+00 , 0.000000000000000e+00
497.50000000 , 0.000000000000000e+00 , 0.000000000000000e+00
498.33333333 , 0.000000000000000e+00 , 0.000000000000000e+00
499.16666667 , 0.000000000000000e+00 , 0.000000000000000e+00
