x_l , NLO , dNLO
316.00000000 , 1.778022865311386e-05 , 1.821981887766932e-08
317.01000000 , 2.326983695096142e-05 , 2.097539213943041e-08
318.02000000 , 2.360359718259688e-05 , 2.129341260505676e-08
319.03000000 , 2.396249798763584e-05 , 2.161539846702661e-08
320.04000000 , 2.426649303085847e-05 , 2.189947655925134e-08
321.05000000 , 2.454531555325550e-05 , 2.216570159025945e-08
322.06000000 , 2.489664524969983e-05 , 2.248272805984474e-08
323.07000000 , 2.520975681394632e-05 , 2.276631987807400e-08
324.08000000 , 2.550269284002686e-05 , 2.304054181455766e-08
325.09000000 , 2.579029838256980e-05 , 2.331156211017405e-08
326.10000000 , 2.608975983949950e-05 , 2.358581036389659e-08
327.11000000 , 2.640542181811223e-05 , 2.387227201718654e-08
328.12000000 , 2.671865288679885e-05 , 2.413675624140429e-08
329.13000000 , 2.699197456878067e-05 , 2.439983327215804e-08
330.14000000 , 2.728138120570963e-05 , 2.466840723531588e-08
331.15000000 , 2.752876327600489e-05 , 2.489774597914937e-08
332.16000000 , 2.777264431773584e-05 , 2.512817659420892e-08
333.17000000 , 2.811895545822587e-05 , 2.541026083338752e-08
334.18000000 , 2.832152327521374e-05 , 2.561958727842376e-08
335.19000000 , 2.867227521843440e-05 , 2.590695626353380e-08
336.20000000 , 2.891300546514411e-05 , 2.613319783582772e-08
337.21000000 , 2.915486847115302e-05 , 2.636555337982291e-08
338.22000000 , 2.946247155688822e-05 , 2.661810822210766e-08
339.23000000 , 2.968529404116552e-05 , 2.683964371016737e-08
340.24000000 , 2.993643095451116e-05 , 2.706987756877553e-08
341.25000000 , 3.022326403050542e-05 , 2.730214470732424e-08
342.26000000 , 3.046016050482076e-05 , 2.752019252499927e-08
343.27000000 , 3.070695068709114e-05 , 2.773961052565306e-08
344.28000000 , 3.093601509198921e-05 , 2.793689788012658e-08
345.29000000 , 3.123028690137063e-05 , 2.818956807846910e-08
346.30000000 , 3.141474322976028e-05 , 2.836290599080676e-08
347.31000000 , 3.168615449855567e-05 , 2.859564613349463e-08
348.32000000 , 3.190686958961325e-05 , 2.878950838707228e-08
349.33000000 , 3.214742159667756e-05 , 2.899762067741203e-08
350.34000000 , 3.237936524901672e-05 , 2.920374547707638e-08
351.35000000 , 3.269292505408911e-05 , 2.946403726675105e-08
352.36000000 , 3.290156175706586e-05 , 2.965780487973268e-08
353.37000000 , 3.314714461848503e-05 , 2.984703854505498e-08
354.38000000 , 3.334150199021822e-05 , 3.002860855611706e-08
355.39000000 , 3.363680533665872e-05 , 3.026870711564097e-08
356.40000000 , 3.386448904923037e-05 , 3.044923037042451e-08
357.41000000 , 3.402707978017246e-05 , 3.062052400230181e-08
358.42000000 , 3.421067530119304e-05 , 3.078738599160735e-08
359.43000000 , 3.450546906633763e-05 , 3.102550237929404e-08
360.44000000 , 3.470007529908945e-05 , 3.118948784149841e-08
361.45000000 , 3.490429774463489e-05 , 3.137153874248281e-08
362.46000000 , 3.514365678560171e-05 , 3.157182831859748e-08
363.47000000 , 3.535556649003033e-05 , 3.174477093765942e-08
364.48000000 , 3.565781616336116e-05 , 3.196626255968560e-08
365.49000000 , 3.583778919139889e-05 , 3.212424578809419e-08
366.50000000 , 3.605006787172442e-05 , 3.230514688404852e-08
367.51000000 , 3.630176938493031e-05 , 3.250352872367545e-08
368.52000000 , 3.647071380694759e-05 , 3.266839436119334e-08
369.53000000 , 3.664238743312187e-05 , 3.281083894570316e-08
370.54000000 , 3.691209992141357e-05 , 3.301166599767800e-08
371.55000000 , 3.719040879181696e-05 , 3.323722970602530e-08
372.56000000 , 3.739113599461692e-05 , 3.339984332392043e-08
373.57000000 , 3.757643448463630e-05 , 3.355411133575304e-08
374.58000000 , 3.777602189269497e-05 , 3.371323084499331e-08
375.59000000 , 3.803217407846796e-05 , 3.392004019343098e-08
376.60000000 , 3.824997232316119e-05 , 3.408438899355036e-08
377.61000000 , 3.842578219793179e-05 , 3.423427887912412e-08
378.62000000 , 3.861907334114515e-05 , 3.438347939846805e-08
379.63000000 , 3.879723657469463e-05 , 3.453151573583620e-08
380.64000000 , 3.908487087890775e-05 , 3.475245200611633e-08
381.65000000 , 3.930372778122199e-05 , 3.490084091301025e-08
382.66000000 , 3.950469244694393e-05 , 3.508156267794331e-08
383.67000000 , 3.975799067106143e-05 , 3.526102663573263e-08
384.68000000 , 3.996154471820378e-05 , 3.544220813311895e-08
385.69000000 , 4.023001384862162e-05 , 3.560572300278879e-08
386.70000000 , 4.033733858854689e-05 , 3.573775674004635e-08
387.71000000 , 4.053294111052149e-05 , 3.587024871343216e-08
388.72000000 , 4.079922174464757e-05 , 3.606040736593570e-08
389.73000000 , 4.107343068300063e-05 , 3.626397208532347e-08
390.74000000 , 4.126681104857799e-05 , 3.642243091464965e-08
391.75000000 , 4.143390399646844e-05 , 3.654401634189259e-08
392.76000000 , 4.166116592339717e-05 , 3.672047816196984e-08
393.77000000 , 4.188899132825255e-05 , 3.689395427520691e-08
394.78000000 , 4.210128486732578e-05 , 3.703531114650208e-08
395.79000000 , 4.236564095953559e-05 , 3.724235022974858e-08
396.80000000 , 4.259219253352589e-05 , 3.740742320522909e-08
397.81000000 , 4.282033420752776e-05 , 3.755794480715716e-08
398.82000000 , 4.305112714958782e-05 , 3.772579011101305e-08
399.83000000 , 4.322511382870409e-05 , 3.785356316215411e-08
400.84000000 , 4.346911059290301e-05 , 3.803047973550679e-08
401.85000000 , 4.368561078280399e-05 , 3.817731883842448e-08
402.86000000 , 4.392493685139558e-05 , 3.836318862434454e-08
403.87000000 , 4.412173072996737e-05 , 3.849735653953383e-08
404.88000000 , 4.431584009912221e-05 , 3.864389040065329e-08
405.89000000 , 4.459928378810637e-05 , 3.883753040808309e-08
406.90000000 , 4.482704011223794e-05 , 3.900693994537113e-08
407.91000000 , 4.495003471178979e-05 , 3.908060785219391e-08
408.92000000 , 4.528151189784155e-05 , 3.931290611750515e-08
409.93000000 , 4.554861119120222e-05 , 3.947458680570963e-08
410.94000000 , 4.572920343108389e-05 , 3.962483324281319e-08
411.95000000 , 4.584679381131155e-05 , 3.971439716355869e-08
412.96000000 , 4.614671171384820e-05 , 3.994592562652638e-08
413.97000000 , 4.639052379808599e-05 , 4.010190299818913e-08
414.98000000 , 4.657986222187100e-05 , 4.022746373464525e-08
415.99000000 , 4.687900378570928e-05 , 4.041666191162821e-08
417.00000000 , 4.700382115574104e-05 , 4.053029204936291e-08
418.01000000 , 4.734530802685571e-05 , 4.074414988604012e-08
419.02000000 , 4.754100434013748e-05 , 4.087252853042528e-08
420.03000000 , 4.774242828721580e-05 , 4.102348094230959e-08
421.04000000 , 4.797088242829577e-05 , 4.117562191833178e-08
422.05000000 , 4.810306284965294e-05 , 4.128365725016727e-08
423.06000000 , 4.844636289021293e-05 , 4.148720212623954e-08
424.07000000 , 4.856154626497063e-05 , 4.159037475408129e-08
425.08000000 , 4.890239400210045e-05 , 4.181607593779001e-08
426.09000000 , 4.907220055929127e-05 , 4.193150187086562e-08
427.10000000 , 4.939097932664310e-05 , 4.214196835708378e-08
428.11000000 , 4.956705736381772e-05 , 4.224381647511501e-08
429.12000000 , 4.981225091650421e-05 , 4.241057795333285e-08
430.13000000 , 5.007423998980294e-05 , 4.258682802720685e-08
431.14000000 , 5.028303266224506e-05 , 4.273073867883200e-08
432.15000000 , 5.065403294004129e-05 , 4.294427471330794e-08
433.16000000 , 5.076753204026074e-05 , 4.304004706726938e-08
434.17000000 , 5.106015833077125e-05 , 4.322107826060640e-08
435.18000000 , 5.127634606313376e-05 , 4.337739191294903e-08
436.19000000 , 5.156974989937357e-05 , 4.355997302757977e-08
437.20000000 , 5.173479088969457e-05 , 4.366134607364733e-08
438.21000000 , 5.215053443228131e-05 , 4.388949312321452e-08
439.22000000 , 5.228569094625710e-05 , 4.402672693524445e-08
440.23000000 , 5.267394283908489e-05 , 4.422748979464556e-08
441.24000000 , 5.288688244833234e-05 , 4.436085637634839e-08
442.25000000 , 5.314812936987335e-05 , 4.453891588724593e-08
443.26000000 , 5.342312319177980e-05 , 4.471155773640774e-08
444.27000000 , 5.366276058643659e-05 , 4.484160050088345e-08
445.28000000 , 5.399183824744770e-05 , 4.504418462612185e-08
446.29000000 , 5.426672093189315e-05 , 4.523091401296352e-08
447.30000000 , 5.465453522385370e-05 , 4.543664248191097e-08
448.31000000 , 5.495105099023741e-05 , 4.561803520659891e-08
449.32000000 , 5.515979999609550e-05 , 4.572323995260859e-08
450.33000000 , 5.554256699814846e-05 , 4.596668220213583e-08
451.34000000 , 5.581775224581217e-05 , 4.611826687851481e-08
452.35000000 , 5.607246205193566e-05 , 4.628034256406932e-08
453.36000000 , 5.646645971166480e-05 , 4.649051620067108e-08
454.37000000 , 5.673893209183522e-05 , 4.667014102807771e-08
455.38000000 , 5.706743312964453e-05 , 4.685974209292685e-08
456.39000000 , 5.743950773291423e-05 , 4.706380326407664e-08
457.40000000 , 5.772090287099968e-05 , 4.721103742614801e-08
458.41000000 , 5.818483329893267e-05 , 4.746701987501280e-08
459.42000000 , 5.840196499953130e-05 , 4.760304639107366e-08
460.43000000 , 5.881558828969423e-05 , 4.780739386193877e-08
461.44000000 , 5.907695633044734e-05 , 4.797619757139698e-08
462.45000000 , 5.943074801576119e-05 , 4.818121523732473e-08
463.46000000 , 5.982402611372669e-05 , 4.838600993459177e-08
464.47000000 , 6.016900357914628e-05 , 4.859174803755573e-08
465.48000000 , 6.057785962683188e-05 , 4.881503109882596e-08
466.49000000 , 6.088584254227150e-05 , 4.896139180316875e-08
467.50000000 , 6.131281823169343e-05 , 4.919010859900174e-08
468.51000000 , 6.169144895601050e-05 , 4.939047131154294e-08
469.52000000 , 6.210663979697850e-05 , 4.961514847013596e-08
470.53000000 , 6.243813346113293e-05 , 4.980381026797958e-08
471.54000000 , 6.284721550954512e-05 , 5.001619162286478e-08
472.55000000 , 6.314717909428017e-05 , 5.017408887050930e-08
473.56000000 , 6.358590889215459e-05 , 5.039667371703969e-08
474.57000000 , 6.402661467921153e-05 , 5.063371156688335e-08
475.58000000 , 6.436515535579604e-05 , 5.079093649910399e-08
476.59000000 , 6.485765021483664e-05 , 5.105655499993208e-08
477.60000000 , 6.525250861478396e-05 , 5.124358192071309e-08
478.61000000 , 6.569066111846086e-05 , 5.150411580609383e-08
479.62000000 , 6.605411789775528e-05 , 5.166276803337322e-08
480.63000000 , 6.645016047543564e-05 , 5.187007521442787e-08
481.64000000 , 6.692115701534661e-05 , 5.209066046707470e-08
482.65000000 , 6.743991880980835e-05 , 5.236897853651785e-08
483.66000000 , 6.788750811235771e-05 , 5.256164736349571e-08
484.67000000 , 6.836707674129853e-05 , 5.283287210888743e-08
485.68000000 , 6.870930412985500e-05 , 5.298792113052633e-08
486.69000000 , 6.930860852862271e-05 , 5.327755499938293e-08
487.70000000 , 6.973312154836685e-05 , 5.349899836277529e-08
488.71000000 , 7.017717365797762e-05 , 5.369441428326597e-08
489.72000000 , 7.057354618038612e-05 , 5.388884564190208e-08
490.73000000 , 7.119824566432023e-05 , 5.421010216873473e-08
491.74000000 , 7.165639760167026e-05 , 5.441169952302001e-08
492.75000000 , 7.211397567358301e-05 , 5.459072410823225e-08
493.76000000 , 7.261745982119640e-05 , 5.485149794182708e-08
494.77000000 , 7.326298015664028e-05 , 5.515971407041746e-08
495.78000000 , 7.373057911329738e-05 , 5.541314260235620e-08
496.79000000 , 7.415783561229381e-05 , 5.557224904118423e-08
497.80000000 , 7.475057356864756e-05 , 5.585187631641381e-08
498.81000000 , 7.531042047043643e-05 , 5.611444766059932e-08
499.82000000 , 7.594893837120086e-05 , 5.639570085625859e-08
500.83000000 , 7.640127880682522e-05 , 5.660329239603358e-08
501.84000000 , 7.694221218157718e-05 , 5.683393708674043e-08
502.85000000 , 7.749563351417935e-05 , 5.708967894777498e-08
503.86000000 , 7.811109633808378e-05 , 5.734175071193415e-08
504.87000000 , 7.874363002729077e-05 , 5.763971798405133e-08
505.88000000 , 7.932887334151680e-05 , 5.788730581801905e-08
506.89000000 , 8.004044887490040e-05 , 5.819700311422666e-08
507.90000000 , 8.056419302451985e-05 , 5.841417344078567e-08
508.91000000 , 8.118875564891048e-05 , 5.868661554580182e-08
509.92000000 , 8.190262999191643e-05 , 5.899704799559472e-08
510.93000000 , 8.257959122563149e-05 , 5.928944596855622e-08
511.94000000 , 8.315553441469721e-05 , 5.949447951515357e-08
512.95000000 , 8.393922617731341e-05 , 5.984831311267713e-08
513.96000000 , 8.462244039696032e-05 , 6.013422372749720e-08
514.97000000 , 8.522941488247364e-05 , 6.037610369868148e-08
515.98000000 , 8.593556657027164e-05 , 6.065109575683615e-08
516.99000000 , 8.674694617302534e-05 , 6.101078309755241e-08
518.00000000 , 8.737761298928440e-05 , 6.126865601938217e-08
519.01000000 , 8.822436254531706e-05 , 6.159364042618805e-08
520.02000000 , 8.895204699200783e-05 , 6.188376556290432e-08
521.03000000 , 8.978980126347357e-05 , 6.223278059943675e-08
522.04000000 , 9.045488139702684e-05 , 6.248139510967685e-08
523.05000000 , 9.122900430985365e-05 , 6.280463230561930e-08
524.06000000 , 9.204733113362778e-05 , 6.311148551869113e-08
525.07000000 , 9.274758262736076e-05 , 6.339368010708996e-08
526.08000000 , 9.354764520962850e-05 , 6.371520337976430e-08
527.09000000 , 9.446782654014832e-05 , 6.406281568439219e-08
528.10000000 , 9.530841139864421e-05 , 6.439684239917103e-08
529.11000000 , 9.606254658539418e-05 , 6.467215707933874e-08
530.12000000 , 9.691950999023931e-05 , 6.500743333236755e-08
531.13000000 , 9.773527845771870e-05 , 6.534117100482380e-08
532.14000000 , 9.863344204585671e-05 , 6.566852457017116e-08
533.15000000 , 9.932212714613102e-05 , 6.593766371419265e-08
534.16000000 , 1.004159607208633e-04 , 6.636943985315972e-08
535.17000000 , 1.012187934880114e-04 , 6.668425522727350e-08
536.18000000 , 1.020628767459689e-04 , 6.698097382444040e-08
537.19000000 , 1.030442799698178e-04 , 6.737402157454261e-08
538.20000000 , 1.037976419413509e-04 , 6.764986034673227e-08
539.21000000 , 1.047398295486367e-04 , 6.801509872182810e-08
540.22000000 , 1.057076791678875e-04 , 6.835194099193466e-08
541.23000000 , 1.065814261533624e-04 , 6.869213266956956e-08
542.24000000 , 1.074618011116326e-04 , 6.900698514543561e-08
543.25000000 , 1.085957381213481e-04 , 6.942630269527467e-08
544.26000000 , 1.094966988154281e-04 , 6.976660464747429e-08
545.27000000 , 1.104409993899925e-04 , 7.011603125259492e-08
546.28000000 , 1.115095781761531e-04 , 7.048277335393403e-08
547.29000000 , 1.125426376828182e-04 , 7.085589696594675e-08
548.30000000 , 1.135538898651116e-04 , 7.125369482946251e-08
549.31000000 , 1.142866978715577e-04 , 7.146787787266315e-08
550.32000000 , 1.154131139453055e-04 , 7.189120478021633e-08
551.33000000 , 1.165552004431019e-04 , 7.230029376789967e-08
552.34000000 , 1.175752224257421e-04 , 7.265894597217642e-08
553.35000000 , 1.186462796277492e-04 , 7.304561285367294e-08
554.36000000 , 1.197725688842321e-04 , 7.345474088384724e-08
555.37000000 , 1.207195003019582e-04 , 7.375938696573361e-08
556.38000000 , 1.216934681957892e-04 , 7.413287699366672e-08
557.39000000 , 1.231320740294994e-04 , 7.461449227153855e-08
558.40000000 , 1.240882064591850e-04 , 7.493541691909147e-08
559.41000000 , 1.250727603140678e-04 , 7.527245551925905e-08
560.42000000 , 1.263910088033739e-04 , 7.572121938214931e-08
561.43000000 , 1.273807905354264e-04 , 7.604450702467680e-08
562.44000000 , 1.286016690936149e-04 , 7.649067512826975e-08
563.45000000 , 1.296025331302498e-04 , 7.679908684286445e-08
564.46000000 , 1.307995825628479e-04 , 7.721573842686732e-08
565.47000000 , 1.320309148808092e-04 , 7.764176236034706e-08
566.48000000 , 1.333101868499159e-04 , 7.806345633636179e-08
567.49000000 , 1.344274694739839e-04 , 7.842032767463830e-08
568.50000000 , 1.357396397339033e-04 , 7.886184271134783e-08
569.51000000 , 1.369002833394591e-04 , 7.925185104296751e-08
570.52000000 , 1.383581699306494e-04 , 7.970597081556611e-08
571.53000000 , 1.395744050625039e-04 , 8.014126635156472e-08
572.54000000 , 1.407793534620570e-04 , 8.051096118577701e-08
573.55000000 , 1.421290346451070e-04 , 8.094744426679124e-08
574.56000000 , 1.434893802514687e-04 , 8.141298597533106e-08
575.57000000 , 1.446708342630869e-04 , 8.178306156789555e-08
576.58000000 , 1.460238218759135e-04 , 8.220370988103140e-08
577.59000000 , 1.474951191512958e-04 , 8.268154330815977e-08
578.60000000 , 1.488434903356090e-04 , 8.307544391204026e-08
579.61000000 , 1.503017391297809e-04 , 8.350821961896620e-08
580.62000000 , 1.516511454181918e-04 , 8.395560197460954e-08
581.63000000 , 1.529784373605483e-04 , 8.435339441533877e-08
582.64000000 , 1.544572973794402e-04 , 8.481185828939723e-08
583.65000000 , 1.559588093194490e-04 , 8.528758044935877e-08
584.66000000 , 1.575509849209094e-04 , 8.578226252654112e-08
585.67000000 , 1.589375703870181e-04 , 8.620496457710751e-08
586.68000000 , 1.603934492120211e-04 , 8.662193933334121e-08
587.69000000 , 1.620644726527317e-04 , 8.712902921705435e-08
588.70000000 , 1.636736334649560e-04 , 8.761909563987473e-08
589.71000000 , 1.653391805429450e-04 , 8.813051039843042e-08
590.72000000 , 1.667961985023517e-04 , 8.854232500828520e-08
591.73000000 , 1.685674369643508e-04 , 8.907206563744232e-08
592.74000000 , 1.701287790880385e-04 , 8.953312555896840e-08
593.75000000 , 1.718142219070343e-04 , 8.997923951454767e-08
594.76000000 , 1.734962670397820e-04 , 9.049175537404983e-08
595.77000000 , 1.752968278874209e-04 , 9.103511362388735e-08
596.78000000 , 1.771487839432916e-04 , 9.155941216282826e-08
597.79000000 , 1.789234646018019e-04 , 9.204639176883429e-08
598.80000000 , 1.807430346035037e-04 , 9.256597247326689e-08
599.81000000 , 1.825606006014634e-04 , 9.308179398444680e-08
600.82000000 , 1.845218151150662e-04 , 9.364409649795327e-08
601.83000000 , 1.865715642990687e-04 , 9.423122988756827e-08
602.84000000 , 1.884640219988174e-04 , 9.473078372267972e-08
603.85000000 , 1.904771524246220e-04 , 9.525896794894170e-08
604.86000000 , 1.923394922132229e-04 , 9.580013832202938e-08
605.87000000 , 1.943125822875245e-04 , 9.631253898411513e-08
606.88000000 , 1.965953752319854e-04 , 9.693840101200896e-08
607.89000000 , 1.986543569189610e-04 , 9.752724534590410e-08
608.90000000 , 2.008057801776886e-04 , 9.804445406896612e-08
609.91000000 , 2.029576180673959e-04 , 9.862335686851797e-08
610.92000000 , 2.052211011954933e-04 , 9.921165618355896e-08
611.93000000 , 2.072817416994255e-04 , 9.973035670713041e-08
612.94000000 , 2.094063993253498e-04 , 1.002752458947252e-07
613.95000000 , 2.116469498414241e-04 , 1.008309462579886e-07
614.96000000 , 2.138731274094589e-04 , 1.013675039633407e-07
615.97000000 , 2.161538333973301e-04 , 1.019620595676069e-07
616.98000000 , 2.184669252057421e-04 , 1.025845443319363e-07
617.99000000 , 2.206954287747989e-04 , 1.030234586254947e-07
619.00000000 , 2.229319073061168e-04 , 1.036237464183680e-07
620.01000000 , 2.252941927980657e-04 , 1.041995898400234e-07
621.02000000 , 2.275328733562721e-04 , 1.046660319776078e-07
622.03000000 , 2.297346749389752e-04 , 1.051879209413427e-07
623.04000000 , 2.323375719206556e-04 , 1.058028868635570e-07
624.05000000 , 2.343399232456374e-04 , 1.062275915901444e-07
625.06000000 , 2.368938114567182e-04 , 1.068057546907891e-07
626.07000000 , 2.391698679696612e-04 , 1.073032125973307e-07
627.08000000 , 2.417779765849652e-04 , 1.079295093762302e-07
628.09000000 , 2.438146836497688e-04 , 1.082665148077935e-07
629.10000000 , 2.462781926614353e-04 , 1.088822093079535e-07
630.11000000 , 2.487965539486010e-04 , 1.094371133766178e-07
631.12000000 , 2.510992618665206e-04 , 1.098407335090543e-07
632.13000000 , 2.536057271973797e-04 , 1.104405866213966e-07
633.14000000 , 2.556401814649304e-04 , 1.108321084772630e-07
634.15000000 , 2.578853218415278e-04 , 1.113323512637616e-07
635.16000000 , 2.601024265604285e-04 , 1.118355066480326e-07
636.17000000 , 2.621953903433395e-04 , 1.123179060825687e-07
637.18000000 , 2.642909754079159e-04 , 1.127471818598995e-07
638.19000000 , 2.662355975298929e-04 , 1.131369297140769e-07
639.20000000 , 2.680892901482754e-04 , 1.135579750613141e-07
640.21000000 , 2.702991544805842e-04 , 1.140966873651268e-07
641.22000000 , 2.723855411879611e-04 , 1.145762504289518e-07
642.23000000 , 2.742632750742188e-04 , 1.149635012401462e-07
643.24000000 , 2.762133122777103e-04 , 1.154565753109173e-07
644.25000000 , 2.780982648622932e-04 , 1.158295992723889e-07
645.26000000 , 2.801524197746244e-04 , 1.163284540003721e-07
646.27000000 , 2.819801885662489e-04 , 1.167145438963501e-07
647.28000000 , 2.838107772390682e-04 , 1.171179297562770e-07
648.29000000 , 2.856611129877987e-04 , 1.175236733154075e-07
649.30000000 , 2.875286579876167e-04 , 1.179293173074317e-07
650.31000000 , 2.895318649673748e-04 , 1.184302707820458e-07
651.32000000 , 2.914784255427852e-04 , 1.188903486400122e-07
652.33000000 , 2.929707307326048e-04 , 1.191834015793063e-07
653.34000000 , 2.949998647760164e-04 , 1.196772405674227e-07
654.35000000 , 2.968884035633235e-04 , 1.201588359055737e-07
655.36000000 , 2.985452802590150e-04 , 1.204757117889966e-07
656.37000000 , 3.007268544554720e-04 , 1.210140993260332e-07
657.38000000 , 3.024967677581021e-04 , 1.214308274448397e-07
658.39000000 , 3.042385013438198e-04 , 1.218251872285308e-07
659.40000000 , 3.060765396990518e-04 , 1.222362314823742e-07
660.41000000 , 3.081307574926251e-04 , 1.227825004307746e-07
661.42000000 , 3.095754566362920e-04 , 1.230432993381760e-07
662.43000000 , 3.116377961067315e-04 , 1.235752733346653e-07
663.44000000 , 3.133856202542267e-04 , 1.239675741182767e-07
664.45000000 , 3.149876750545829e-04 , 1.243191548267204e-07
665.46000000 , 3.170134504254965e-04 , 1.248355798379927e-07
666.47000000 , 3.185499214501549e-04 , 1.251875530012506e-07
667.48000000 , 3.203702696399015e-04 , 1.255602509673292e-07
668.49000000 , 3.222287311468780e-04 , 1.260264480516476e-07
669.50000000 , 3.244359367739539e-04 , 1.265816152508739e-07
670.51000000 , 3.261013131806890e-04 , 1.269170438389844e-07
671.52000000 , 3.279871407955836e-04 , 1.273376032248416e-07
672.53000000 , 3.296769009180524e-04 , 1.277723141894569e-07
673.54000000 , 3.318305650130718e-04 , 1.283159084174514e-07
674.55000000 , 3.335663745397377e-04 , 1.286669048493531e-07
675.56000000 , 3.355965963657797e-04 , 1.291281417369285e-07
676.57000000 , 3.374483091473207e-04 , 1.295571799134388e-07
677.58000000 , 3.393120248207602e-04 , 1.299748135389001e-07
678.59000000 , 3.413445770648477e-04 , 1.304257516246222e-07
679.60000000 , 3.434486583926722e-04 , 1.309449005843201e-07
680.61000000 , 3.453151742487538e-04 , 1.312993720425904e-07
681.62000000 , 3.471886341989787e-04 , 1.316864169819818e-07
682.63000000 , 3.491501232123510e-04 , 1.321904622114685e-07
683.64000000 , 3.513113111285043e-04 , 1.326485211204965e-07
684.65000000 , 3.533092066490937e-04 , 1.331264816194773e-07
685.66000000 , 3.555816342621808e-04 , 1.336332304367613e-07
686.67000000 , 3.577887231033022e-04 , 1.341229795408338e-07
687.68000000 , 3.596589045629734e-04 , 1.345161532697351e-07
688.69000000 , 3.616024079119015e-04 , 1.348874642246523e-07
689.70000000 , 3.639988904354837e-04 , 1.354802020900990e-07
690.71000000 , 3.658365405191418e-04 , 1.358557493094996e-07
691.72000000 , 3.681066326099911e-04 , 1.363416236619334e-07
692.73000000 , 3.702383288328309e-04 , 1.368457295388675e-07
693.74000000 , 3.724182135853971e-04 , 1.373041592482604e-07
694.75000000 , 3.745437297222230e-04 , 1.377372461505517e-07
695.76000000 , 3.766796604467738e-04 , 1.381553820081957e-07
696.77000000 , 3.787330627955906e-04 , 1.385414358739677e-07
697.78000000 , 3.810591950783093e-04 , 1.391172329658689e-07
698.79000000 , 3.834791612760094e-04 , 1.396590004155993e-07
699.80000000 , 3.856677461203704e-04 , 1.401204114605077e-07
700.81000000 , 3.880902259418001e-04 , 1.405979998412646e-07
701.82000000 , 3.901138773576691e-04 , 1.410235734399097e-07
702.83000000 , 3.925980335582354e-04 , 1.415322133909788e-07
703.84000000 , 3.947756164133670e-04 , 1.419613312701667e-07
704.85000000 , 3.971678064195934e-04 , 1.425217042895033e-07
705.86000000 , 3.994509785945233e-04 , 1.429529529269051e-07
706.87000000 , 4.019075263845671e-04 , 1.434616904457714e-07
707.88000000 , 4.045443359310541e-04 , 1.440423543653708e-07
708.89000000 , 4.066764257772899e-04 , 1.444229129282018e-07
709.90000000 , 4.092359375965269e-04 , 1.450277887603476e-07
710.91000000 , 4.116162967581938e-04 , 1.455067343557264e-07
711.92000000 , 4.142005325574324e-04 , 1.459797511987070e-07
712.93000000 , 4.170066779722713e-04 , 1.466011366175613e-07
713.94000000 , 4.192513305224007e-04 , 1.470017254803456e-07
714.95000000 , 4.217210546580517e-04 , 1.475193160440409e-07
715.96000000 , 4.244058063621019e-04 , 1.480751176357716e-07
716.97000000 , 4.269458215415553e-04 , 1.485304129401305e-07
717.98000000 , 4.293202434175391e-04 , 1.490176792231223e-07
718.99000000 , 4.318677950435619e-04 , 1.495453279411885e-07
720.00000000 , 4.345759823774263e-04 , 1.500616752453162e-07
721.01000000 , 4.375960390846095e-04 , 1.506814970582434e-07
722.02000000 , 4.396494141245867e-04 , 1.510442485630695e-07
723.03000000 , 4.425194239953130e-04 , 1.516321311921956e-07
724.04000000 , 4.451207504419486e-04 , 1.521562419403508e-07
725.05000000 , 4.479471935969771e-04 , 1.527198634339679e-07
726.06000000 , 4.506802459048371e-04 , 1.531677339853655e-07
727.07000000 , 4.536043461029720e-04 , 1.538111455072272e-07
728.08000000 , 4.562003420244636e-04 , 1.542939907723779e-07
729.09000000 , 4.589669510057925e-04 , 1.547906342325270e-07
730.10000000 , 4.619639459411383e-04 , 1.553294058831948e-07
731.11000000 , 4.647684448319892e-04 , 1.558659135661864e-07
732.12000000 , 4.676480208650207e-04 , 1.564239187627519e-07
733.13000000 , 4.704924853572755e-04 , 1.569924725533582e-07
734.14000000 , 4.734064038939958e-04 , 1.575299455843393e-07
735.15000000 , 4.765795060378196e-04 , 1.581517537124869e-07
736.16000000 , 4.790761023931026e-04 , 1.585526879822141e-07
737.17000000 , 4.823511873031737e-04 , 1.591578523916516e-07
738.18000000 , 4.852186865865109e-04 , 1.596571969777050e-07
739.19000000 , 4.881921839876696e-04 , 1.602295657262361e-07
740.20000000 , 4.913554062708544e-04 , 1.608572010990412e-07
741.21000000 , 4.944989086021164e-04 , 1.614228224497501e-07
742.22000000 , 4.979105071589100e-04 , 1.620603420832750e-07
743.23000000 , 5.007061678900077e-04 , 1.625205424328735e-07
744.24000000 , 5.037859560069124e-04 , 1.630909302288495e-07
745.25000000 , 5.071770910433743e-04 , 1.637378504134112e-07
746.26000000 , 5.102967804553405e-04 , 1.642921875078905e-07
747.27000000 , 5.137324787412739e-04 , 1.648828679955097e-07
748.28000000 , 5.167410984353705e-04 , 1.653950100860337e-07
749.29000000 , 5.203244698696025e-04 , 1.660585273851574e-07
750.30000000 , 5.232407768712878e-04 , 1.665859519102984e-07
751.31000000 , 5.267443126250279e-04 , 1.672471916880468e-07
752.32000000 , 5.300669240642659e-04 , 1.677555471428593e-07
753.33000000 , 5.336757012347218e-04 , 1.684660715088399e-07
754.34000000 , 5.368957346941728e-04 , 1.689994960428641e-07
755.35000000 , 5.406044180153578e-04 , 1.696560153519903e-07
756.36000000 , 5.439436216448537e-04 , 1.702590640331647e-07
757.37000000 , 5.473545972230347e-04 , 1.707481585855717e-07
758.38000000 , 5.508325527971022e-04 , 1.713420555667201e-07
759.39000000 , 5.545687715849760e-04 , 1.720406527492877e-07
760.40000000 , 5.581725363476340e-04 , 1.726385447164302e-07
761.41000000 , 5.617909431184422e-04 , 1.732228017132863e-07
762.42000000 , 5.656870916360642e-04 , 1.739353626128445e-07
763.43000000 , 5.693324775699865e-04 , 1.745531260031253e-07
764.44000000 , 5.728737012034702e-04 , 1.751336661658049e-07
765.45000000 , 5.762802989001120e-04 , 1.756932332840432e-07
766.46000000 , 5.806002393449017e-04 , 1.764177376420152e-07
767.47000000 , 5.844577625907648e-04 , 1.770935662733354e-07
768.48000000 , 5.882948967837337e-04 , 1.776781982777213e-07
769.49000000 , 5.920725566618188e-04 , 1.783476193895393e-07
770.50000000 , 5.960948405977724e-04 , 1.789408966060014e-07
771.51000000 , 6.001242662440523e-04 , 1.796352439847620e-07
772.52000000 , 6.038353893051433e-04 , 1.802377092661271e-07
773.53000000 , 6.078279031784693e-04 , 1.808873413388737e-07
774.54000000 , 6.118874614839601e-04 , 1.815267371346723e-07
775.55000000 , 6.159842195952668e-04 , 1.821409110267810e-07
776.56000000 , 6.204648898774388e-04 , 1.829547250867090e-07
777.57000000 , 6.245331396650413e-04 , 1.835896185672661e-07
778.58000000 , 6.286627147730223e-04 , 1.841863964820237e-07
779.59000000 , 6.329422375688028e-04 , 1.848457773426983e-07
780.60000000 , 6.372911999562945e-04 , 1.856394038885792e-07
781.61000000 , 6.413974799530868e-04 , 1.862120442803580e-07
782.62000000 , 6.460866766635772e-04 , 1.870041349588233e-07
783.63000000 , 6.504895382742726e-04 , 1.876828245256405e-07
784.64000000 , 6.548776746004098e-04 , 1.883825175173726e-07
785.65000000 , 6.592581474476598e-04 , 1.890317076468372e-07
786.66000000 , 6.640819945892020e-04 , 1.897608562487053e-07
787.67000000 , 6.688496674318411e-04 , 1.905737761108688e-07
788.68000000 , 6.732476471553270e-04 , 1.911786492687860e-07
789.69000000 , 6.777309449015827e-04 , 1.918689597649222e-07
790.70000000 , 6.823687053354506e-04 , 1.925878733837282e-07
791.71000000 , 6.873081326692035e-04 , 1.933130875161663e-07
792.72000000 , 6.921306024033441e-04 , 1.940146833750876e-07
793.73000000 , 6.970319353052772e-04 , 1.947816278999523e-07
794.74000000 , 7.019312629422483e-04 , 1.955058631870626e-07
795.75000000 , 7.067293071162438e-04 , 1.961803236915466e-07
796.76000000 , 7.121427363174295e-04 , 1.970932595448328e-07
797.77000000 , 7.170127137675504e-04 , 1.977134953331159e-07
798.78000000 , 7.223566577372261e-04 , 1.985499832984782e-07
799.79000000 , 7.270887961746286e-04 , 1.991972546368172e-07
800.80000000 , 7.324238922663301e-04 , 2.000580401414678e-07
801.81000000 , 7.378429036601227e-04 , 2.008451601580534e-07
802.82000000 , 7.430367998526366e-04 , 2.015518933582217e-07
803.83000000 , 7.481626821868356e-04 , 2.022770710395470e-07
804.84000000 , 7.538782023367741e-04 , 2.031048427152883e-07
805.85000000 , 7.589297928505208e-04 , 2.037759790307064e-07
806.86000000 , 7.647076369203752e-04 , 2.045941280871494e-07
807.87000000 , 7.701189176543586e-04 , 2.054312454084930e-07
808.88000000 , 7.757041320474436e-04 , 2.061906615404247e-07
809.89000000 , 7.816329153248102e-04 , 2.070575632802404e-07
810.90000000 , 7.870507612601774e-04 , 2.078237751156387e-07
811.91000000 , 7.931065977632332e-04 , 2.086624990390614e-07
812.92000000 , 7.987211155279502e-04 , 2.093935271468266e-07
813.93000000 , 8.049987780564829e-04 , 2.103036641884845e-07
814.94000000 , 8.108168051620768e-04 , 2.111618284179424e-07
815.95000000 , 8.167601019270657e-04 , 2.119424616366489e-07
816.96000000 , 8.230921054688038e-04 , 2.128449909511662e-07
817.97000000 , 8.291997935307912e-04 , 2.136817961414355e-07
818.98000000 , 8.352491735786443e-04 , 2.143912436862273e-07
819.99000000 , 8.417927178085404e-04 , 2.153496090500426e-07
821.00000000 , 8.478758151401291e-04 , 2.161172607959898e-07
822.01000000 , 8.543370436398262e-04 , 2.169985539339014e-07
823.02000000 , 8.609830854023797e-04 , 2.178779814220495e-07
824.03000000 , 8.672743799343585e-04 , 2.186866189056892e-07
825.04000000 , 8.737074868482697e-04 , 2.195704719900199e-07
826.05000000 , 8.808961800983640e-04 , 2.205250239274625e-07
827.06000000 , 8.876772201390842e-04 , 2.214588024914451e-07
828.07000000 , 8.945694817506851e-04 , 2.223410861361906e-07
829.08000000 , 9.014517406363429e-04 , 2.232138150288696e-07
830.09000000 , 9.083477251156244e-04 , 2.241182883768529e-07
831.10000000 , 9.158647494740240e-04 , 2.251390667205597e-07
832.11000000 , 9.227640576944907e-04 , 2.259789705044513e-07
833.12000000 , 9.299469468813989e-04 , 2.268863918093083e-07
834.13000000 , 9.371450203893089e-04 , 2.277528437590419e-07
835.14000000 , 9.444683722133718e-04 , 2.287040519416623e-07
836.15000000 , 9.521122609949388e-04 , 2.297106030122517e-07
837.16000000 , 9.594235575979784e-04 , 2.305325882862056e-07
838.17000000 , 9.675394448245654e-04 , 2.316197205876157e-07
839.18000000 , 9.748047501803573e-04 , 2.324933910254183e-07
840.19000000 , 9.830933773834812e-04 , 2.335789851291852e-07
841.20000000 , 9.910427704697916e-04 , 2.345500894739494e-07
842.21000000 , 9.988672022397782e-04 , 2.354704476392808e-07
843.22000000 , 1.007107895075605e-03 , 2.365480792049540e-07
844.23000000 , 1.014848657764168e-03 , 2.373552922672056e-07
845.24000000 , 1.023754218473572e-03 , 2.385236464548091e-07
846.25000000 , 1.032201128194957e-03 , 2.395423631662093e-07
847.26000000 , 1.040233532260467e-03 , 2.405428180875374e-07
848.27000000 , 1.048462807274474e-03 , 2.414600118941420e-07
849.28000000 , 1.057845690884747e-03 , 2.426265824071335e-07
850.29000000 , 1.066664653914167e-03 , 2.436342006950751e-07
851.30000000 , 1.075095298314000e-03 , 2.445712975330795e-07
852.31000000 , 1.084688149578969e-03 , 2.457697181927460e-07
853.32000000 , 1.093667987567545e-03 , 2.468600334257756e-07
854.33000000 , 1.102615965347611e-03 , 2.478562709639729e-07
855.34000000 , 1.112037746479586e-03 , 2.490043684658731e-07
856.35000000 , 1.121618173568172e-03 , 2.500986772982633e-07
857.36000000 , 1.130825997246719e-03 , 2.511025860297148e-07
858.37000000 , 1.140611136786109e-03 , 2.522008434151436e-07
859.38000000 , 1.150429514252762e-03 , 2.533104590306960e-07
860.39000000 , 1.160458210006266e-03 , 2.544867552208739e-07
861.40000000 , 1.171290273202648e-03 , 2.557557616781079e-07
862.41000000 , 1.180672577169077e-03 , 2.567725679055881e-07
863.42000000 , 1.191392608660712e-03 , 2.580006260735075e-07
864.43000000 , 1.201687835441447e-03 , 2.591152844481847e-07
865.44000000 , 1.212314886199439e-03 , 2.603033283538279e-07
866.45000000 , 1.222891528126177e-03 , 2.614530810942070e-07
867.46000000 , 1.233860577060410e-03 , 2.627070686180066e-07
868.47000000 , 1.244612787878240e-03 , 2.637879461525457e-07
869.48000000 , 1.256431141440260e-03 , 2.651299444125647e-07
870.49000000 , 1.267528982104492e-03 , 2.663046361949847e-07
871.50000000 , 1.278564861671351e-03 , 2.675016121961049e-07
872.51000000 , 1.290271638695656e-03 , 2.687561016667050e-07
873.52000000 , 1.302665001652798e-03 , 2.700382497336719e-07
874.53000000 , 1.313793089604590e-03 , 2.712353280737869e-07
875.54000000 , 1.326229248552108e-03 , 2.726330135707231e-07
876.55000000 , 1.338418406433499e-03 , 2.738983121428521e-07
877.56000000 , 1.350481181035811e-03 , 2.750183334204251e-07
878.57000000 , 1.363757314298597e-03 , 2.764956442544444e-07
879.58000000 , 1.375965341292575e-03 , 2.777526968197763e-07
880.59000000 , 1.388993339662045e-03 , 2.790789536735765e-07
881.60000000 , 1.401860182411354e-03 , 2.804069161600985e-07
882.61000000 , 1.415341099699356e-03 , 2.818087406125148e-07
883.62000000 , 1.428914943352578e-03 , 2.831959627105944e-07
884.63000000 , 1.442043213310109e-03 , 2.844203665920642e-07
885.64000000 , 1.456240708362593e-03 , 2.858773212930551e-07
886.65000000 , 1.470054269376811e-03 , 2.872492511186776e-07
887.66000000 , 1.484699745787524e-03 , 2.887406420609629e-07
888.67000000 , 1.499167389652372e-03 , 2.901800529861766e-07
889.68000000 , 1.513623342499974e-03 , 2.915399982741000e-07
890.69000000 , 1.528759887323567e-03 , 2.930667891246016e-07
891.70000000 , 1.543375438404227e-03 , 2.944908960156969e-07
892.71000000 , 1.559118720529194e-03 , 2.960709634086662e-07
893.72000000 , 1.573835249111386e-03 , 2.973727316351880e-07
894.73000000 , 1.589566719285122e-03 , 2.988796057147952e-07
895.74000000 , 1.606430175166434e-03 , 3.005526308155011e-07
896.75000000 , 1.622062691625635e-03 , 3.020603663750172e-07
897.76000000 , 1.638666280392397e-03 , 3.035650871295629e-07
898.77000000 , 1.655573544625841e-03 , 3.051371292223021e-07
899.78000000 , 1.673265251039605e-03 , 3.068989418087641e-07
900.79000000 , 1.689543677042401e-03 , 3.083573652497564e-07
901.80000000 , 1.706834876350885e-03 , 3.098821826666503e-07
902.81000000 , 1.724798072419774e-03 , 3.115775419727055e-07
903.82000000 , 1.742833066720659e-03 , 3.131982311484424e-07
904.83000000 , 1.760977663375396e-03 , 3.148341661704565e-07
905.84000000 , 1.779482539186251e-03 , 3.165482723820692e-07
906.85000000 , 1.798758242455587e-03 , 3.182790038526788e-07
907.86000000 , 1.817101584381974e-03 , 3.198388925299606e-07
908.87000000 , 1.836356966732276e-03 , 3.214830856143385e-07
909.88000000 , 1.856127779620528e-03 , 3.232668062453601e-07
910.89000000 , 1.876675715434420e-03 , 3.251200944789850e-07
911.90000000 , 1.897019801384419e-03 , 3.268691197805587e-07
912.91000000 , 1.917133452565805e-03 , 3.285690098411659e-07
913.92000000 , 1.938618456170185e-03 , 3.304519695449236e-07
914.93000000 , 1.959604646532294e-03 , 3.321939838872458e-07
915.94000000 , 1.980524660976281e-03 , 3.338544583146244e-07
916.95000000 , 2.002749544213946e-03 , 3.358105231766032e-07
917.96000000 , 2.025578556535804e-03 , 3.377150379291259e-07
918.97000000 , 2.047324761303200e-03 , 3.394603718804509e-07
919.98000000 , 2.070752635195891e-03 , 3.413738700673589e-07
920.99000000 , 1.999404518655048e-03 , 3.355155680648641e-07
