x_l , NLO , dNLO
0.00000000 , 1.399749467529059e-03 , 2.670275183550609e-07
1.00000000 , 1.399297157921061e-03 , 2.669740193379790e-07
2.00000000 , 1.400212121708201e-03 , 2.671283925111760e-07
3.00000000 , 1.399864493994130e-03 , 2.671064014848020e-07
4.00000000 , 1.399324170101060e-03 , 2.669910301001864e-07
5.00000000 , 1.399314104532059e-03 , 2.670222238451523e-07
6.00000000 , 1.399442681554616e-03 , 2.670350166615632e-07
7.00000000 , 1.399272386562501e-03 , 2.670543823931956e-07
8.00000000 , 1.398140885711918e-03 , 2.668817040804167e-07
9.00000000 , 1.398195946492805e-03 , 2.669949398706123e-07
10.00000000 , 1.398438262653127e-03 , 2.670153589471535e-07
11.00000000 , 1.398163859918947e-03 , 2.669965227029955e-07
12.00000000 , 1.397148907798285e-03 , 2.668653983344423e-07
13.00000000 , 1.397083491597834e-03 , 2.669002583262257e-07
14.00000000 , 1.396679544809078e-03 , 2.668924599034400e-07
15.00000000 , 1.395853162158797e-03 , 2.668233226480921e-07
16.00000000 , 1.395349133786268e-03 , 2.667504384796903e-07
17.00000000 , 1.394667945943783e-03 , 2.667570552617075e-07
18.00000000 , 1.394372931285726e-03 , 2.667554446084403e-07
19.00000000 , 1.393474757123173e-03 , 2.666830184831091e-07
20.00000000 , 1.392852010350100e-03 , 2.666348798133053e-07
21.00000000 , 1.392258367230479e-03 , 2.666059578363275e-07
22.00000000 , 1.392086603357320e-03 , 2.666249919241243e-07
23.00000000 , 1.390988642063359e-03 , 2.665280211497960e-07
24.00000000 , 1.390114513719179e-03 , 2.665339264583109e-07
25.00000000 , 1.389201215306803e-03 , 2.664157694656212e-07
26.00000000 , 1.388426280142679e-03 , 2.664327299362928e-07
27.00000000 , 1.387552107759912e-03 , 2.663133288345256e-07
28.00000000 , 1.386684993165940e-03 , 2.662845255993155e-07
29.00000000 , 1.386074713955756e-03 , 2.662910159560688e-07
30.00000000 , 1.384718384774096e-03 , 2.661507602014615e-07
31.00000000 , 1.383554715476381e-03 , 2.660285144930322e-07
32.00000000 , 1.382635837519952e-03 , 2.659955199872188e-07
33.00000000 , 1.381351231459955e-03 , 2.658521432936743e-07
34.00000000 , 1.380273401215342e-03 , 2.658633633431992e-07
35.00000000 , 1.379421712948480e-03 , 2.658587433424455e-07
36.00000000 , 1.378126329505371e-03 , 2.657462810526049e-07
37.00000000 , 1.376884828340540e-03 , 2.656808855278405e-07
38.00000000 , 1.375728874621004e-03 , 2.656201660405226e-07
39.00000000 , 1.374813354909980e-03 , 2.656384650945753e-07
40.00000000 , 1.372836210828469e-03 , 2.653915584623951e-07
41.00000000 , 1.371408348420792e-03 , 2.653220105744939e-07
42.00000000 , 1.370678004330612e-03 , 2.652754395509144e-07
43.00000000 , 1.369061399647127e-03 , 2.652158657631708e-07
44.00000000 , 1.367608350924736e-03 , 2.651069991297905e-07
45.00000000 , 1.366135450401447e-03 , 2.650196969450161e-07
46.00000000 , 1.364815605592599e-03 , 2.649178372797003e-07
47.00000000 , 1.363809710516110e-03 , 2.649209704336618e-07
48.00000000 , 1.361095575734565e-03 , 2.647023277636366e-07
49.00000000 , 1.359734035973693e-03 , 2.645561642422046e-07
50.00000000 , 1.357993097218599e-03 , 2.644305948428393e-07
51.00000000 , 1.356361856195582e-03 , 2.643625876868176e-07
52.00000000 , 1.354988009274319e-03 , 2.642943177308822e-07
53.00000000 , 1.352782541858219e-03 , 2.640739852186121e-07
54.00000000 , 1.351175816758282e-03 , 2.640302567450847e-07
55.00000000 , 1.349715778296584e-03 , 2.639173777718748e-07
56.00000000 , 1.347887294784743e-03 , 2.638188258314509e-07
57.00000000 , 1.345932062004912e-03 , 2.637561744734578e-07
58.00000000 , 1.344063200609294e-03 , 2.635611982437679e-07
59.00000000 , 1.342219382924701e-03 , 2.634745502089020e-07
60.00000000 , 1.340354717054998e-03 , 2.634179048034283e-07
61.00000000 , 1.338197599959271e-03 , 2.632069389856429e-07
62.00000000 , 1.336023648576640e-03 , 2.630405744831223e-07
63.00000000 , 1.334454810798870e-03 , 2.630064419075316e-07
64.00000000 , 1.332301011727932e-03 , 2.628945156031220e-07
65.00000000 , 1.330148577641176e-03 , 2.626935446735131e-07
66.00000000 , 1.328053275740509e-03 , 2.625330067044017e-07
67.00000000 , 1.325467246944519e-03 , 2.624343103934331e-07
68.00000000 , 1.323532533861873e-03 , 2.622498356248231e-07
69.00000000 , 1.320941222075734e-03 , 2.620143920966578e-07
70.00000000 , 1.319484405444160e-03 , 2.620352063062271e-07
71.00000000 , 1.316721059807354e-03 , 2.618355667999486e-07
72.00000000 , 1.314188887371469e-03 , 2.616284282041066e-07
73.00000000 , 1.312434288673828e-03 , 2.615344474218548e-07
74.00000000 , 1.309494773322419e-03 , 2.613120703854056e-07
75.00000000 , 1.307254561730142e-03 , 2.611943458623296e-07
76.00000000 , 1.304610854770900e-03 , 2.609673026926197e-07
77.00000000 , 1.302668069107548e-03 , 2.609327976422210e-07
78.00000000 , 1.299789841897269e-03 , 2.606634185598568e-07
79.00000000 , 1.297668863758905e-03 , 2.605877708649388e-07
80.00000000 , 1.294082754368584e-03 , 2.602554851720891e-07
81.00000000 , 1.292451446840653e-03 , 2.602291829240586e-07
82.00000000 , 1.290112536194484e-03 , 2.600264752540747e-07
83.00000000 , 1.286914777803577e-03 , 2.597693928739324e-07
84.00000000 , 1.284142979398111e-03 , 2.595620695674482e-07
85.00000000 , 1.281654652014011e-03 , 2.594641704115215e-07
86.00000000 , 1.278736331100961e-03 , 2.592315167574274e-07
87.00000000 , 1.276274558397068e-03 , 2.591023202999512e-07
88.00000000 , 1.273429496996401e-03 , 2.588932949090798e-07
89.00000000 , 1.270228233967037e-03 , 2.586894292311450e-07
90.00000000 , 1.313782042256047e-03 , 2.620109787644001e-07
91.00000000 , 1.309680137476491e-03 , 2.616985964701519e-07
92.00000000 , 1.305907461486253e-03 , 2.614570419404023e-07
93.00000000 , 1.302099581466152e-03 , 2.612075750293287e-07
94.00000000 , 1.297308823833422e-03 , 2.608380871678355e-07
95.00000000 , 1.293903538036964e-03 , 2.605966948567870e-07
96.00000000 , 1.289296588192044e-03 , 2.602391403712315e-07
97.00000000 , 1.286050198860400e-03 , 2.601452060362669e-07
98.00000000 , 1.282016194648388e-03 , 2.598275192768522e-07
99.00000000 , 1.278042763599924e-03 , 2.596128447100918e-07
100.00000000 , 1.274214523696566e-03 , 2.593163738586757e-07
101.00000000 , 1.269855851496282e-03 , 2.589970509941747e-07
102.00000000 , 1.265470481666622e-03 , 2.586895300309622e-07
103.00000000 , 1.261012340104121e-03 , 2.583843032742344e-07
104.00000000 , 1.257204688466376e-03 , 2.581659692211768e-07
105.00000000 , 1.252841227218219e-03 , 2.578144024313221e-07
106.00000000 , 1.248383878054451e-03 , 2.575006686149414e-07
107.00000000 , 1.244144289265407e-03 , 2.572182643282253e-07
108.00000000 , 1.239402451896437e-03 , 2.568001176223573e-07
109.00000000 , 1.234765957291727e-03 , 2.564649499182336e-07
110.00000000 , 1.230390824246524e-03 , 2.561443484760101e-07
111.00000000 , 1.226063968141362e-03 , 2.558467504617810e-07
112.00000000 , 1.221541472348869e-03 , 2.555074285239653e-07
113.00000000 , 1.216601690090509e-03 , 2.551265972404955e-07
114.00000000 , 1.212253941837733e-03 , 2.547778373244125e-07
115.00000000 , 1.207293512839820e-03 , 2.544341168505791e-07
116.00000000 , 1.202877875638927e-03 , 2.541448011283827e-07
117.00000000 , 1.197947201134584e-03 , 2.536836747674804e-07
118.00000000 , 1.192961060185563e-03 , 2.532289916243225e-07
119.00000000 , 1.189065617117347e-03 , 2.530463695852099e-07
120.00000000 , 1.183530343612334e-03 , 2.525845118064984e-07
121.00000000 , 1.178939472217210e-03 , 2.523146896399031e-07
122.00000000 , 1.174484312257246e-03 , 2.519969559967552e-07
123.00000000 , 1.169110387222629e-03 , 2.514678033442101e-07
124.00000000 , 1.163970105972712e-03 , 2.510252779585593e-07
125.00000000 , 1.158912256304391e-03 , 2.506587093310859e-07
126.00000000 , 1.153819649737153e-03 , 2.502226230994502e-07
127.00000000 , 1.148757376397530e-03 , 2.498443161899763e-07
128.00000000 , 1.143717610742874e-03 , 2.494002896111597e-07
129.00000000 , 1.138131096992657e-03 , 2.489078291762157e-07
130.00000000 , 1.132713298709439e-03 , 2.484292505841932e-07
131.00000000 , 1.128044351368044e-03 , 2.481113388816136e-07
132.00000000 , 1.122661979304268e-03 , 2.476409666705277e-07
133.00000000 , 1.117147104377409e-03 , 2.471989582057409e-07
134.00000000 , 1.111608411611842e-03 , 2.466508375545792e-07
135.00000000 , 1.106907132105667e-03 , 2.463115453777254e-07
136.00000000 , 1.101692584988131e-03 , 2.459440101783548e-07
137.00000000 , 1.096153352732925e-03 , 2.454702299834975e-07
138.00000000 , 1.091028675678368e-03 , 2.450523022243745e-07
139.00000000 , 1.085214451469978e-03 , 2.444704537069365e-07
140.00000000 , 1.079655753219950e-03 , 2.439266616304125e-07
141.00000000 , 1.074084663683425e-03 , 2.434190905864401e-07
142.00000000 , 1.069066663765851e-03 , 2.430526846604834e-07
143.00000000 , 1.063369153389641e-03 , 2.425853812787757e-07
144.00000000 , 1.057634195595358e-03 , 2.420046156769552e-07
145.00000000 , 1.051773621631937e-03 , 2.414799862807444e-07
146.00000000 , 1.045955913600180e-03 , 2.408635027699370e-07
147.00000000 , 1.039905474317996e-03 , 2.403768945737436e-07
148.00000000 , 1.034360919804289e-03 , 2.398505600132761e-07
149.00000000 , 1.028837277780589e-03 , 2.393312749370315e-07
150.00000000 , 1.022960036027031e-03 , 2.388176048470593e-07
151.00000000 , 1.017186191539745e-03 , 2.382535535612542e-07
152.00000000 , 1.010856705579546e-03 , 2.376055715034730e-07
153.00000000 , 1.005240157038068e-03 , 2.370638013904956e-07
154.00000000 , 9.989553229892974e-04 , 2.364312139499659e-07
155.00000000 , 9.934484150139638e-04 , 2.359846107737872e-07
156.00000000 , 9.872307842809726e-04 , 2.353771568824905e-07
157.00000000 , 9.814077896049833e-04 , 2.347906192371133e-07
158.00000000 , 9.752184057461362e-04 , 2.341589024178776e-07
159.00000000 , 9.689714844139735e-04 , 2.335505850478424e-07
160.00000000 , 9.632327841441758e-04 , 2.330092584914438e-07
161.00000000 , 9.569694107804548e-04 , 2.323827116611188e-07
162.00000000 , 9.508574955411030e-04 , 2.317442514354075e-07
163.00000000 , 9.444694802045879e-04 , 2.310999681073217e-07
164.00000000 , 9.380097782863054e-04 , 2.304221484679008e-07
165.00000000 , 9.325451647803249e-04 , 2.299031797173915e-07
166.00000000 , 9.258796049280407e-04 , 2.291998035432617e-07
167.00000000 , 9.198397533103119e-04 , 2.286038808998070e-07
168.00000000 , 9.131364892674932e-04 , 2.278595267343614e-07
169.00000000 , 9.066349209270580e-04 , 2.271826071269055e-07
170.00000000 , 9.001209362734990e-04 , 2.265201726059284e-07
171.00000000 , 8.937033134763464e-04 , 2.257862727092384e-07
172.00000000 , 8.872002255943288e-04 , 2.251161970756891e-07
173.00000000 , 8.807169848505027e-04 , 2.243944719376595e-07
174.00000000 , 8.744809055385440e-04 , 2.237447298431033e-07
175.00000000 , 8.677878708326221e-04 , 2.230113524272740e-07
176.00000000 , 8.608232632750734e-04 , 2.221574625963827e-07
177.00000000 , 8.544189501627052e-04 , 2.214841031002624e-07
178.00000000 , 8.475880768608342e-04 , 2.207425924472782e-07
179.00000000 , 8.403703596059540e-04 , 2.197958310423922e-07
180.00000000 , 8.343104350575323e-04 , 2.192258095369882e-07
181.00000000 , 8.273493617990954e-04 , 2.184720029902283e-07
182.00000000 , 8.204595577835247e-04 , 2.176017889457664e-07
183.00000000 , 8.140291958352414e-04 , 2.168481341736700e-07
184.00000000 , 8.071739800241572e-04 , 2.160676255866389e-07
185.00000000 , 8.001286874994126e-04 , 2.152693358365188e-07
186.00000000 , 7.934719641870947e-04 , 2.144470656886112e-07
187.00000000 , 7.862072078922070e-04 , 2.136388138442295e-07
188.00000000 , 7.793278208745941e-04 , 2.127483719805813e-07
189.00000000 , 7.719709603280766e-04 , 2.118503780048638e-07
190.00000000 , 7.650533928580562e-04 , 2.109387975231638e-07
191.00000000 , 7.574848879013490e-04 , 2.100085532284438e-07
192.00000000 , 7.510615697036960e-04 , 2.092981179455989e-07
193.00000000 , 7.432303297616507e-04 , 2.082220606613800e-07
194.00000000 , 7.364017592652498e-04 , 2.073845193492091e-07
195.00000000 , 7.291932864679072e-04 , 2.064533984049522e-07
196.00000000 , 7.218561020103965e-04 , 2.055505382226268e-07
197.00000000 , 7.146555234889715e-04 , 2.046665380214021e-07
198.00000000 , 7.068928470774066e-04 , 2.035255060728858e-07
199.00000000 , 6.998992327676296e-04 , 2.027098107222883e-07
200.00000000 , 6.926661220688252e-04 , 2.017726851078140e-07
201.00000000 , 6.848036664275855e-04 , 2.007088070895390e-07
202.00000000 , 6.772517684486246e-04 , 1.995930594004029e-07
203.00000000 , 6.705732410243960e-04 , 1.986760930501012e-07
204.00000000 , 6.628485221693089e-04 , 1.976638672044565e-07
205.00000000 , 6.551178498040588e-04 , 1.965539184773033e-07
206.00000000 , 6.479216894901884e-04 , 1.956608197464599e-07
207.00000000 , 6.400957783859481e-04 , 1.944630173899833e-07
208.00000000 , 6.324619427892433e-04 , 1.933820434176789e-07
209.00000000 , 6.252270384275376e-04 , 1.924282767110949e-07
210.00000000 , 6.170780955231628e-04 , 1.911684692338437e-07
211.00000000 , 6.098011608921416e-04 , 1.900992733734095e-07
212.00000000 , 6.015871105684939e-04 , 1.888569583245867e-07
213.00000000 , 5.939198889165038e-04 , 1.877016571905720e-07
214.00000000 , 5.868179999023152e-04 , 1.867437192477922e-07
215.00000000 , 5.786249984415411e-04 , 1.854457935164707e-07
216.00000000 , 5.707154852334187e-04 , 1.841523499759479e-07
217.00000000 , 5.628816233590513e-04 , 1.829920837079271e-07
218.00000000 , 5.551253314572159e-04 , 1.818163708728390e-07
219.00000000 , 5.473075094448181e-04 , 1.806151757608141e-07
220.00000000 , 5.392029688450449e-04 , 1.792212385515090e-07
221.00000000 , 5.313257990263740e-04 , 1.779758190578194e-07
222.00000000 , 5.235734222969339e-04 , 1.767602153122023e-07
223.00000000 , 5.155794102157961e-04 , 1.754807141733344e-07
224.00000000 , 5.076647396129815e-04 , 1.741945936232296e-07
225.00000000 , 4.995794424314304e-04 , 1.727358284618010e-07
226.00000000 , 4.917276578609778e-04 , 1.714943373595947e-07
227.00000000 , 4.840564862243551e-04 , 1.702417767056033e-07
228.00000000 , 4.759805171540116e-04 , 1.687608880827617e-07
229.00000000 , 4.674984922474407e-04 , 1.672478613214280e-07
230.00000000 , 4.597660304050883e-04 , 1.659232126713920e-07
231.00000000 , 4.519600438010511e-04 , 1.645159291116035e-07
232.00000000 , 4.437043674938716e-04 , 1.630897775548383e-07
233.00000000 , 4.353629927625190e-04 , 1.615218802382420e-07
234.00000000 , 4.275020852222758e-04 , 1.600738490998376e-07
235.00000000 , 4.198668081255508e-04 , 1.586661797398730e-07
236.00000000 , 4.115672883591825e-04 , 1.570677540849423e-07
237.00000000 , 4.038620356826549e-04 , 1.556842975098473e-07
238.00000000 , 3.954263538644085e-04 , 1.540994357036250e-07
239.00000000 , 3.873534646673562e-04 , 1.524407371778796e-07
240.00000000 , 3.796212540263073e-04 , 1.509890739537279e-07
241.00000000 , 3.714526417341613e-04 , 1.493620283031291e-07
242.00000000 , 3.634972067787562e-04 , 1.477350038361501e-07
243.00000000 , 3.553042224088219e-04 , 1.460353281702687e-07
244.00000000 , 3.469618064326640e-04 , 1.442735023362694e-07
245.00000000 , 3.390953466556297e-04 , 1.426803222630887e-07
246.00000000 , 3.309984818084450e-04 , 1.410304737983373e-07
247.00000000 , 3.227547756063246e-04 , 1.392050912621936e-07
248.00000000 , 3.148626534437925e-04 , 1.374931268586169e-07
249.00000000 , 3.066811287811833e-04 , 1.356783743351026e-07
250.00000000 , 2.985914101591921e-04 , 1.338584455652151e-07
251.00000000 , 2.904166874791055e-04 , 1.319666108785617e-07
252.00000000 , 2.822513455159600e-04 , 1.300866951182674e-07
253.00000000 , 2.739866595281021e-04 , 1.280993603234430e-07
254.00000000 , 2.658781799503975e-04 , 1.261054293841117e-07
255.00000000 , 2.578149177572358e-04 , 1.240475711083735e-07
256.00000000 , 2.500923664947033e-04 , 1.221456120409571e-07
257.00000000 , 2.425003531295964e-04 , 1.201575453678187e-07
258.00000000 , 2.347690361834803e-04 , 1.180259697349741e-07
259.00000000 , 2.272472381433936e-04 , 1.159418947820091e-07
260.00000000 , 2.199764662794739e-04 , 1.139188065319398e-07
261.00000000 , 2.128939917955500e-04 , 1.119105020990266e-07
262.00000000 , 2.055850883607921e-04 , 1.097490339878321e-07
263.00000000 , 1.988073107977907e-04 , 1.076738691412859e-07
264.00000000 , 1.918019319011026e-04 , 1.055406854801199e-07
265.00000000 , 1.850198324203271e-04 , 1.034377240644590e-07
266.00000000 , 1.782074598992204e-04 , 1.011732184702742e-07
267.00000000 , 1.717516691924606e-04 , 9.905699158748218e-08
268.00000000 , 1.654219403777809e-04 , 9.697561302077825e-08
269.00000000 , 1.591155826120559e-04 , 9.485946719132661e-08
270.00000000 , 1.527229810029859e-04 , 9.259275394354321e-08
271.00000000 , 1.467862592487521e-04 , 9.051398141633620e-08
272.00000000 , 1.407453405507119e-04 , 8.832175013624763e-08
273.00000000 , 1.348369065643057e-04 , 8.609239969549227e-08
274.00000000 , 1.291647340202062e-04 , 8.392732103976812e-08
275.00000000 , 1.233830149136977e-04 , 8.169362878825532e-08
276.00000000 , 1.180435262362812e-04 , 7.969392198820597e-08
277.00000000 , 1.125536512967633e-04 , 7.743916475280124e-08
278.00000000 , 1.074249477037836e-04 , 7.537885141368483e-08
279.00000000 , 1.023058439391443e-04 , 7.329592864145065e-08
280.00000000 , 9.723297531683131e-05 , 7.111835607593479e-08
281.00000000 , 9.230085142735701e-05 , 6.893857943167643e-08
282.00000000 , 8.732963844069544e-05 , 6.671928332706310e-08
283.00000000 , 8.260880154295695e-05 , 6.453715871901283e-08
284.00000000 , 7.804760292606436e-05 , 6.246794010958332e-08
285.00000000 , 7.343544082036322e-05 , 6.021334346490786e-08
286.00000000 , 6.897615585281927e-05 , 5.803360707510865e-08
287.00000000 , 6.465846089154580e-05 , 5.575887057768320e-08
288.00000000 , 6.038009980688080e-05 , 5.341652542102162e-08
289.00000000 , 5.623454586517717e-05 , 5.126721358900870e-08
290.00000000 , 5.226307470789028e-05 , 4.895313268182626e-08
291.00000000 , 4.839769969965255e-05 , 4.675739794247457e-08
292.00000000 , 4.461845846002700e-05 , 4.442626816730140e-08
293.00000000 , 4.091599073226390e-05 , 4.213671980633281e-08
294.00000000 , 3.749555176600229e-05 , 3.994576289892044e-08
295.00000000 , 3.400174253277228e-05 , 3.756735928659219e-08
296.00000000 , 3.068361173939555e-05 , 3.519268435960944e-08
297.00000000 , 2.754346536285559e-05 , 3.296457646261808e-08
298.00000000 , 2.452295782451148e-05 , 3.060647559971014e-08
299.00000000 , 2.162631895666720e-05 , 2.831152814470741e-08
300.00000000 , 1.883004674515684e-05 , 2.591984841785676e-08
301.00000000 , 1.618243538804410e-05 , 2.353377431251663e-08
302.00000000 , 1.379552779813829e-05 , 2.135759834842728e-08
303.00000000 , 1.153782226234731e-05 , 1.914672678858860e-08
304.00000000 , 9.465909307117126e-06 , 1.692357076113036e-08
305.00000000 , 7.596621773439378e-06 , 1.479153621660511e-08
306.00000000 , 5.906240848079008e-06 , 1.270152168709499e-08
307.00000000 , 4.408742341252023e-06 , 1.057327118943880e-08
308.00000000 , 3.143279330320086e-06 , 8.649713575220514e-09
309.00000000 , 2.052398747093173e-06 , 6.672101259909435e-09
310.00000000 , 1.179259084451903e-06 , 4.779188797500739e-09
311.00000000 , 5.439472186801938e-07 , 3.013129606612412e-09
312.00000000 , 1.536750679835190e-07 , 1.427533115923651e-09
313.00000000 , 1.125322814948087e-08 , 3.525331067163534e-10
314.00000000 , 0.000000000000000e+00 , 0.000000000000000e+00
315.00000000 , 0.000000000000000e+00 , 0.000000000000000e+00
316.00000000 , 0.000000000000000e+00 , 0.000000000000000e+00
317.00000000 , 0.000000000000000e+00 , 0.000000000000000e+00
318.00000000 , 0.000000000000000e+00 , 0.000000000000000e+00
319.00000000 , 0.000000000000000e+00 , 0.000000000000000e+00
320.00000000 , 0.000000000000000e+00 , 0.000000000000000e+00
321.00000000 , 0.000000000000000e+00 , 0.000000000000000e+00
322.00000000 , 0.000000000000000e+00 , 0.000000000000000e+00
323.00000000 , 0.000000000000000e+00 , 0.000000000000000e+00
324.00000000 , 0.000000000000000e+00 , 0.000000000000000e+00
325.00000000 , 0.000000000000000e+00 , 0.000000000000000e+00
326.00000000 , 0.000000000000000e+00 , 0.000000000000000e+00
327.00000000 , 0.000000000000000e+00 , 0.000000000000000e+00
328.00000000 , 0.000000000000000e+00 , 0.000000000000000e+00
329.00000000 , 0.000000000000000e+00 , 0.000000000000000e+00
330.00000000 , 0.000000000000000e+00 , 0.000000000000000e+00
331.00000000 , 0.000000000000000e+00 , 0.000000000000000e+00
332.00000000 , 0.000000000000000e+00 , 0.000000000000000e+00
333.00000000 , 0.000000000000000e+00 , 0.000000000000000e+00
334.00000000 , 0.000000000000000e+00 , 0.000000000000000e+00
335.00000000 , 0.000000000000000e+00 , 0.000000000000000e+00
336.00000000 , 0.000000000000000e+00 , 0.000000000000000e+00
337.00000000 , 0.000000000000000e+00 , 0.000000000000000e+00
338.00000000 , 0.000000000000000e+00 , 0.000000000000000e+00
339.00000000 , 0.000000000000000e+00 , 0.000000000000000e+00
340.00000000 , 0.000000000000000e+00 , 0.000000000000000e+00
341.00000000 , 0.000000000000000e+00 , 0.000000000000000e+00
342.00000000 , 0.000000000000000e+00 , 0.000000000000000e+00
343.00000000 , 0.000000000000000e+00 , 0.000000000000000e+00
344.00000000 , 0.000000000000000e+00 , 0.000000000000000e+00
345.00000000 , 0.000000000000000e+00 , 0.000000000000000e+00
346.00000000 , 0.000000000000000e+00 , 0.000000000000000e+00
347.00000000 , 0.000000000000000e+00 , 0.000000000000000e+00
348.00000000 , 0.000000000000000e+00 , 0.000000000000000e+00
349.00000000 , 0.000000000000000e+00 , 0.000000000000000e+00
350.00000000 , 0.000000000000000e+00 , 0.000000000000000e+00
351.00000000 , 0.000000000000000e+00 , 0.000000000000000e+00
352.00000000 , 0.000000000000000e+00 , 0.000000000000000e+00
353.00000000 , 0.000000000000000e+00 , 0.000000000000000e+00
354.00000000 , 0.000000000000000e+00 , 0.000000000000000e+00
355.00000000 , 0.000000000000000e+00 , 0.000000000000000e+00
356.00000000 , 0.000000000000000e+00 , 0.000000000000000e+00
357.00000000 , 0.000000000000000e+00 , 0.000000000000000e+00
358.00000000 , 0.000000000000000e+00 , 0.000000000000000e+00
359.00000000 , 0.000000000000000e+00 , 0.000000000000000e+00
360.00000000 , 0.000000000000000e+00 , 0.000000000000000e+00
361.00000000 , 0.000000000000000e+00 , 0.000000000000000e+00
362.00000000 , 0.000000000000000e+00 , 0.000000000000000e+00
363.00000000 , 0.000000000000000e+00 , 0.000000000000000e+00
364.00000000 , 0.000000000000000e+00 , 0.000000000000000e+00
365.00000000 , 0.000000000000000e+00 , 0.000000000000000e+00
366.00000000 , 0.000000000000000e+00 , 0.000000000000000e+00
367.00000000 , 0.000000000000000e+00 , 0.000000000000000e+00
368.00000000 , 0.000000000000000e+00 , 0.000000000000000e+00
369.00000000 , 0.000000000000000e+00 , 0.000000000000000e+00
370.00000000 , 0.000000000000000e+00 , 0.000000000000000e+00
371.00000000 , 0.000000000000000e+00 , 0.000000000000000e+00
372.00000000 , 0.000000000000000e+00 , 0.000000000000000e+00
373.00000000 , 0.000000000000000e+00 , 0.000000000000000e+00
374.00000000 , 0.000000000000000e+00 , 0.000000000000000e+00
375.00000000 , 0.000000000000000e+00 , 0.000000000000000e+00
376.00000000 , 0.000000000000000e+00 , 0.000000000000000e+00
377.00000000 , 0.000000000000000e+00 , 0.000000000000000e+00
378.00000000 , 0.000000000000000e+00 , 0.000000000000000e+00
379.00000000 , 0.000000000000000e+00 , 0.000000000000000e+00
380.00000000 , 0.000000000000000e+00 , 0.000000000000000e+00
381.00000000 , 0.000000000000000e+00 , 0.000000000000000e+00
382.00000000 , 0.000000000000000e+00 , 0.000000000000000e+00
383.00000000 , 0.000000000000000e+00 , 0.000000000000000e+00
384.00000000 , 0.000000000000000e+00 , 0.000000000000000e+00
385.00000000 , 0.000000000000000e+00 , 0.000000000000000e+00
386.00000000 , 0.000000000000000e+00 , 0.000000000000000e+00
387.00000000 , 0.000000000000000e+00 , 0.000000000000000e+00
388.00000000 , 0.000000000000000e+00 , 0.000000000000000e+00
389.00000000 , 0.000000000000000e+00 , 0.000000000000000e+00
390.00000000 , 0.000000000000000e+00 , 0.000000000000000e+00
391.00000000 , 0.000000000000000e+00 , 0.000000000000000e+00
392.00000000 , 0.000000000000000e+00 , 0.000000000000000e+00
393.00000000 , 0.000000000000000e+00 , 0.000000000000000e+00
394.00000000 , 0.000000000000000e+00 , 0.000000000000000e+00
395.00000000 , 0.000000000000000e+00 , 0.000000000000000e+00
396.00000000 , 0.000000000000000e+00 , 0.000000000000000e+00
397.00000000 , 0.000000000000000e+00 , 0.000000000000000e+00
398.00000000 , 0.000000000000000e+00 , 0.000000000000000e+00
399.00000000 , 0.000000000000000e+00 , 0.000000000000000e+00
400.00000000 , 0.000000000000000e+00 , 0.000000000000000e+00
401.00000000 , 0.000000000000000e+00 , 0.000000000000000e+00
402.00000000 , 0.000000000000000e+00 , 0.000000000000000e+00
403.00000000 , 0.000000000000000e+00 , 0.000000000000000e+00
404.00000000 , 0.000000000000000e+00 , 0.000000000000000e+00
405.00000000 , 0.000000000000000e+00 , 0.000000000000000e+00
406.00000000 , 0.000000000000000e+00 , 0.000000000000000e+00
407.00000000 , 0.000000000000000e+00 , 0.000000000000000e+00
408.00000000 , 0.000000000000000e+00 , 0.000000000000000e+00
409.00000000 , 0.000000000000000e+00 , 0.000000000000000e+00
410.00000000 , 0.000000000000000e+00 , 0.000000000000000e+00
411.00000000 , 0.000000000000000e+00 , 0.000000000000000e+00
412.00000000 , 0.000000000000000e+00 , 0.000000000000000e+00
413.00000000 , 0.000000000000000e+00 , 0.000000000000000e+00
414.00000000 , 0.000000000000000e+00 , 0.000000000000000e+00
415.00000000 , 0.000000000000000e+00 , 0.000000000000000e+00
416.00000000 , 0.000000000000000e+00 , 0.000000000000000e+00
417.00000000 , 0.000000000000000e+00 , 0.000000000000000e+00
418.00000000 , 0.000000000000000e+00 , 0.000000000000000e+00
419.00000000 , 0.000000000000000e+00 , 0.000000000000000e+00
420.00000000 , 0.000000000000000e+00 , 0.000000000000000e+00
421.00000000 , 0.000000000000000e+00 , 0.000000000000000e+00
422.00000000 , 0.000000000000000e+00 , 0.000000000000000e+00
423.00000000 , 0.000000000000000e+00 , 0.000000000000000e+00
424.00000000 , 0.000000000000000e+00 , 0.000000000000000e+00
425.00000000 , 0.000000000000000e+00 , 0.000000000000000e+00
426.00000000 , 0.000000000000000e+00 , 0.000000000000000e+00
427.00000000 , 0.000000000000000e+00 , 0.000000000000000e+00
428.00000000 , 0.000000000000000e+00 , 0.000000000000000e+00
429.00000000 , 0.000000000000000e+00 , 0.000000000000000e+00
430.00000000 , 0.000000000000000e+00 , 0.000000000000000e+00
431.00000000 , 0.000000000000000e+00 , 0.000000000000000e+00
432.00000000 , 0.000000000000000e+00 , 0.000000000000000e+00
433.00000000 , 0.000000000000000e+00 , 0.000000000000000e+00
434.00000000 , 0.000000000000000e+00 , 0.000000000000000e+00
435.00000000 , 0.000000000000000e+00 , 0.000000000000000e+00
436.00000000 , 0.000000000000000e+00 , 0.000000000000000e+00
437.00000000 , 0.000000000000000e+00 , 0.000000000000000e+00
438.00000000 , 0.000000000000000e+00 , 0.000000000000000e+00
439.00000000 , 0.000000000000000e+00 , 0.000000000000000e+00
440.00000000 , 0.000000000000000e+00 , 0.000000000000000e+00
441.00000000 , 0.000000000000000e+00 , 0.000000000000000e+00
442.00000000 , 0.000000000000000e+00 , 0.000000000000000e+00
443.00000000 , 0.000000000000000e+00 , 0.000000000000000e+00
444.00000000 , 0.000000000000000e+00 , 0.000000000000000e+00
445.00000000 , 0.000000000000000e+00 , 0.000000000000000e+00
446.00000000 , 0.000000000000000e+00 , 0.000000000000000e+00
447.00000000 , 0.000000000000000e+00 , 0.000000000000000e+00
448.00000000 , 0.000000000000000e+00 , 0.000000000000000e+00
449.00000000 , 0.000000000000000e+00 , 0.000000000000000e+00
450.00000000 , 0.000000000000000e+00 , 0.000000000000000e+00
451.00000000 , 0.000000000000000e+00 , 0.000000000000000e+00
452.00000000 , 0.000000000000000e+00 , 0.000000000000000e+00
453.00000000 , 0.000000000000000e+00 , 0.000000000000000e+00
454.00000000 , 0.000000000000000e+00 , 0.000000000000000e+00
455.00000000 , 0.000000000000000e+00 , 0.000000000000000e+00
456.00000000 , 0.000000000000000e+00 , 0.000000000000000e+00
457.00000000 , 0.000000000000000e+00 , 0.000000000000000e+00
458.00000000 , 0.000000000000000e+00 , 0.000000000000000e+00
459.00000000 , 0.000000000000000e+00 , 0.000000000000000e+00
460.00000000 , 0.000000000000000e+00 , 0.000000000000000e+00
461.00000000 , 0.000000000000000e+00 , 0.000000000000000e+00
462.00000000 , 0.000000000000000e+00 , 0.000000000000000e+00
463.00000000 , 0.000000000000000e+00 , 0.000000000000000e+00
464.00000000 , 0.000000000000000e+00 , 0.000000000000000e+00
465.00000000 , 0.000000000000000e+00 , 0.000000000000000e+00
466.00000000 , 0.000000000000000e+00 , 0.000000000000000e+00
467.00000000 , 0.000000000000000e+00 , 0.000000000000000e+00
468.00000000 , 0.000000000000000e+00 , 0.000000000000000e+00
469.00000000 , 0.000000000000000e+00 , 0.000000000000000e+00
470.00000000 , 0.000000000000000e+00 , 0.000000000000000e+00
471.00000000 , 0.000000000000000e+00 , 0.000000000000000e+00
472.00000000 , 0.000000000000000e+00 , 0.000000000000000e+00
473.00000000 , 0.000000000000000e+00 , 0.000000000000000e+00
474.00000000 , 0.000000000000000e+00 , 0.000000000000000e+00
475.00000000 , 0.000000000000000e+00 , 0.000000000000000e+00
476.00000000 , 0.000000000000000e+00 , 0.000000000000000e+00
477.00000000 , 0.000000000000000e+00 , 0.000000000000000e+00
478.00000000 , 0.000000000000000e+00 , 0.000000000000000e+00
479.00000000 , 0.000000000000000e+00 , 0.000000000000000e+00
480.00000000 , 0.000000000000000e+00 , 0.000000000000000e+00
481.00000000 , 0.000000000000000e+00 , 0.000000000000000e+00
482.00000000 , 0.000000000000000e+00 , 0.000000000000000e+00
483.00000000 , 0.000000000000000e+00 , 0.000000000000000e+00
484.00000000 , 0.000000000000000e+00 , 0.000000000000000e+00
485.00000000 , 0.000000000000000e+00 , 0.000000000000000e+00
486.00000000 , 0.000000000000000e+00 , 0.000000000000000e+00
487.00000000 , 0.000000000000000e+00 , 0.000000000000000e+00
488.00000000 , 0.000000000000000e+00 , 0.000000000000000e+00
489.00000000 , 0.000000000000000e+00 , 0.000000000000000e+00
490.00000000 , 0.000000000000000e+00 , 0.000000000000000e+00
491.00000000 , 0.000000000000000e+00 , 0.000000000000000e+00
492.00000000 , 0.000000000000000e+00 , 0.000000000000000e+00
493.00000000 , 0.000000000000000e+00 , 0.000000000000000e+00
494.00000000 , 0.000000000000000e+00 , 0.000000000000000e+00
495.00000000 , 0.000000000000000e+00 , 0.000000000000000e+00
496.00000000 , 0.000000000000000e+00 , 0.000000000000000e+00
497.00000000 , 0.000000000000000e+00 , 0.000000000000000e+00
498.00000000 , 0.000000000000000e+00 , 0.000000000000000e+00
499.00000000 , 0.000000000000000e+00 , 0.000000000000000e+00
500.00000000 , 0.000000000000000e+00 , 0.000000000000000e+00
501.00000000 , 0.000000000000000e+00 , 0.000000000000000e+00
502.00000000 , 0.000000000000000e+00 , 0.000000000000000e+00
503.00000000 , 0.000000000000000e+00 , 0.000000000000000e+00
504.00000000 , 0.000000000000000e+00 , 0.000000000000000e+00
505.00000000 , 0.000000000000000e+00 , 0.000000000000000e+00
506.00000000 , 0.000000000000000e+00 , 0.000000000000000e+00
507.00000000 , 0.000000000000000e+00 , 0.000000000000000e+00
508.00000000 , 0.000000000000000e+00 , 0.000000000000000e+00
509.00000000 , 0.000000000000000e+00 , 0.000000000000000e+00
510.00000000 , 0.000000000000000e+00 , 0.000000000000000e+00
511.00000000 , 0.000000000000000e+00 , 0.000000000000000e+00
512.00000000 , 0.000000000000000e+00 , 0.000000000000000e+00
513.00000000 , 0.000000000000000e+00 , 0.000000000000000e+00
514.00000000 , 0.000000000000000e+00 , 0.000000000000000e+00
515.00000000 , 0.000000000000000e+00 , 0.000000000000000e+00
516.00000000 , 0.000000000000000e+00 , 0.000000000000000e+00
517.00000000 , 0.000000000000000e+00 , 0.000000000000000e+00
518.00000000 , 0.000000000000000e+00 , 0.000000000000000e+00
519.00000000 , 0.000000000000000e+00 , 0.000000000000000e+00
520.00000000 , 0.000000000000000e+00 , 0.000000000000000e+00
521.00000000 , 0.000000000000000e+00 , 0.000000000000000e+00
522.00000000 , 0.000000000000000e+00 , 0.000000000000000e+00
523.00000000 , 0.000000000000000e+00 , 0.000000000000000e+00
524.00000000 , 0.000000000000000e+00 , 0.000000000000000e+00
525.00000000 , 0.000000000000000e+00 , 0.000000000000000e+00
526.00000000 , 0.000000000000000e+00 , 0.000000000000000e+00
527.00000000 , 0.000000000000000e+00 , 0.000000000000000e+00
528.00000000 , 0.000000000000000e+00 , 0.000000000000000e+00
529.00000000 , 0.000000000000000e+00 , 0.000000000000000e+00
530.00000000 , 0.000000000000000e+00 , 0.000000000000000e+00
531.00000000 , 0.000000000000000e+00 , 0.000000000000000e+00
532.00000000 , 0.000000000000000e+00 , 0.000000000000000e+00
533.00000000 , 0.000000000000000e+00 , 0.000000000000000e+00
534.00000000 , 0.000000000000000e+00 , 0.000000000000000e+00
535.00000000 , 0.000000000000000e+00 , 0.000000000000000e+00
536.00000000 , 0.000000000000000e+00 , 0.000000000000000e+00
537.00000000 , 0.000000000000000e+00 , 0.000000000000000e+00
538.00000000 , 0.000000000000000e+00 , 0.000000000000000e+00
539.00000000 , 0.000000000000000e+00 , 0.000000000000000e+00
540.00000000 , 0.000000000000000e+00 , 0.000000000000000e+00
541.00000000 , 0.000000000000000e+00 , 0.000000000000000e+00
542.00000000 , 0.000000000000000e+00 , 0.000000000000000e+00
543.00000000 , 0.000000000000000e+00 , 0.000000000000000e+00
544.00000000 , 0.000000000000000e+00 , 0.000000000000000e+00
545.00000000 , 0.000000000000000e+00 , 0.000000000000000e+00
546.00000000 , 0.000000000000000e+00 , 0.000000000000000e+00
547.00000000 , 0.000000000000000e+00 , 0.000000000000000e+00
548.00000000 , 0.000000000000000e+00 , 0.000000000000000e+00
549.00000000 , 0.000000000000000e+00 , 0.000000000000000e+00
550.00000000 , 0.000000000000000e+00 , 0.000000000000000e+00
551.00000000 , 0.000000000000000e+00 , 0.000000000000000e+00
552.00000000 , 0.000000000000000e+00 , 0.000000000000000e+00
553.00000000 , 0.000000000000000e+00 , 0.000000000000000e+00
554.00000000 , 0.000000000000000e+00 , 0.000000000000000e+00
555.00000000 , 0.000000000000000e+00 , 0.000000000000000e+00
556.00000000 , 0.000000000000000e+00 , 0.000000000000000e+00
557.00000000 , 0.000000000000000e+00 , 0.000000000000000e+00
558.00000000 , 0.000000000000000e+00 , 0.000000000000000e+00
559.00000000 , 0.000000000000000e+00 , 0.000000000000000e+00
560.00000000 , 0.000000000000000e+00 , 0.000000000000000e+00
561.00000000 , 0.000000000000000e+00 , 0.000000000000000e+00
562.00000000 , 0.000000000000000e+00 , 0.000000000000000e+00
563.00000000 , 0.000000000000000e+00 , 0.000000000000000e+00
564.00000000 , 0.000000000000000e+00 , 0.000000000000000e+00
565.00000000 , 0.000000000000000e+00 , 0.000000000000000e+00
566.00000000 , 0.000000000000000e+00 , 0.000000000000000e+00
567.00000000 , 0.000000000000000e+00 , 0.000000000000000e+00
568.00000000 , 0.000000000000000e+00 , 0.000000000000000e+00
569.00000000 , 0.000000000000000e+00 , 0.000000000000000e+00
570.00000000 , 0.000000000000000e+00 , 0.000000000000000e+00
571.00000000 , 0.000000000000000e+00 , 0.000000000000000e+00
572.00000000 , 0.000000000000000e+00 , 0.000000000000000e+00
573.00000000 , 0.000000000000000e+00 , 0.000000000000000e+00
574.00000000 , 0.000000000000000e+00 , 0.000000000000000e+00
575.00000000 , 0.000000000000000e+00 , 0.000000000000000e+00
576.00000000 , 0.000000000000000e+00 , 0.000000000000000e+00
577.00000000 , 0.000000000000000e+00 , 0.000000000000000e+00
578.00000000 , 0.000000000000000e+00 , 0.000000000000000e+00
579.00000000 , 0.000000000000000e+00 , 0.000000000000000e+00
580.00000000 , 0.000000000000000e+00 , 0.000000000000000e+00
581.00000000 , 0.000000000000000e+00 , 0.000000000000000e+00
582.00000000 , 0.000000000000000e+00 , 0.000000000000000e+00
583.00000000 , 0.000000000000000e+00 , 0.000000000000000e+00
584.00000000 , 0.000000000000000e+00 , 0.000000000000000e+00
585.00000000 , 0.000000000000000e+00 , 0.000000000000000e+00
586.00000000 , 0.000000000000000e+00 , 0.000000000000000e+00
587.00000000 , 0.000000000000000e+00 , 0.000000000000000e+00
588.00000000 , 0.000000000000000e+00 , 0.000000000000000e+00
589.00000000 , 0.000000000000000e+00 , 0.000000000000000e+00
590.00000000 , 0.000000000000000e+00 , 0.000000000000000e+00
591.00000000 , 0.000000000000000e+00 , 0.000000000000000e+00
592.00000000 , 0.000000000000000e+00 , 0.000000000000000e+00
593.00000000 , 0.000000000000000e+00 , 0.000000000000000e+00
594.00000000 , 0.000000000000000e+00 , 0.000000000000000e+00
595.00000000 , 0.000000000000000e+00 , 0.000000000000000e+00
596.00000000 , 0.000000000000000e+00 , 0.000000000000000e+00
597.00000000 , 0.000000000000000e+00 , 0.000000000000000e+00
598.00000000 , 0.000000000000000e+00 , 0.000000000000000e+00
599.00000000 , 0.000000000000000e+00 , 0.000000000000000e+00
