x_l , NLO , dNLO
7.00000000 , 0.000000000000000e+00 , 0.000000000000000e+00
7.91666667 , 0.000000000000000e+00 , 0.000000000000000e+00
8.83333333 , 0.000000000000000e+00 , 0.000000000000000e+00
9.75000000 , 0.000000000000000e+00 , 0.000000000000000e+00
10.66666667 , 0.000000000000000e+00 , 0.000000000000000e+00
11.58333333 , 0.000000000000000e+00 , 0.000000000000000e+00
12.50000000 , 0.000000000000000e+00 , 0.000000000000000e+00
13.41666667 , 0.000000000000000e+00 , 0.000000000000000e+00
14.33333333 , 0.000000000000000e+00 , 0.000000000000000e+00
15.25000000 , 0.000000000000000e+00 , 0.000000000000000e+00
16.16666667 , 0.000000000000000e+00 , 0.000000000000000e+00
17.08333333 , 0.000000000000000e+00 , 0.000000000000000e+00
18.00000000 , 0.000000000000000e+00 , 0.000000000000000e+00
18.91666667 , 0.000000000000000e+00 , 0.000000000000000e+00
19.83333333 , 0.000000000000000e+00 , 0.000000000000000e+00
20.75000000 , 0.000000000000000e+00 , 0.000000000000000e+00
21.66666667 , 0.000000000000000e+00 , 0.000000000000000e+00
22.58333333 , 0.000000000000000e+00 , 0.000000000000000e+00
23.50000000 , 0.000000000000000e+00 , 0.000000000000000e+00
24.41666667 , 0.000000000000000e+00 , 0.000000000000000e+00
25.33333333 , 0.000000000000000e+00 , 0.000000000000000e+00
26.25000000 , 0.000000000000000e+00 , 0.000000000000000e+00
27.16666667 , 0.000000000000000e+00 , 0.000000000000000e+00
28.08333333 , 0.000000000000000e+00 , 0.000000000000000e+00
29.00000000 , 0.000000000000000e+00 , 0.000000000000000e+00
29.91666667 , 0.000000000000000e+00 , 0.000000000000000e+00
30.83333333 , 0.000000000000000e+00 , 0.000000000000000e+00
31.75000000 , 0.000000000000000e+00 , 0.000000000000000e+00
32.66666667 , 0.000000000000000e+00 , 0.000000000000000e+00
33.58333333 , 0.000000000000000e+00 , 0.000000000000000e+00
34.50000000 , 0.000000000000000e+00 , 0.000000000000000e+00
35.41666667 , 0.000000000000000e+00 , 0.000000000000000e+00
36.33333333 , 0.000000000000000e+00 , 0.000000000000000e+00
37.25000000 , 0.000000000000000e+00 , 0.000000000000000e+00
38.16666667 , 0.000000000000000e+00 , 0.000000000000000e+00
39.08333333 , 0.000000000000000e+00 , 0.000000000000000e+00
40.00000000 , 0.000000000000000e+00 , 0.000000000000000e+00
40.91666667 , 0.000000000000000e+00 , 0.000000000000000e+00
41.83333333 , 0.000000000000000e+00 , 0.000000000000000e+00
42.75000000 , 0.000000000000000e+00 , 0.000000000000000e+00
43.66666667 , 0.000000000000000e+00 , 0.000000000000000e+00
44.58333333 , 0.000000000000000e+00 , 0.000000000000000e+00
45.50000000 , 0.000000000000000e+00 , 0.000000000000000e+00
46.41666667 , 0.000000000000000e+00 , 0.000000000000000e+00
47.33333333 , 0.000000000000000e+00 , 0.000000000000000e+00
48.25000000 , 0.000000000000000e+00 , 0.000000000000000e+00
49.16666667 , 0.000000000000000e+00 , 0.000000000000000e+00
50.08333333 , 0.000000000000000e+00 , 0.000000000000000e+00
51.00000000 , 0.000000000000000e+00 , 0.000000000000000e+00
51.91666667 , 0.000000000000000e+00 , 0.000000000000000e+00
52.83333333 , 0.000000000000000e+00 , 0.000000000000000e+00
53.75000000 , 0.000000000000000e+00 , 0.000000000000000e+00
54.66666667 , 0.000000000000000e+00 , 0.000000000000000e+00
55.58333333 , 0.000000000000000e+00 , 0.000000000000000e+00
56.50000000 , 0.000000000000000e+00 , 0.000000000000000e+00
57.41666667 , 0.000000000000000e+00 , 0.000000000000000e+00
58.33333333 , 0.000000000000000e+00 , 0.000000000000000e+00
59.25000000 , 0.000000000000000e+00 , 0.000000000000000e+00
60.16666667 , 0.000000000000000e+00 , 0.000000000000000e+00
61.08333333 , 0.000000000000000e+00 , 0.000000000000000e+00
62.00000000 , 0.000000000000000e+00 , 0.000000000000000e+00
62.91666667 , 0.000000000000000e+00 , 0.000000000000000e+00
63.83333333 , 0.000000000000000e+00 , 0.000000000000000e+00
64.75000000 , 0.000000000000000e+00 , 0.000000000000000e+00
65.66666667 , 0.000000000000000e+00 , 0.000000000000000e+00
66.58333333 , 0.000000000000000e+00 , 0.000000000000000e+00
67.50000000 , 0.000000000000000e+00 , 0.000000000000000e+00
68.41666667 , 0.000000000000000e+00 , 0.000000000000000e+00
69.33333333 , 0.000000000000000e+00 , 0.000000000000000e+00
70.25000000 , 0.000000000000000e+00 , 0.000000000000000e+00
71.16666667 , 0.000000000000000e+00 , 0.000000000000000e+00
72.08333333 , 0.000000000000000e+00 , 0.000000000000000e+00
73.00000000 , 0.000000000000000e+00 , 0.000000000000000e+00
73.91666667 , 0.000000000000000e+00 , 0.000000000000000e+00
74.83333333 , 0.000000000000000e+00 , 0.000000000000000e+00
75.75000000 , 0.000000000000000e+00 , 0.000000000000000e+00
76.66666667 , 0.000000000000000e+00 , 0.000000000000000e+00
77.58333333 , 0.000000000000000e+00 , 0.000000000000000e+00
78.50000000 , 0.000000000000000e+00 , 0.000000000000000e+00
79.41666667 , 0.000000000000000e+00 , 0.000000000000000e+00
80.33333333 , 0.000000000000000e+00 , 0.000000000000000e+00
81.25000000 , 0.000000000000000e+00 , 0.000000000000000e+00
82.16666667 , 0.000000000000000e+00 , 0.000000000000000e+00
83.08333333 , 0.000000000000000e+00 , 0.000000000000000e+00
84.00000000 , 0.000000000000000e+00 , 0.000000000000000e+00
84.91666667 , 0.000000000000000e+00 , 0.000000000000000e+00
85.83333333 , 0.000000000000000e+00 , 0.000000000000000e+00
86.75000000 , 0.000000000000000e+00 , 0.000000000000000e+00
87.66666667 , 0.000000000000000e+00 , 0.000000000000000e+00
88.58333333 , 0.000000000000000e+00 , 0.000000000000000e+00
89.50000000 , 0.000000000000000e+00 , 0.000000000000000e+00
90.41666667 , 0.000000000000000e+00 , 0.000000000000000e+00
91.33333333 , 0.000000000000000e+00 , 0.000000000000000e+00
92.25000000 , 0.000000000000000e+00 , 0.000000000000000e+00
93.16666667 , 0.000000000000000e+00 , 0.000000000000000e+00
94.08333333 , 0.000000000000000e+00 , 0.000000000000000e+00
95.00000000 , 0.000000000000000e+00 , 0.000000000000000e+00
95.91666667 , 0.000000000000000e+00 , 0.000000000000000e+00
96.83333333 , 0.000000000000000e+00 , 0.000000000000000e+00
97.75000000 , 0.000000000000000e+00 , 0.000000000000000e+00
98.66666667 , 0.000000000000000e+00 , 0.000000000000000e+00
99.58333333 , 0.000000000000000e+00 , 0.000000000000000e+00
100.50000000 , 0.000000000000000e+00 , 0.000000000000000e+00
101.41666667 , 0.000000000000000e+00 , 0.000000000000000e+00
102.33333333 , 0.000000000000000e+00 , 0.000000000000000e+00
103.25000000 , 0.000000000000000e+00 , 0.000000000000000e+00
104.16666667 , 0.000000000000000e+00 , 0.000000000000000e+00
105.08333333 , 0.000000000000000e+00 , 0.000000000000000e+00
106.00000000 , 0.000000000000000e+00 , 0.000000000000000e+00
106.91666667 , 1.015756414934678e-07 , 2.037069899871619e-09
107.83333333 , 5.931870455708245e-07 , 4.903654940402783e-09
108.75000000 , 1.122551202224377e-06 , 6.750955899240611e-09
109.66666667 , 1.664646382044125e-06 , 8.231391089817719e-09
110.58333333 , 2.209472988474043e-06 , 9.496194006496880e-09
111.50000000 , 2.770399403037171e-06 , 1.064948027094347e-08
112.41666667 , 3.354631440494320e-06 , 1.174070539035797e-08
113.33333333 , 3.926917875419485e-06 , 1.273216596958120e-08
114.25000000 , 4.545645296953703e-06 , 1.377047451779734e-08
115.16666667 , 5.147494376826176e-06 , 1.463996450272257e-08
116.08333333 , 5.694533254436283e-06 , 1.540475553240784e-08
117.00000000 , 6.364095039819186e-06 , 1.634429900933811e-08
117.91666667 , 6.956376866289177e-06 , 1.710674678715695e-08
118.83333333 , 7.641700144845404e-06 , 1.795905533755963e-08
119.75000000 , 8.295092276078256e-06 , 1.878287507065661e-08
120.66666667 , 8.925669774768431e-06 , 1.950050920379913e-08
121.58333333 , 9.607142835307367e-06 , 2.024846945129312e-08
122.50000000 , 1.028211238239109e-05 , 2.096728034364248e-08
123.41666667 , 1.099690905970750e-05 , 2.175859508972714e-08
124.33333333 , 1.173837541450533e-05 , 2.258263011982987e-08
125.25000000 , 1.237268539120523e-05 , 2.319832252480817e-08
126.16666667 , 1.313110050962362e-05 , 2.393673169823117e-08
127.08333333 , 1.378501425464774e-05 , 2.448625442624010e-08
128.00000000 , 1.457319545024652e-05 , 2.529276149470776e-08
128.91666667 , 1.535280249542235e-05 , 2.601066418291370e-08
129.83333333 , 1.614972463867397e-05 , 2.674706956882155e-08
130.75000000 , 1.686680774632407e-05 , 2.733359322176288e-08
131.66666667 , 1.769503888600966e-05 , 2.808307420490403e-08
132.58333333 , 1.845908665657960e-05 , 2.867444692448725e-08
133.50000000 , 1.924854919636216e-05 , 2.932405308410535e-08
134.41666667 , 2.007260956213736e-05 , 3.001930805290259e-08
135.33333333 , 2.087306310025827e-05 , 3.065294775851633e-08
136.25000000 , 2.173078745981480e-05 , 3.137023848065648e-08
137.16666667 , 2.257355872147510e-05 , 3.200235650374980e-08
138.08333333 , 2.347418844008074e-05 , 3.270723889555015e-08
139.00000000 , 2.434892955577005e-05 , 3.337735428793457e-08
139.91666667 , 2.519587235727780e-05 , 3.399937130565167e-08
140.83333333 , 2.605393460459976e-05 , 3.459804374514611e-08
141.75000000 , 2.697522156923871e-05 , 3.530048945914122e-08
142.66666667 , 2.798204743521741e-05 , 3.597768579677678e-08
143.58333333 , 2.882441566936099e-05 , 3.664295145765168e-08
144.50000000 , 2.976262774346402e-05 , 3.719373813422512e-08
145.41666667 , 3.074866201667341e-05 , 3.788508572250471e-08
146.33333333 , 3.169185395287210e-05 , 3.848257235013381e-08
147.25000000 , 3.259931659441132e-05 , 3.912958656570899e-08
148.16666667 , 3.361965540312517e-05 , 3.977881207576334e-08
149.08333333 , 3.469401716454534e-05 , 4.050026505861504e-08
150.00000000 , 3.565145205921330e-05 , 4.115594037379335e-08
150.91666667 , 3.661877004520016e-05 , 4.165273125629375e-08
151.83333333 , 3.761697989384884e-05 , 4.231885813370507e-08
152.75000000 , 3.860843244533073e-05 , 4.292240580748404e-08
153.66666667 , 3.982172866733487e-05 , 4.366761104296509e-08
154.58333333 , 4.081234513793474e-05 , 4.429241387518959e-08
155.50000000 , 4.193644185013987e-05 , 4.492521120738632e-08
156.41666667 , 4.296731248458238e-05 , 4.554555481435616e-08
157.33333333 , 4.407553625915991e-05 , 4.622585918911634e-08
158.25000000 , 4.520953633305949e-05 , 4.689902895470260e-08
159.16666667 , 5.563392113453041e-05 , 5.116747538233717e-08
160.08333333 , 1.507388812213741e-04 , 7.969881321053171e-08
161.00000000 , 1.527408105422252e-04 , 8.036992959217685e-08
161.91666667 , 1.547157396445917e-04 , 8.104113979160449e-08
162.83333333 , 1.565146405988320e-04 , 8.165646952548068e-08
163.75000000 , 1.584832408935988e-04 , 8.231336237424035e-08
164.66666667 , 1.605223839015975e-04 , 8.304298673132960e-08
165.58333333 , 1.624234344664673e-04 , 8.360461796299415e-08
166.50000000 , 1.644807701386265e-04 , 8.430188206988662e-08
167.41666667 , 1.664557570281431e-04 , 8.494596613513546e-08
168.33333333 , 1.685877576408818e-04 , 8.566556871067377e-08
169.25000000 , 1.707037485795806e-04 , 8.629535616812757e-08
170.16666667 , 1.726663579062868e-04 , 8.691125402821206e-08
171.08333333 , 1.749322190566948e-04 , 8.767451889042484e-08
172.00000000 , 1.770485255783901e-04 , 8.832725852299094e-08
172.91666667 , 1.790127371661535e-04 , 8.891132821124615e-08
173.83333333 , 1.810986732684730e-04 , 8.958166465874753e-08
174.75000000 , 1.832686399355419e-04 , 9.026718338409944e-08
175.66666667 , 1.854449558208607e-04 , 9.095199886442840e-08
176.58333333 , 1.878108051702679e-04 , 9.169890064220966e-08
177.50000000 , 1.899608916106436e-04 , 9.231915993039278e-08
178.41666667 , 1.923012292704003e-04 , 9.304315954830587e-08
179.33333333 , 1.945387373945472e-04 , 9.370982335165620e-08
180.25000000 , 1.965432413718345e-04 , 9.430515631745585e-08
181.16666667 , 1.990453750913280e-04 , 9.501557735135233e-08
182.08333333 , 2.012202018719700e-04 , 9.574334473287117e-08
183.00000000 , 2.036645738524490e-04 , 9.643565881343433e-08
183.91666667 , 2.059618072297150e-04 , 9.717572286540511e-08
184.83333333 , 2.084027422065641e-04 , 9.786051230273812e-08
185.75000000 , 2.106158431302298e-04 , 9.848675673507239e-08
186.66666667 , 2.131816902239526e-04 , 9.929530174649373e-08
187.58333333 , 2.154435437170612e-04 , 9.986362030501556e-08
188.50000000 , 2.179958665978380e-04 , 1.006235756441409e-07
189.41666667 , 2.205668502448469e-04 , 1.013785180044314e-07
190.33333333 , 2.229047909538921e-04 , 1.020415935690448e-07
191.25000000 , 2.254114382587876e-04 , 1.027246532501232e-07
192.16666667 , 2.279296711688112e-04 , 1.034453285556296e-07
193.08333333 , 2.303238561005255e-04 , 1.040940445405945e-07
194.00000000 , 2.328004009739088e-04 , 1.047735985326661e-07
194.91666667 , 2.356102615283945e-04 , 1.055843913589977e-07
195.83333333 , 2.381737555442643e-04 , 1.062572217697415e-07
196.75000000 , 2.409351079938002e-04 , 1.070731590629675e-07
197.66666667 , 2.434247974984053e-04 , 1.077132842906923e-07
198.58333333 , 2.459978194892443e-04 , 1.083431497877339e-07
199.50000000 , 2.487367352441133e-04 , 1.091236574300247e-07
200.41666667 , 2.513769497537300e-04 , 1.098307342331556e-07
201.33333333 , 2.543463796732562e-04 , 1.106556647041586e-07
202.25000000 , 2.570524826636320e-04 , 1.114014978074755e-07
203.16666667 , 2.598648619160720e-04 , 1.120715390227523e-07
204.08333333 , 2.627295028521172e-04 , 1.128102987006027e-07
205.00000000 , 2.655672975471829e-04 , 1.136125091605396e-07
205.91666667 , 2.684222724942940e-04 , 1.143542550167362e-07
206.83333333 , 2.711990286746416e-04 , 1.150287370542662e-07
207.75000000 , 2.743655019550684e-04 , 1.158867036191559e-07
208.66666667 , 2.769688331270409e-04 , 1.164522808944639e-07
209.58333333 , 2.803624883947772e-04 , 1.173737590834335e-07
210.50000000 , 2.832650555313498e-04 , 1.180823897341876e-07
211.41666667 , 2.864277970655623e-04 , 1.189080428091798e-07
212.33333333 , 2.896359880336075e-04 , 1.196669528586347e-07
213.25000000 , 2.924956110411148e-04 , 1.203801829062608e-07
214.16666667 , 2.954852233238219e-04 , 1.210749713295643e-07
215.08333333 , 2.986646539632601e-04 , 1.218891639241562e-07
216.00000000 , 3.019444706612284e-04 , 1.227008151915974e-07
216.91666667 , 3.051242340008272e-04 , 1.234859595132008e-07
217.83333333 , 3.083915415863710e-04 , 1.242145378824329e-07
218.75000000 , 3.116156066095133e-04 , 1.250109820895854e-07
219.66666667 , 3.148668532081170e-04 , 1.258267176793999e-07
220.58333333 , 3.183849831006259e-04 , 1.266443677633073e-07
221.50000000 , 3.217214144410744e-04 , 1.274112249453166e-07
222.41666667 , 3.248793496925796e-04 , 1.281558902796484e-07
223.33333333 , 3.284014485338925e-04 , 1.289779608107647e-07
224.25000000 , 3.317477375701997e-04 , 1.297018249962495e-07
225.16666667 , 3.354630644159477e-04 , 1.306054193229587e-07
226.08333333 , 3.388867290856957e-04 , 1.313550824222859e-07
227.00000000 , 3.426610436622631e-04 , 1.322470578435384e-07
227.91666667 , 3.461025979300225e-04 , 1.329443175526842e-07
228.83333333 , 3.496485225870683e-04 , 1.337869842578128e-07
229.75000000 , 3.536521408294021e-04 , 1.346931000299572e-07
230.66666667 , 3.574865621416691e-04 , 1.355530886066377e-07
231.58333333 , 3.610567849385561e-04 , 1.363157983058271e-07
232.50000000 , 3.648402014281896e-04 , 1.372038927774200e-07
233.41666667 , 3.685779197177769e-04 , 1.379454261001099e-07
234.33333333 , 3.723942532723206e-04 , 1.388028861755904e-07
235.25000000 , 3.765673832474356e-04 , 1.397236796601976e-07
236.16666667 , 3.804348677943599e-04 , 1.405488234516425e-07
237.08333333 , 3.839099340043971e-04 , 1.412819137294929e-07
238.00000000 , 3.880483286779753e-04 , 1.421451575691251e-07
238.91666667 , 3.921309006567734e-04 , 1.430435671457744e-07
239.83333333 , 3.959134748256783e-04 , 1.437675338043326e-07
240.75000000 , 4.005026538154150e-04 , 1.448464894554620e-07
241.66666667 , 4.041204211404224e-04 , 1.455416835570959e-07
242.58333333 , 4.087601939517883e-04 , 1.464960700779783e-07
243.50000000 , 4.126817709654790e-04 , 1.472762391969629e-07
244.41666667 , 4.171017888742385e-04 , 1.481933419835397e-07
245.33333333 , 4.210287703131612e-04 , 1.489491660429686e-07
246.25000000 , 4.256861403312949e-04 , 1.499860015575654e-07
247.16666667 , 4.299662523961136e-04 , 1.508778304800482e-07
248.08333333 , 4.344361944660300e-04 , 1.517936070214647e-07
249.00000000 , 4.389687955530887e-04 , 1.527216531211615e-07
249.91666667 , 4.433969215487066e-04 , 1.535646237690863e-07
250.83333333 , 4.477755952013047e-04 , 1.544251408605856e-07
251.75000000 , 4.524025698260467e-04 , 1.553520574209306e-07
252.66666667 , 4.569859912090654e-04 , 1.562754760867524e-07
253.58333333 , 4.615112020501108e-04 , 1.571636425723311e-07
254.50000000 , 4.662175579123210e-04 , 1.581106866584124e-07
255.41666667 , 4.707816426621639e-04 , 1.589365077773408e-07
256.33333333 , 4.757486414372420e-04 , 1.600296753480493e-07
257.25000000 , 4.805471911091177e-04 , 1.608905875170078e-07
258.16666667 , 4.851388664977606e-04 , 1.617471372135134e-07
259.08333333 , 4.901358636854223e-04 , 1.627440304877549e-07
260.00000000 , 4.953478467861916e-04 , 1.638179704548487e-07
260.91666667 , 4.999422198262481e-04 , 1.646829636747662e-07
261.83333333 , 5.051430626126177e-04 , 1.655881996551259e-07
262.75000000 , 5.098241015380442e-04 , 1.664735894924639e-07
263.66666667 , 5.151501631716104e-04 , 1.674681917164145e-07
264.58333333 , 5.204575030501153e-04 , 1.685353292001821e-07
265.50000000 , 5.256110902022696e-04 , 1.694371331101528e-07
266.41666667 , 5.308536062065860e-04 , 1.704669606444819e-07
267.33333333 , 5.357948996579971e-04 , 1.713176804094212e-07
268.25000000 , 5.413908429620567e-04 , 1.724368146512672e-07
269.16666667 , 5.468832188234375e-04 , 1.734128095843431e-07
270.08333333 , 5.524264968293646e-04 , 1.744197059045787e-07
271.00000000 , 5.577450867861416e-04 , 1.753380965157502e-07
271.91666667 , 5.635290333826740e-04 , 1.764030052917317e-07
272.83333333 , 5.691661984554838e-04 , 1.774494531759480e-07
273.75000000 , 5.747621423563554e-04 , 1.784519574484301e-07
274.66666667 , 5.806407010328250e-04 , 1.795518625714110e-07
275.58333333 , 5.861967678586099e-04 , 1.804572461964577e-07
276.50000000 , 5.922593800828825e-04 , 1.815615317201621e-07
277.41666667 , 5.979123440510484e-04 , 1.825242346962061e-07
278.33333333 , 6.041055002112133e-04 , 1.836358967086776e-07
279.25000000 , 6.102853665247924e-04 , 1.847789708108907e-07
280.16666667 , 6.167709707309040e-04 , 1.858651877959119e-07
281.08333333 , 6.228564563684604e-04 , 1.869944113640162e-07
282.00000000 , 6.289054189544305e-04 , 1.879808280007409e-07
282.91666667 , 6.352919720122369e-04 , 1.890701430994515e-07
283.83333333 , 6.416204947018409e-04 , 1.900706599705674e-07
284.75000000 , 6.484302980553324e-04 , 1.913579023003900e-07
285.66666667 , 6.544056780639129e-04 , 1.922340349897628e-07
286.58333333 , 6.612297647596663e-04 , 1.933881065750169e-07
287.50000000 , 6.679314960520091e-04 , 1.945571579231853e-07
288.41666667 , 6.747922533806438e-04 , 1.956969818918312e-07
289.33333333 , 6.816281964117416e-04 , 1.967976580807812e-07
290.25000000 , 6.885410793007378e-04 , 1.980310634762715e-07
291.16666667 , 6.951419753623455e-04 , 1.989821605898547e-07
292.08333333 , 7.025654801094780e-04 , 2.002833386400584e-07
293.00000000 , 7.098057763645644e-04 , 2.014704977150541e-07
293.91666667 , 7.175894180533278e-04 , 2.027460408617420e-07
294.83333333 , 7.246665811282967e-04 , 2.038891472518236e-07
295.75000000 , 7.322972714544371e-04 , 2.051567998436885e-07
296.66666667 , 7.396359102732416e-04 , 2.062477688579975e-07
297.58333333 , 7.473120757448480e-04 , 2.075620468780333e-07
298.50000000 , 7.552483857243274e-04 , 2.088464421845865e-07
299.41666667 , 7.631670302038319e-04 , 2.100407868201848e-07
300.33333333 , 7.709009495061783e-04 , 2.112508679787784e-07
301.25000000 , 7.791015180619789e-04 , 2.124688017426409e-07
302.16666667 , 7.875522839122387e-04 , 2.138314580923404e-07
303.08333333 , 7.956824910369006e-04 , 2.151380612469242e-07
304.00000000 , 8.042881478586017e-04 , 2.164643734792450e-07
304.91666667 , 8.123350078404165e-04 , 2.177376397551292e-07
305.83333333 , 8.204802717658728e-04 , 2.189637450274795e-07
306.75000000 , 8.290830336282734e-04 , 2.203346714689708e-07
307.66666667 , 8.370534748597672e-04 , 2.214921675344689e-07
308.58333333 , 8.458970098704807e-04 , 2.229276843549120e-07
309.50000000 , 8.540931074458247e-04 , 2.241787913162735e-07
310.41666667 , 8.626231649959321e-04 , 2.254610324119275e-07
311.33333333 , 8.712582473790158e-04 , 2.268355070769405e-07
312.25000000 , 8.793775747110546e-04 , 2.281163518188793e-07
313.16666667 , 8.876731958835816e-04 , 2.294015759937673e-07
314.08333333 , 8.961873453695532e-04 , 2.307063618364613e-07
315.00000000 , 9.043406787493608e-04 , 2.319166809866638e-07
315.91666667 , 9.130781448863905e-04 , 2.332142270384919e-07
316.83333333 , 9.215976368749036e-04 , 2.345409945994862e-07
317.75000000 , 9.298011989733939e-04 , 2.357710572638464e-07
318.66666667 , 9.384858177178369e-04 , 2.371158951789771e-07
319.58333333 , 9.466492831218233e-04 , 2.383071964381087e-07
320.50000000 , 9.555982896940078e-04 , 2.396429368840694e-07
321.41666667 , 9.632468209669306e-04 , 2.407183634160544e-07
322.33333333 , 9.717885221227227e-04 , 2.420118308389901e-07
323.25000000 , 9.805034488748756e-04 , 2.431788500777668e-07
324.16666667 , 9.891070819454310e-04 , 2.444835397039083e-07
325.08333333 , 9.970798749123044e-04 , 2.456045358713401e-07
326.00000000 , 1.005304387846190e-03 , 2.467903195956221e-07
326.91666667 , 1.013891037973122e-03 , 2.480287537822914e-07
327.83333333 , 1.022431251718992e-03 , 2.492092916111236e-07
328.75000000 , 1.031003808822482e-03 , 2.503674767359620e-07
329.66666667 , 1.038977894080690e-03 , 2.514722295186683e-07
330.58333333 , 1.046759032688827e-03 , 2.525270414819604e-07
331.50000000 , 1.055031787625227e-03 , 2.536334283649708e-07
332.41666667 , 1.063475928157441e-03 , 2.547769270807999e-07
333.33333333 , 1.071265739338896e-03 , 2.557762694701359e-07
334.25000000 , 1.079328372119825e-03 , 2.568393450077420e-07
335.16666667 , 1.087725882941343e-03 , 2.578811247755078e-07
336.08333333 , 1.096274412053765e-03 , 2.590759299173731e-07
337.00000000 , 1.103776733530211e-03 , 2.599809755983637e-07
337.91666667 , 1.112354969534204e-03 , 2.611547702824098e-07
338.83333333 , 1.120360648275147e-03 , 2.621622626145472e-07
339.75000000 , 1.128403517445626e-03 , 2.632197756752757e-07
340.66666667 , 1.136602971770524e-03 , 2.642483632870965e-07
341.58333333 , 1.144505420709891e-03 , 2.652791008926085e-07
342.50000000 , 1.152467829962517e-03 , 2.662351515513351e-07
343.41666667 , 1.160767511163058e-03 , 2.672931795849557e-07
344.33333333 , 1.168326528341908e-03 , 2.681586765513923e-07
345.25000000 , 1.176208588357490e-03 , 2.691065830629502e-07
346.16666667 , 1.183654010979941e-03 , 2.699957206424977e-07
347.08333333 , 1.191291571445573e-03 , 2.710286366321056e-07
348.00000000 , 1.199394512714644e-03 , 2.719210248301246e-07
348.91666667 , 1.207330291525270e-03 , 2.729849606285810e-07
349.83333333 , 1.214696760430647e-03 , 2.738001254365718e-07
350.75000000 , 1.222403667409346e-03 , 2.746963335791276e-07
351.66666667 , 1.230043441010975e-03 , 2.756011978687334e-07
352.58333333 , 1.237655256231634e-03 , 2.764723067430278e-07
353.50000000 , 1.245523460560016e-03 , 2.774393425464228e-07
354.41666667 , 1.252484176188729e-03 , 2.781817361521234e-07
355.33333333 , 1.260284140493057e-03 , 2.790938040338777e-07
356.25000000 , 1.267325710943326e-03 , 2.798316209583194e-07
357.16666667 , 1.274542511535862e-03 , 2.807203182969938e-07
358.08333333 , 1.281638359567148e-03 , 2.814581622761258e-07
359.00000000 , 1.289150756135058e-03 , 2.823403549488393e-07
359.91666667 , 1.295890086212458e-03 , 2.830537295254949e-07
360.83333333 , 1.302516591014259e-03 , 2.837497325726348e-07
361.75000000 , 1.309928777540071e-03 , 2.845335797959293e-07
362.66666667 , 1.316639557885193e-03 , 2.852276727031947e-07
363.58333333 , 1.323007372437209e-03 , 2.858746952545856e-07
364.50000000 , 1.328976318284577e-03 , 2.865459762933210e-07
365.41666667 , 1.335477918964306e-03 , 2.871537922819687e-07
366.33333333 , 1.341913451799226e-03 , 2.878753385276059e-07
367.25000000 , 1.349044283544447e-03 , 2.887247871645596e-07
368.16666667 , 1.354536786797381e-03 , 2.892235106147950e-07
369.08333333 , 1.360595090151888e-03 , 2.898558411276613e-07
370.00000000 , 1.366307833867783e-03 , 2.904094843130263e-07
370.91666667 , 1.372048170162882e-03 , 2.909423510055777e-07
371.83333333 , 1.377810117864073e-03 , 2.915452765957783e-07
372.75000000 , 1.383240626540514e-03 , 2.921398461628141e-07
373.66666667 , 1.388072827442070e-03 , 2.926217820028313e-07
374.58333333 , 1.393252098130527e-03 , 2.931629534443448e-07
375.50000000 , 1.398978263445015e-03 , 2.937329763994198e-07
376.41666667 , 1.403214500792082e-03 , 2.941273211633027e-07
377.33333333 , 1.407992117188072e-03 , 2.947233879439720e-07
378.25000000 , 1.412862742343563e-03 , 2.951914515782597e-07
379.16666667 , 1.416671382209940e-03 , 2.955503014257076e-07
380.08333333 , 1.420770837510292e-03 , 2.959949524604269e-07
381.00000000 , 1.425163091469710e-03 , 2.964822144702546e-07
381.91666667 , 1.428466301273948e-03 , 2.968341408754543e-07
382.83333333 , 1.432065746127772e-03 , 2.972057230664642e-07
383.75000000 , 1.434151382772048e-03 , 2.974251041266912e-07
384.66666667 , 1.437828916338876e-03 , 2.978665593132497e-07
385.58333333 , 1.439819266282669e-03 , 2.980882310376274e-07
386.50000000 , 1.441451772269642e-03 , 2.982949181652094e-07
387.41666667 , 1.443162182347813e-03 , 2.984474785556242e-07
388.33333333 , 1.445068798609387e-03 , 2.988415658513578e-07
389.25000000 , 1.445083632762629e-03 , 2.988952972779683e-07
390.16666667 , 1.445084110085949e-03 , 2.989269329824123e-07
391.08333333 , 1.444861403667976e-03 , 2.990646964682479e-07
392.00000000 , 1.443028017225120e-03 , 2.990417189925478e-07
392.91666667 , 1.441249080930262e-03 , 2.990981619838903e-07
393.83333333 , 1.437864298860991e-03 , 2.989183675477058e-07
394.75000000 , 1.431899646716585e-03 , 2.985948203225271e-07
395.66666667 , 1.424717266496213e-03 , 2.983465207915185e-07
396.58333333 , 1.416581573000829e-03 , 2.978966333749757e-07
397.50000000 , 1.408217595658218e-03 , 2.972597296291400e-07
398.41666667 , 1.399864853870538e-03 , 2.966957040140724e-07
399.33333333 , 1.391700425238157e-03 , 2.959472490053667e-07
400.25000000 , 1.383508155304082e-03 , 2.951787475391057e-07
401.16666667 , 1.376057614255918e-03 , 2.944724778206749e-07
402.08333333 , 1.368497288672267e-03 , 2.936581462311020e-07
403.00000000 , 1.362941968821326e-03 , 2.930942954685301e-07
403.91666667 , 1.356540400627562e-03 , 2.924176301852041e-07
404.83333333 , 1.351164293076586e-03 , 2.918193665314689e-07
405.75000000 , 1.347499830376226e-03 , 2.914382354773565e-07
406.66666667 , 1.342673178927994e-03 , 2.909469391284868e-07
407.58333333 , 1.338881456052223e-03 , 2.905566506721037e-07
408.50000000 , 1.335904442120586e-03 , 2.903148662778723e-07
409.41666667 , 1.332377397769313e-03 , 2.898674247187191e-07
410.33333333 , 1.329097130394326e-03 , 2.895751076411697e-07
411.25000000 , 1.326883259240792e-03 , 2.893863017925033e-07
412.16666667 , 1.323929483016228e-03 , 2.891005697167409e-07
413.08333333 , 1.321057509514780e-03 , 2.887999863859819e-07
414.00000000 , 1.318563594769979e-03 , 2.884545852552003e-07
414.91666667 , 1.315832918655387e-03 , 2.881788011057453e-07
415.83333333 , 1.313053362210705e-03 , 2.879217845069377e-07
416.75000000 , 1.310870020053551e-03 , 2.876907616311770e-07
417.66666667 , 1.308067762234623e-03 , 2.873885347034544e-07
418.58333333 , 1.305609931374182e-03 , 2.870827484906136e-07
419.50000000 , 1.302915015005445e-03 , 2.867348557157459e-07
420.41666667 , 1.300759608920084e-03 , 2.865226694118133e-07
421.33333333 , 1.298061067662705e-03 , 2.862227514419306e-07
422.25000000 , 1.294937770871230e-03 , 2.858268434732546e-07
423.16666667 , 1.292170265255325e-03 , 2.854884506305060e-07
424.08333333 , 1.288863841119837e-03 , 2.849525948202533e-07
425.00000000 , 1.286091767818140e-03 , 2.846584018712510e-07
425.91666667 , 1.282233039204291e-03 , 2.840782855943703e-07
426.83333333 , 1.278809149821953e-03 , 2.836076814213215e-07
427.75000000 , 1.275798657700137e-03 , 2.831583397449166e-07
428.66666667 , 1.271834862797127e-03 , 2.825524475392994e-07
429.58333333 , 1.268576079832785e-03 , 2.821343357213411e-07
430.50000000 , 1.265309293500944e-03 , 2.815955202734836e-07
431.41666667 , 1.262444502717391e-03 , 2.810574178858232e-07
432.33333333 , 1.259204776267134e-03 , 2.805230819990712e-07
433.25000000 , 1.256032141390464e-03 , 2.800466648205109e-07
434.16666667 , 1.252918994767462e-03 , 2.795175888981471e-07
435.08333333 , 1.249424161266372e-03 , 2.788833146447451e-07
436.00000000 , 1.246196156948518e-03 , 2.783273528996642e-07
436.91666667 , 1.243037280111079e-03 , 2.777348336243148e-07
437.83333333 , 1.238743596351230e-03 , 2.769995530688696e-07
438.75000000 , 1.235024552563432e-03 , 2.763693617583048e-07
439.66666667 , 1.231068323945555e-03 , 2.756986694626850e-07
440.58333333 , 1.226770558727249e-03 , 2.749436761923803e-07
441.50000000 , 1.222713905419695e-03 , 2.741627221961264e-07
442.41666667 , 1.218539439518241e-03 , 2.734425524018643e-07
443.33333333 , 1.214062689833414e-03 , 2.726737242407020e-07
444.25000000 , 1.208284786737992e-03 , 2.717241451380654e-07
445.16666667 , 1.202438492670402e-03 , 2.706693339561119e-07
446.08333333 , 1.197148201490133e-03 , 2.697774996914602e-07
447.00000000 , 1.190815475292894e-03 , 2.687312260837212e-07
447.91666667 , 1.184331556973169e-03 , 2.676050376370995e-07
448.83333333 , 1.177629083144789e-03 , 2.664839559830593e-07
449.75000000 , 1.170635732206875e-03 , 2.653230090921029e-07
450.66666667 , 1.163142406042122e-03 , 2.640865971183265e-07
451.58333333 , 1.156054853308588e-03 , 2.628782735578729e-07
452.50000000 , 1.148192329823290e-03 , 2.615510483464212e-07
453.41666667 , 1.140742157706573e-03 , 2.603027102220100e-07
454.33333333 , 1.132603276500952e-03 , 2.588552354961149e-07
455.25000000 , 1.124709629428571e-03 , 2.575374857733367e-07
456.16666667 , 1.116385525395210e-03 , 2.560644521124218e-07
457.08333333 , 1.107599041238535e-03 , 2.544772552717067e-07
458.00000000 , 1.098591418585499e-03 , 2.528190139039176e-07
458.91666667 , 1.089310540630170e-03 , 2.511131282982929e-07
459.83333333 , 1.079713762262281e-03 , 2.494599620691996e-07
460.75000000 , 1.069790978110075e-03 , 2.475978190790661e-07
461.66666667 , 1.059126421580564e-03 , 2.455649910679887e-07
462.58333333 , 1.047654784271547e-03 , 2.434348023166789e-07
463.50000000 , 1.035117550211703e-03 , 2.410907324871461e-07
464.41666667 , 1.022819543219924e-03 , 2.388673963515582e-07
465.33333333 , 1.008301068120616e-03 , 2.361253965316312e-07
466.25000000 , 9.935820794306932e-04 , 2.333368899156101e-07
467.16666667 , 9.770481925542506e-04 , 2.303259895520107e-07
468.08333333 , 9.591305603110703e-04 , 2.268933823904356e-07
469.00000000 , 9.395869524118987e-04 , 2.232432605316059e-07
469.91666667 , 9.183146632297783e-04 , 2.192130995518715e-07
470.83333333 , 8.952316999305407e-04 , 2.148459525770641e-07
471.75000000 , 8.700642474085780e-04 , 2.100396200669428e-07
472.66666667 , 8.415358034984116e-04 , 2.046049651171392e-07
473.58333333 , 8.102032097245248e-04 , 1.986099278036851e-07
474.50000000 , 7.750645171258635e-04 , 1.917428076863798e-07
475.41666667 , 7.368216604667368e-04 , 1.840359295511782e-07
476.33333333 , 6.947085365251296e-04 , 1.754401073677937e-07
477.25000000 , 6.502321271221464e-04 , 1.662277440463314e-07
478.16666667 , 6.037206175224705e-04 , 1.565782682145541e-07
479.08333333 , 5.547676507839786e-04 , 1.463610073275286e-07
480.00000000 , 5.031674647575613e-04 , 1.354736735072328e-07
480.91666667 , 4.483555437735148e-04 , 1.237944292873802e-07
481.83333333 , 3.904262721473798e-04 , 1.113221269154258e-07
482.75000000 , 3.284597968659842e-04 , 9.771239179430005e-08
483.66666667 , 2.629408814912235e-04 , 8.294036464399039e-08
484.58333333 , 1.938669125478330e-04 , 6.659621309517379e-08
485.50000000 , 1.237075435269798e-04 , 4.862520372180868e-08
486.41666667 , 5.777488315883077e-05 , 2.911580870335866e-08
487.33333333 , 1.061130207983714e-05 , 1.007427812894437e-08
488.25000000 , 0.000000000000000e+00 , 0.000000000000000e+00
489.16666667 , 0.000000000000000e+00 , 0.000000000000000e+00
490.08333333 , 0.000000000000000e+00 , 0.000000000000000e+00
491.00000000 , 0.000000000000000e+00 , 0.000000000000000e+00
491.91666667 , 0.000000000000000e+00 , 0.000000000000000e+00
492.83333333 , 0.000000000000000e+00 , 0.000000000000000e+00
493.75000000 , 0.000000000000000e+00 , 0.000000000000000e+00
494.66666667 , 0.000000000000000e+00 , 0.000000000000000e+00
495.58333333 , 0.000000000000000e+00 , 0.000000000000000e+00
496.50000000 , 0.000000000000000e+00 , 0.000000000000000e+00
497.41666667 , 0.000000000000000e+00 , 0.000000000000000e+00
498.33333333 , 0.000000000000000e+00 , 0.000000000000000e+00
499.25000000 , 0.000000000000000e+00 , 0.000000000000000e+00
500.16666667 , 0.000000000000000e+00 , 0.000000000000000e+00
501.08333333 , 0.000000000000000e+00 , 0.000000000000000e+00
502.00000000 , 0.000000000000000e+00 , 0.000000000000000e+00
502.91666667 , 0.000000000000000e+00 , 0.000000000000000e+00
503.83333333 , 0.000000000000000e+00 , 0.000000000000000e+00
504.75000000 , 0.000000000000000e+00 , 0.000000000000000e+00
505.66666667 , 0.000000000000000e+00 , 0.000000000000000e+00
506.58333333 , 0.000000000000000e+00 , 0.000000000000000e+00
507.50000000 , 0.000000000000000e+00 , 0.000000000000000e+00
508.41666667 , 0.000000000000000e+00 , 0.000000000000000e+00
509.33333333 , 0.000000000000000e+00 , 0.000000000000000e+00
510.25000000 , 0.000000000000000e+00 , 0.000000000000000e+00
511.16666667 , 0.000000000000000e+00 , 0.000000000000000e+00
512.08333333 , 0.000000000000000e+00 , 0.000000000000000e+00
513.00000000 , 0.000000000000000e+00 , 0.000000000000000e+00
513.91666667 , 0.000000000000000e+00 , 0.000000000000000e+00
514.83333333 , 0.000000000000000e+00 , 0.000000000000000e+00
515.75000000 , 0.000000000000000e+00 , 0.000000000000000e+00
516.66666667 , 0.000000000000000e+00 , 0.000000000000000e+00
517.58333333 , 0.000000000000000e+00 , 0.000000000000000e+00
518.50000000 , 0.000000000000000e+00 , 0.000000000000000e+00
519.41666667 , 0.000000000000000e+00 , 0.000000000000000e+00
520.33333333 , 0.000000000000000e+00 , 0.000000000000000e+00
521.25000000 , 0.000000000000000e+00 , 0.000000000000000e+00
522.16666667 , 0.000000000000000e+00 , 0.000000000000000e+00
523.08333333 , 0.000000000000000e+00 , 0.000000000000000e+00
524.00000000 , 0.000000000000000e+00 , 0.000000000000000e+00
524.91666667 , 0.000000000000000e+00 , 0.000000000000000e+00
525.83333333 , 0.000000000000000e+00 , 0.000000000000000e+00
526.75000000 , 0.000000000000000e+00 , 0.000000000000000e+00
527.66666667 , 0.000000000000000e+00 , 0.000000000000000e+00
528.58333333 , 0.000000000000000e+00 , 0.000000000000000e+00
529.50000000 , 0.000000000000000e+00 , 0.000000000000000e+00
530.41666667 , 0.000000000000000e+00 , 0.000000000000000e+00
531.33333333 , 0.000000000000000e+00 , 0.000000000000000e+00
532.25000000 , 0.000000000000000e+00 , 0.000000000000000e+00
533.16666667 , 0.000000000000000e+00 , 0.000000000000000e+00
534.08333333 , 0.000000000000000e+00 , 0.000000000000000e+00
535.00000000 , 0.000000000000000e+00 , 0.000000000000000e+00
535.91666667 , 0.000000000000000e+00 , 0.000000000000000e+00
536.83333333 , 0.000000000000000e+00 , 0.000000000000000e+00
537.75000000 , 0.000000000000000e+00 , 0.000000000000000e+00
538.66666667 , 0.000000000000000e+00 , 0.000000000000000e+00
539.58333333 , 0.000000000000000e+00 , 0.000000000000000e+00
540.50000000 , 0.000000000000000e+00 , 0.000000000000000e+00
541.41666667 , 0.000000000000000e+00 , 0.000000000000000e+00
542.33333333 , 0.000000000000000e+00 , 0.000000000000000e+00
543.25000000 , 0.000000000000000e+00 , 0.000000000000000e+00
544.16666667 , 0.000000000000000e+00 , 0.000000000000000e+00
545.08333333 , 0.000000000000000e+00 , 0.000000000000000e+00
546.00000000 , 0.000000000000000e+00 , 0.000000000000000e+00
546.91666667 , 0.000000000000000e+00 , 0.000000000000000e+00
547.83333333 , 0.000000000000000e+00 , 0.000000000000000e+00
548.75000000 , 0.000000000000000e+00 , 0.000000000000000e+00
549.66666667 , 0.000000000000000e+00 , 0.000000000000000e+00
550.58333333 , 0.000000000000000e+00 , 0.000000000000000e+00
551.50000000 , 0.000000000000000e+00 , 0.000000000000000e+00
552.41666667 , 0.000000000000000e+00 , 0.000000000000000e+00
553.33333333 , 0.000000000000000e+00 , 0.000000000000000e+00
554.25000000 , 0.000000000000000e+00 , 0.000000000000000e+00
555.16666667 , 0.000000000000000e+00 , 0.000000000000000e+00
556.08333333 , 0.000000000000000e+00 , 0.000000000000000e+00
