x_l , NLO , dNLO
30.00000000 , 0.000000000000000e+00 , 0.000000000000000e+00
30.16666667 , 0.000000000000000e+00 , 0.000000000000000e+00
30.33333333 , 0.000000000000000e+00 , 0.000000000000000e+00
30.50000000 , 0.000000000000000e+00 , 0.000000000000000e+00
30.66666667 , 0.000000000000000e+00 , 0.000000000000000e+00
30.83333333 , 0.000000000000000e+00 , 0.000000000000000e+00
31.00000000 , 0.000000000000000e+00 , 0.000000000000000e+00
31.16666667 , 0.000000000000000e+00 , 0.000000000000000e+00
31.33333333 , 0.000000000000000e+00 , 0.000000000000000e+00
31.50000000 , 0.000000000000000e+00 , 0.000000000000000e+00
31.66666667 , 0.000000000000000e+00 , 0.000000000000000e+00
31.83333333 , 0.000000000000000e+00 , 0.000000000000000e+00
32.00000000 , 0.000000000000000e+00 , 0.000000000000000e+00
32.16666667 , 0.000000000000000e+00 , 0.000000000000000e+00
32.33333333 , 0.000000000000000e+00 , 0.000000000000000e+00
32.50000000 , 0.000000000000000e+00 , 0.000000000000000e+00
32.66666667 , 0.000000000000000e+00 , 0.000000000000000e+00
32.83333333 , 0.000000000000000e+00 , 0.000000000000000e+00
33.00000000 , 0.000000000000000e+00 , 0.000000000000000e+00
33.16666667 , 0.000000000000000e+00 , 0.000000000000000e+00
33.33333333 , 0.000000000000000e+00 , 0.000000000000000e+00
33.50000000 , 0.000000000000000e+00 , 0.000000000000000e+00
33.66666667 , 0.000000000000000e+00 , 0.000000000000000e+00
33.83333333 , 0.000000000000000e+00 , 0.000000000000000e+00
34.00000000 , 0.000000000000000e+00 , 0.000000000000000e+00
34.16666667 , 0.000000000000000e+00 , 0.000000000000000e+00
34.33333333 , 0.000000000000000e+00 , 0.000000000000000e+00
34.50000000 , 0.000000000000000e+00 , 0.000000000000000e+00
34.66666667 , 0.000000000000000e+00 , 0.000000000000000e+00
34.83333333 , 0.000000000000000e+00 , 0.000000000000000e+00
35.00000000 , 0.000000000000000e+00 , 0.000000000000000e+00
35.16666667 , 0.000000000000000e+00 , 0.000000000000000e+00
35.33333333 , 0.000000000000000e+00 , 0.000000000000000e+00
35.50000000 , 0.000000000000000e+00 , 0.000000000000000e+00
35.66666667 , 0.000000000000000e+00 , 0.000000000000000e+00
35.83333333 , 0.000000000000000e+00 , 0.000000000000000e+00
36.00000000 , 0.000000000000000e+00 , 0.000000000000000e+00
36.16666667 , 0.000000000000000e+00 , 0.000000000000000e+00
36.33333333 , 0.000000000000000e+00 , 0.000000000000000e+00
36.50000000 , 0.000000000000000e+00 , 0.000000000000000e+00
36.66666667 , 0.000000000000000e+00 , 0.000000000000000e+00
36.83333333 , 0.000000000000000e+00 , 0.000000000000000e+00
37.00000000 , 0.000000000000000e+00 , 0.000000000000000e+00
37.16666667 , 0.000000000000000e+00 , 0.000000000000000e+00
37.33333333 , 0.000000000000000e+00 , 0.000000000000000e+00
37.50000000 , 0.000000000000000e+00 , 0.000000000000000e+00
37.66666667 , 0.000000000000000e+00 , 0.000000000000000e+00
37.83333333 , 0.000000000000000e+00 , 0.000000000000000e+00
38.00000000 , 0.000000000000000e+00 , 0.000000000000000e+00
38.16666667 , 0.000000000000000e+00 , 0.000000000000000e+00
38.33333333 , 0.000000000000000e+00 , 0.000000000000000e+00
38.50000000 , 0.000000000000000e+00 , 0.000000000000000e+00
38.66666667 , 0.000000000000000e+00 , 0.000000000000000e+00
38.83333333 , 0.000000000000000e+00 , 0.000000000000000e+00
39.00000000 , 0.000000000000000e+00 , 0.000000000000000e+00
39.16666667 , 0.000000000000000e+00 , 0.000000000000000e+00
39.33333333 , 0.000000000000000e+00 , 0.000000000000000e+00
39.50000000 , 0.000000000000000e+00 , 0.000000000000000e+00
39.66666667 , 0.000000000000000e+00 , 0.000000000000000e+00
39.83333333 , 0.000000000000000e+00 , 0.000000000000000e+00
40.00000000 , 0.000000000000000e+00 , 0.000000000000000e+00
40.16666667 , 0.000000000000000e+00 , 0.000000000000000e+00
40.33333333 , 0.000000000000000e+00 , 0.000000000000000e+00
40.50000000 , 0.000000000000000e+00 , 0.000000000000000e+00
40.66666667 , 0.000000000000000e+00 , 0.000000000000000e+00
40.83333333 , 0.000000000000000e+00 , 0.000000000000000e+00
41.00000000 , 0.000000000000000e+00 , 0.000000000000000e+00
41.16666667 , 0.000000000000000e+00 , 0.000000000000000e+00
41.33333333 , 0.000000000000000e+00 , 0.000000000000000e+00
41.50000000 , 0.000000000000000e+00 , 0.000000000000000e+00
41.66666667 , 0.000000000000000e+00 , 0.000000000000000e+00
41.83333333 , 0.000000000000000e+00 , 0.000000000000000e+00
42.00000000 , 0.000000000000000e+00 , 0.000000000000000e+00
42.16666667 , 0.000000000000000e+00 , 0.000000000000000e+00
42.33333333 , 0.000000000000000e+00 , 0.000000000000000e+00
42.50000000 , 0.000000000000000e+00 , 0.000000000000000e+00
42.66666667 , 0.000000000000000e+00 , 0.000000000000000e+00
42.83333333 , 0.000000000000000e+00 , 0.000000000000000e+00
43.00000000 , 0.000000000000000e+00 , 0.000000000000000e+00
43.16666667 , 0.000000000000000e+00 , 0.000000000000000e+00
43.33333333 , 0.000000000000000e+00 , 0.000000000000000e+00
43.50000000 , 0.000000000000000e+00 , 0.000000000000000e+00
43.66666667 , 0.000000000000000e+00 , 0.000000000000000e+00
43.83333333 , 0.000000000000000e+00 , 0.000000000000000e+00
44.00000000 , 0.000000000000000e+00 , 0.000000000000000e+00
44.16666667 , 0.000000000000000e+00 , 0.000000000000000e+00
44.33333333 , 0.000000000000000e+00 , 0.000000000000000e+00
44.50000000 , 0.000000000000000e+00 , 0.000000000000000e+00
44.66666667 , 0.000000000000000e+00 , 0.000000000000000e+00
44.83333333 , 0.000000000000000e+00 , 0.000000000000000e+00
45.00000000 , 0.000000000000000e+00 , 0.000000000000000e+00
45.16666667 , 0.000000000000000e+00 , 0.000000000000000e+00
45.33333333 , 0.000000000000000e+00 , 0.000000000000000e+00
45.50000000 , 0.000000000000000e+00 , 0.000000000000000e+00
45.66666667 , 0.000000000000000e+00 , 0.000000000000000e+00
45.83333333 , 0.000000000000000e+00 , 0.000000000000000e+00
46.00000000 , 0.000000000000000e+00 , 0.000000000000000e+00
46.16666667 , 0.000000000000000e+00 , 0.000000000000000e+00
46.33333333 , 0.000000000000000e+00 , 0.000000000000000e+00
46.50000000 , 0.000000000000000e+00 , 0.000000000000000e+00
46.66666667 , 0.000000000000000e+00 , 0.000000000000000e+00
46.83333333 , 0.000000000000000e+00 , 0.000000000000000e+00
47.00000000 , 0.000000000000000e+00 , 0.000000000000000e+00
47.16666667 , 0.000000000000000e+00 , 0.000000000000000e+00
47.33333333 , 0.000000000000000e+00 , 0.000000000000000e+00
47.50000000 , 0.000000000000000e+00 , 0.000000000000000e+00
47.66666667 , 0.000000000000000e+00 , 0.000000000000000e+00
47.83333333 , 0.000000000000000e+00 , 0.000000000000000e+00
48.00000000 , 0.000000000000000e+00 , 0.000000000000000e+00
48.16666667 , 0.000000000000000e+00 , 0.000000000000000e+00
48.33333333 , 0.000000000000000e+00 , 0.000000000000000e+00
48.50000000 , 0.000000000000000e+00 , 0.000000000000000e+00
48.66666667 , 0.000000000000000e+00 , 0.000000000000000e+00
48.83333333 , 0.000000000000000e+00 , 0.000000000000000e+00
49.00000000 , 0.000000000000000e+00 , 0.000000000000000e+00
49.16666667 , 0.000000000000000e+00 , 0.000000000000000e+00
49.33333333 , 0.000000000000000e+00 , 0.000000000000000e+00
49.50000000 , 0.000000000000000e+00 , 0.000000000000000e+00
49.66666667 , 0.000000000000000e+00 , 0.000000000000000e+00
49.83333333 , 0.000000000000000e+00 , 0.000000000000000e+00
50.00000000 , 3.337102277956127e-03 , 1.179684734178632e-06
50.16666667 , 3.337056266472087e-03 , 1.178217431026652e-06
50.33333333 , 3.337252589344508e-03 , 1.176510399894664e-06
50.50000000 , 3.338343335725839e-03 , 1.175199260662062e-06
50.66666667 , 3.333487812691483e-03 , 1.172066759583038e-06
50.83333333 , 3.333921263778382e-03 , 1.170785237241687e-06
51.00000000 , 3.331537072399643e-03 , 1.168507236536038e-06
51.16666667 , 3.332017044005134e-03 , 1.167237889817377e-06
51.33333333 , 3.331327273058537e-03 , 1.165147596219193e-06
51.50000000 , 3.331904427397363e-03 , 1.164085469396503e-06
51.66666667 , 3.332477866910579e-03 , 1.162385772943276e-06
51.83333333 , 3.330815678136807e-03 , 1.160535148398678e-06
52.00000000 , 3.330502709318023e-03 , 1.158379344055507e-06
52.16666667 , 3.330797658406204e-03 , 1.157103096885975e-06
52.33333333 , 3.329834063762941e-03 , 1.155353581180587e-06
52.50000000 , 3.328036768642258e-03 , 1.153254688696603e-06
52.66666667 , 3.330075818202168e-03 , 1.152930197982103e-06
52.83333333 , 3.326218834658862e-03 , 1.150020684128920e-06
53.00000000 , 3.328575488523707e-03 , 1.148805398484296e-06
53.16666667 , 3.329372028259531e-03 , 1.147352500612370e-06
53.33333333 , 3.325175230947866e-03 , 1.145190226768662e-06
53.50000000 , 3.327052395943110e-03 , 1.143658100867511e-06
53.66666667 , 3.325701437134720e-03 , 1.141889907261033e-06
53.83333333 , 3.324798259703311e-03 , 1.140205330804305e-06
54.00000000 , 3.327114324738875e-03 , 1.139270104778829e-06
54.16666667 , 3.325343206243703e-03 , 1.137169945922907e-06
54.33333333 , 3.325611970434491e-03 , 1.136149891197240e-06
54.50000000 , 3.326264886027167e-03 , 1.135028511349401e-06
54.66666667 , 3.324962509481120e-03 , 1.132620700994539e-06
54.83333333 , 3.326490823706795e-03 , 1.131930288673069e-06
55.00000000 , 3.325585792103341e-03 , 1.129995891317163e-06
55.16666667 , 3.325525620228090e-03 , 1.128343875839578e-06
55.33333333 , 3.323643996956622e-03 , 1.126064179983820e-06
55.50000000 , 3.324094943036707e-03 , 1.125168253643819e-06
55.66666667 , 3.322441578685054e-03 , 1.123138127005778e-06
55.83333333 , 3.323513747010592e-03 , 1.122362378960400e-06
56.00000000 , 3.323673154552035e-03 , 1.120602681350255e-06
56.16666667 , 3.324478374029927e-03 , 1.119378489749358e-06
56.33333333 , 3.322669826019525e-03 , 1.117216107143109e-06
56.50000000 , 3.323368936950336e-03 , 1.116226025317481e-06
56.66666667 , 3.324179255080402e-03 , 1.114991273195143e-06
56.83333333 , 3.323251523340402e-03 , 1.112872559215438e-06
57.00000000 , 3.320402551586006e-03 , 1.110985311667840e-06
57.16666667 , 3.322554970945680e-03 , 1.110137512119372e-06
57.33333333 , 3.320015593166135e-03 , 1.107712849275496e-06
57.50000000 , 3.321260415540006e-03 , 1.107072629267117e-06
57.66666667 , 3.320944526256929e-03 , 1.105248776170086e-06
57.83333333 , 3.320538062960726e-03 , 1.103945085937815e-06
58.00000000 , 3.320124199719350e-03 , 1.102314946814830e-06
58.16666667 , 3.322021554403557e-03 , 1.101404505593471e-06
58.33333333 , 3.323177767176780e-03 , 1.100161617656415e-06
58.50000000 , 3.321410422405638e-03 , 1.098306489583053e-06
58.66666667 , 3.320783122311209e-03 , 1.096502929958762e-06
58.83333333 , 3.321180954638545e-03 , 1.095530708917933e-06
59.00000000 , 3.320061801821228e-03 , 1.093637549434779e-06
59.16666667 , 3.321812382478207e-03 , 1.092751610613824e-06
59.33333333 , 3.324315692925494e-03 , 1.092008739735094e-06
59.50000000 , 3.323840693433353e-03 , 1.090487983590484e-06
59.66666667 , 3.322111956367062e-03 , 1.088808719538106e-06
59.83333333 , 3.323745585684124e-03 , 1.088083490138099e-06
60.00000000 , 3.323174574087229e-03 , 1.086228038398428e-06
60.16666667 , 3.323095445816230e-03 , 1.085123201286895e-06
60.33333333 , 3.322123644406554e-03 , 1.083146631241817e-06
60.50000000 , 3.323848855645947e-03 , 1.082504554297850e-06
60.66666667 , 3.321436643519876e-03 , 1.080283990293991e-06
60.83333333 , 3.323706146660560e-03 , 1.079455621967621e-06
61.00000000 , 3.324453977177642e-03 , 1.078746141820259e-06
61.16666667 , 3.324565258535739e-03 , 1.076993470395015e-06
61.33333333 , 3.326055232787703e-03 , 1.076441118822205e-06
61.50000000 , 3.324556695976123e-03 , 1.074605037183787e-06
61.66666667 , 3.324479125425086e-03 , 1.073594506887004e-06
61.83333333 , 3.327481535909960e-03 , 1.072821637424969e-06
62.00000000 , 3.326926381178013e-03 , 1.071263109065838e-06
62.16666667 , 3.326974475594531e-03 , 1.070008256586155e-06
62.33333333 , 3.326380458561209e-03 , 1.068331499152328e-06
62.50000000 , 3.327229187326572e-03 , 1.067711483902574e-06
62.66666667 , 3.327109600320763e-03 , 1.065943721138898e-06
62.83333333 , 3.329677658991070e-03 , 1.065488068984589e-06
63.00000000 , 3.327868379280831e-03 , 1.063757445701293e-06
63.16666667 , 3.329491633478018e-03 , 1.063080324146786e-06
63.33333333 , 3.329725776328414e-03 , 1.061882191073441e-06
63.50000000 , 3.329545720337916e-03 , 1.060525815792497e-06
63.66666667 , 3.329019068079700e-03 , 1.058678392798269e-06
63.83333333 , 3.331222024281553e-03 , 1.058365647552426e-06
64.00000000 , 3.331149210299967e-03 , 1.056907540961377e-06
64.16666667 , 3.330780557210354e-03 , 1.055835038453767e-06
64.33333333 , 3.331079111066469e-03 , 1.054379608108832e-06
64.50000000 , 3.333022006656947e-03 , 1.053918793645931e-06
64.66666667 , 3.333741308495175e-03 , 1.052912715141955e-06
64.83333333 , 3.333198910451334e-03 , 1.051397173513035e-06
65.00000000 , 3.333655207115070e-03 , 1.050250392382005e-06
65.16666667 , 3.334397280503659e-03 , 1.049284819077318e-06
65.33333333 , 3.333750689955292e-03 , 1.047678317509994e-06
65.50000000 , 3.335229647893080e-03 , 1.047123372474489e-06
65.66666667 , 3.337017916537514e-03 , 1.046854576940606e-06
65.83333333 , 3.335754411217931e-03 , 1.044769615061289e-06
66.00000000 , 3.337430899388662e-03 , 1.044179323662446e-06
66.16666667 , 3.337189341552573e-03 , 1.043216425395658e-06
66.33333333 , 3.336740463278786e-03 , 1.041931177965574e-06
66.50000000 , 3.337983729283715e-03 , 1.040703378053354e-06
66.66666667 , 3.337847751778619e-03 , 1.039649864343972e-06
66.83333333 , 3.337139918553238e-03 , 1.038480526833474e-06
67.00000000 , 3.338570638664829e-03 , 1.037616717301672e-06
67.16666667 , 3.339926166982475e-03 , 1.036482322904643e-06
67.33333333 , 3.340347131316527e-03 , 1.035895396853471e-06
67.50000000 , 3.341823077161179e-03 , 1.035436577884712e-06
67.66666667 , 3.342222264088083e-03 , 1.033960321829240e-06
67.83333333 , 3.342700876510001e-03 , 1.033272055169173e-06
68.00000000 , 3.342007014878706e-03 , 1.031795671873249e-06
68.16666667 , 3.342942073630629e-03 , 1.031091172457733e-06
68.33333333 , 3.342914930936189e-03 , 1.029974614782803e-06
68.50000000 , 3.344095660580200e-03 , 1.028994626190537e-06
68.66666667 , 3.344618432921154e-03 , 1.028005766656494e-06
68.83333333 , 3.345484107071372e-03 , 1.027169153014875e-06
69.00000000 , 3.346402922627952e-03 , 1.026726142728034e-06
69.16666667 , 3.345742108072678e-03 , 1.025537888363920e-06
69.33333333 , 3.347196700598680e-03 , 1.024530772550780e-06
69.50000000 , 3.346825981795026e-03 , 1.023392949199545e-06
69.66666667 , 3.348736676734028e-03 , 1.023158180623461e-06
69.83333333 , 3.351154549052785e-03 , 1.022584002019190e-06
70.00000000 , 3.349931490165997e-03 , 1.021325043203142e-06
70.16666667 , 3.350085093082115e-03 , 1.020480169440348e-06
70.33333333 , 3.350227545814347e-03 , 1.019401234692290e-06
70.50000000 , 3.352804797166093e-03 , 1.018840538429784e-06
70.66666667 , 3.351442609919881e-03 , 1.017434798625317e-06
70.83333333 , 3.353622673884941e-03 , 1.017396575769165e-06
71.00000000 , 3.354632364502891e-03 , 1.016572340951439e-06
71.16666667 , 3.351927385488612e-03 , 1.014805087144661e-06
71.33333333 , 3.356630438610024e-03 , 1.015412589388191e-06
71.50000000 , 3.354445131823502e-03 , 1.013550755200528e-06
71.66666667 , 3.353307343216854e-03 , 1.012187671468462e-06
71.83333333 , 3.356489450840371e-03 , 1.012396423775429e-06
72.00000000 , 3.358760688262303e-03 , 1.011846693344009e-06
72.16666667 , 3.358959907829290e-03 , 1.011246755659166e-06
72.33333333 , 3.360404257103202e-03 , 1.010702402060913e-06
72.50000000 , 3.359224167264601e-03 , 1.009350461418364e-06
72.66666667 , 3.360776491226175e-03 , 1.008868897828710e-06
72.83333333 , 3.360531173238922e-03 , 1.007715049915309e-06
73.00000000 , 3.360718494587474e-03 , 1.006980208273526e-06
73.16666667 , 3.360586255494665e-03 , 1.005709896315469e-06
73.33333333 , 3.362686194204577e-03 , 1.005816243027686e-06
73.50000000 , 3.363049113072958e-03 , 1.005278043098917e-06
73.66666667 , 3.363763004272121e-03 , 1.004165139825850e-06
73.83333333 , 3.363685120738025e-03 , 1.003588623959236e-06
74.00000000 , 3.364731399512960e-03 , 1.003202289637710e-06
74.16666667 , 3.364810263667915e-03 , 1.002360858747918e-06
74.33333333 , 3.365628854850646e-03 , 1.001530706475190e-06
74.50000000 , 3.367862670529687e-03 , 1.001260982580115e-06
74.66666667 , 3.368854681550355e-03 , 1.000688447211418e-06
74.83333333 , 3.367236553100861e-03 , 9.993950772971008e-07
75.00000000 , 3.369531061742541e-03 , 9.992057892725539e-07
75.16666667 , 3.369445490460317e-03 , 9.985810162700758e-07
75.33333333 , 3.370045547565579e-03 , 9.979118537281171e-07
75.50000000 , 3.368782208167135e-03 , 9.973616284499944e-07
75.66666667 , 3.369662863279991e-03 , 9.964860217379172e-07
75.83333333 , 3.369966080155289e-03 , 9.957004462046323e-07
76.00000000 , 3.371690182116450e-03 , 9.951163302610127e-07
76.16666667 , 3.373053828821369e-03 , 9.952923893617373e-07
76.33333333 , 3.373198870788769e-03 , 9.944456892243837e-07
76.50000000 , 3.371638110114082e-03 , 9.933902223470563e-07
76.66666667 , 3.375072825561974e-03 , 9.936051158980459e-07
76.83333333 , 3.374422433497845e-03 , 9.927541532362308e-07
77.00000000 , 3.374976206361415e-03 , 9.918171722921332e-07
77.16666667 , 3.376024461027303e-03 , 9.913907964230864e-07
77.33333333 , 3.376193674676892e-03 , 9.911454996090888e-07
77.50000000 , 3.377883380698265e-03 , 9.909361376361743e-07
77.66666667 , 3.376284489129666e-03 , 9.901480776272540e-07
77.83333333 , 3.377792778936890e-03 , 9.893812145666697e-07
78.00000000 , 3.378105797642798e-03 , 9.890279257188431e-07
78.16666667 , 3.379492115518750e-03 , 9.889122548772902e-07
78.33333333 , 3.377156481673634e-03 , 9.878927910520194e-07
78.50000000 , 3.379817149554373e-03 , 9.878204038720694e-07
78.66666667 , 3.380274304402174e-03 , 9.869539724146321e-07
78.83333333 , 3.380610516018060e-03 , 9.864347998882863e-07
79.00000000 , 3.381258250441452e-03 , 9.861261538754986e-07
79.16666667 , 3.382561245259737e-03 , 9.860574810131762e-07
79.33333333 , 3.383128869931444e-03 , 9.853918202550364e-07
79.50000000 , 3.381397289758649e-03 , 9.844797903941359e-07
79.66666667 , 3.383093465256009e-03 , 9.845344183344351e-07
79.83333333 , 3.382704136415138e-03 , 9.838834124052352e-07
80.00000000 , 3.384005140981544e-03 , 9.836611215626760e-07
80.16666667 , 3.384484900268487e-03 , 9.831719941620959e-07
80.33333333 , 3.385636236360959e-03 , 9.830151406555300e-07
80.50000000 , 3.387443350412472e-03 , 9.830841900651394e-07
80.66666667 , 3.383621815474233e-03 , 9.814402482888327e-07
80.83333333 , 3.386326375731322e-03 , 9.821128497420866e-07
81.00000000 , 3.387368680719436e-03 , 9.814311774592142e-07
81.16666667 , 3.386309959169569e-03 , 9.808255817042617e-07
81.33333333 , 3.384533186622661e-03 , 9.799121315496272e-07
81.50000000 , 3.386636359217978e-03 , 9.800652524651516e-07
81.66666667 , 3.387040253881674e-03 , 9.798764956963624e-07
81.83333333 , 3.388669577588551e-03 , 9.797094324160575e-07
82.00000000 , 3.387867630760723e-03 , 9.792125374211113e-07
82.16666667 , 3.387952167303393e-03 , 9.782729951891461e-07
82.33333333 , 3.391842233181041e-03 , 9.793146700127145e-07
82.50000000 , 3.388055178000248e-03 , 9.779808434262575e-07
82.66666667 , 3.387530463789692e-03 , 9.774426950497303e-07
82.83333333 , 3.392223457389299e-03 , 9.782633393354711e-07
83.00000000 , 3.389641764593480e-03 , 9.773514346323960e-07
83.16666667 , 3.389513306156549e-03 , 9.771062038209080e-07
83.33333333 , 3.391786295139089e-03 , 9.773240204293452e-07
83.50000000 , 3.389347200455355e-03 , 9.760272863791363e-07
83.66666667 , 3.390033460540534e-03 , 9.758376899968024e-07
83.83333333 , 3.391446109324846e-03 , 9.758196905804244e-07
84.00000000 , 3.390773553764104e-03 , 9.755136993052849e-07
84.16666667 , 3.392379508175148e-03 , 9.756713992038651e-07
84.33333333 , 3.391884668662206e-03 , 9.749898437491171e-07
84.50000000 , 3.392033527340264e-03 , 9.749466416332599e-07
84.66666667 , 3.392256042129318e-03 , 9.745212985268068e-07
84.83333333 , 3.391025761035092e-03 , 9.742356382492996e-07
85.00000000 , 3.392766007904038e-03 , 9.741723251128767e-07
85.16666667 , 3.391508521995161e-03 , 9.737517970349626e-07
85.33333333 , 3.393606842570612e-03 , 9.740303668487064e-07
85.50000000 , 3.393786538894973e-03 , 9.738466057298151e-07
85.66666667 , 3.394001026357002e-03 , 9.737081532040123e-07
85.83333333 , 3.393537865213433e-03 , 9.733892568596849e-07
86.00000000 , 3.394432807938817e-03 , 9.733799947098804e-07
86.16666667 , 3.394361309014023e-03 , 9.733429414730765e-07
86.33333333 , 3.392626537146749e-03 , 9.725276438439222e-07
86.50000000 , 3.393972129532402e-03 , 9.726776964406697e-07
86.66666667 , 3.395958796770330e-03 , 9.728048757068700e-07
86.83333333 , 3.395271728598432e-03 , 9.728206649892712e-07
87.00000000 , 3.394564849447867e-03 , 9.722124641364347e-07
87.16666667 , 3.395184125150422e-03 , 9.720304167465102e-07
87.33333333 , 3.396276883396188e-03 , 9.724431087309832e-07
87.50000000 , 3.396747647495645e-03 , 9.725566481873922e-07
87.66666667 , 3.395497402193929e-03 , 9.719512258148353e-07
87.83333333 , 3.394565241625117e-03 , 9.715291161365649e-07
88.00000000 , 3.395386191356375e-03 , 9.716383621957146e-07
88.16666667 , 3.394630421223424e-03 , 9.716291166427298e-07
88.33333333 , 3.396251242012842e-03 , 9.716683400375217e-07
88.50000000 , 3.396647321866873e-03 , 9.718466338961458e-07
88.66666667 , 3.394826380202117e-03 , 9.710927449534267e-07
88.83333333 , 3.396710901848325e-03 , 9.716602804608654e-07
89.00000000 , 3.393990370653419e-03 , 9.707674296632139e-07
89.16666667 , 3.396085370696106e-03 , 9.714219737167710e-07
89.33333333 , 3.395726332439246e-03 , 9.711829201755546e-07
89.50000000 , 3.395512856977122e-03 , 9.713710410396844e-07
89.66666667 , 3.396296686154028e-03 , 9.710487917077576e-07
89.83333333 , 3.396441417758608e-03 , 9.715054732480745e-07
90.00000000 , 3.394126411308523e-03 , 9.710062646074141e-07
90.16666667 , 3.395907264393985e-03 , 9.712263770054309e-07
90.33333333 , 3.397230176782781e-03 , 9.715703458107124e-07
90.50000000 , 3.394567852325088e-03 , 9.709452706791787e-07
90.66666667 , 3.396031454657440e-03 , 9.715041778663308e-07
90.83333333 , 3.397280059999896e-03 , 9.720066530656028e-07
91.00000000 , 3.395940822359286e-03 , 9.715142021781098e-07
91.16666667 , 3.395839569654521e-03 , 9.713752479135284e-07
91.33333333 , 3.396279715807906e-03 , 9.717056387021423e-07
91.50000000 , 3.395422817460256e-03 , 9.714811216269490e-07
91.66666667 , 3.396003003337987e-03 , 9.717478063973391e-07
91.83333333 , 3.394974136355799e-03 , 9.714247758394324e-07
92.00000000 , 3.396061587862011e-03 , 9.721550519801521e-07
92.16666667 , 3.395857223260856e-03 , 9.722323291027750e-07
92.33333333 , 3.395205155405256e-03 , 9.720279692909330e-07
92.50000000 , 3.394837374645056e-03 , 9.720982677173920e-07
92.66666667 , 3.394951851279627e-03 , 9.724313666349353e-07
92.83333333 , 3.396178410746316e-03 , 9.728525058838310e-07
93.00000000 , 3.395034456878784e-03 , 9.725271972767499e-07
93.16666667 , 3.394025040003261e-03 , 9.725722520899250e-07
93.33333333 , 3.395052300454744e-03 , 9.727016220937407e-07
93.50000000 , 3.395918018266861e-03 , 9.735142704457894e-07
93.66666667 , 3.395055122539365e-03 , 9.733718393361322e-07
93.83333333 , 3.394302244563861e-03 , 9.733672244425891e-07
94.00000000 , 3.394895852262441e-03 , 9.734796847591237e-07
94.16666667 , 3.391608735790935e-03 , 9.732204107375128e-07
94.33333333 , 3.394023327189682e-03 , 9.737139995199365e-07
94.50000000 , 3.391800410734666e-03 , 9.735177701646104e-07
94.66666667 , 3.392153642237691e-03 , 9.737404447226809e-07
94.83333333 , 3.392613971483122e-03 , 9.742721287043715e-07
95.00000000 , 3.393624638885615e-03 , 9.747395532533806e-07
95.16666667 , 3.391194688774793e-03 , 9.742253285842256e-07
95.33333333 , 3.392097684205093e-03 , 9.747843126388160e-07
95.50000000 , 3.391701915841826e-03 , 9.751195214206600e-07
95.66666667 , 3.391308056542459e-03 , 9.754255796032833e-07
95.83333333 , 3.392296895977590e-03 , 9.757583076225678e-07
96.00000000 , 3.390751745737530e-03 , 9.756773218400155e-07
96.16666667 , 3.391035822568581e-03 , 9.760953451739285e-07
96.33333333 , 3.391502124426764e-03 , 9.766606861453869e-07
96.50000000 , 3.390042694333004e-03 , 9.768934762636623e-07
96.66666667 , 3.390718073131965e-03 , 9.770493118599669e-07
96.83333333 , 3.390432447398040e-03 , 9.772952656818956e-07
97.00000000 , 3.389228054566403e-03 , 9.775179804257323e-07
97.16666667 , 3.387756625157422e-03 , 9.777160180694349e-07
97.33333333 , 3.388858102837959e-03 , 9.781952929278669e-07
97.50000000 , 3.388660324662674e-03 , 9.784798373740534e-07
97.66666667 , 3.388428068944258e-03 , 9.790463056385947e-07
97.83333333 , 3.388276737947927e-03 , 9.796704132462582e-07
98.00000000 , 3.387352824544664e-03 , 9.794042060788381e-07
98.16666667 , 3.387566693590275e-03 , 9.798100057551152e-07
98.33333333 , 3.385295805226434e-03 , 9.797715961159402e-07
98.50000000 , 3.385619817712274e-03 , 9.802197062544570e-07
98.66666667 , 3.388094218529671e-03 , 9.810810122073413e-07
98.83333333 , 3.385169786761825e-03 , 9.808680876799006e-07
99.00000000 , 3.386300782627995e-03 , 9.818283710807679e-07
99.16666667 , 3.385063774705403e-03 , 9.821229707032872e-07
99.33333333 , 3.384747533101847e-03 , 9.823035155784607e-07
99.50000000 , 3.383645322680434e-03 , 9.826576048689849e-07
99.66666667 , 3.384235014687488e-03 , 9.833188901980267e-07
99.83333333 , 3.383737090477603e-03 , 9.831981325650569e-07
100.00000000 , 3.382105743406674e-03 , 9.835282375880967e-07
100.16666667 , 3.383366881956913e-03 , 9.845178380060831e-07
100.33333333 , 3.383616158745677e-03 , 9.851880472173282e-07
100.50000000 , 3.382530504604443e-03 , 9.856263033541711e-07
100.66666667 , 3.382088451336624e-03 , 9.858470343039102e-07
100.83333333 , 3.380764940116654e-03 , 9.860838936545836e-07
101.00000000 , 3.381173957893488e-03 , 9.870311747710164e-07
101.16666667 , 3.379683681381973e-03 , 9.869977913825298e-07
101.33333333 , 3.379179038030601e-03 , 9.874118591911234e-07
101.50000000 , 3.380200090347674e-03 , 9.884134633700481e-07
101.66666667 , 3.377970732318569e-03 , 9.883431091221042e-07
101.83333333 , 3.378845951058306e-03 , 9.893304132526472e-07
102.00000000 , 3.375773554922202e-03 , 9.894400599841133e-07
102.16666667 , 3.377526687495934e-03 , 9.903258814836451e-07
102.33333333 , 3.376093532678795e-03 , 9.904816650428452e-07
102.50000000 , 3.376203850287716e-03 , 9.910873964052491e-07
102.66666667 , 3.375750759764602e-03 , 9.917089698956181e-07
102.83333333 , 3.374630315222366e-03 , 9.918785854450217e-07
103.00000000 , 3.374970031524554e-03 , 9.928288924471426e-07
103.16666667 , 3.374878077531861e-03 , 9.935452919198261e-07
103.33333333 , 3.372462705331907e-03 , 9.935067944941704e-07
103.50000000 , 3.372347406211178e-03 , 9.943487884850021e-07
103.66666667 , 3.372380896460799e-03 , 9.952003118864286e-07
103.83333333 , 3.374322943121171e-03 , 9.962622849543350e-07
104.00000000 , 3.370990730158749e-03 , 9.961523924947223e-07
104.16666667 , 3.369027342638146e-03 , 9.964634350752633e-07
104.33333333 , 3.369950614904132e-03 , 9.971317552629951e-07
104.50000000 , 3.368573062906163e-03 , 9.976290322363549e-07
104.66666667 , 3.368434351234271e-03 , 9.983440120082647e-07
104.83333333 , 3.369301633884973e-03 , 9.995475851057574e-07
105.00000000 , 3.367833395985877e-03 , 9.999154964549897e-07
105.16666667 , 3.366854400715341e-03 , 1.000536732622663e-06
105.33333333 , 3.366597925865795e-03 , 1.001001117085242e-06
105.50000000 , 3.365169514117817e-03 , 1.001472633408049e-06
105.66666667 , 3.366046058448135e-03 , 1.002504843554334e-06
105.83333333 , 3.365499796422785e-03 , 1.003459018683166e-06
106.00000000 , 3.362382590075469e-03 , 1.003459607253523e-06
106.16666667 , 3.363494476468518e-03 , 1.004348289225698e-06
106.33333333 , 3.363708068177370e-03 , 1.005227812230510e-06
106.50000000 , 3.361705711385346e-03 , 1.005754404506965e-06
106.66666667 , 3.362002498710509e-03 , 1.006652427375168e-06
106.83333333 , 3.362319493705142e-03 , 1.007539022856485e-06
107.00000000 , 3.360301508244919e-03 , 1.007326202806903e-06
107.16666667 , 3.360208874006287e-03 , 1.008942993186794e-06
107.33333333 , 3.357990311595008e-03 , 1.009111336993444e-06
107.50000000 , 3.358360512449903e-03 , 1.010029427138256e-06
107.66666667 , 3.360248319049343e-03 , 1.011554884387877e-06
107.83333333 , 3.359721799190757e-03 , 1.012133771930093e-06
108.00000000 , 3.356875700393347e-03 , 1.012437840179564e-06
108.16666667 , 3.356745543806341e-03 , 1.013621395982412e-06
108.33333333 , 3.356707002945052e-03 , 1.014241199093001e-06
108.50000000 , 3.354811804244150e-03 , 1.014758421192015e-06
108.66666667 , 3.353826486079698e-03 , 1.015336964668135e-06
108.83333333 , 3.353021473849008e-03 , 1.016132063336680e-06
109.00000000 , 3.353533281581214e-03 , 1.017472863758602e-06
109.16666667 , 3.353410995165354e-03 , 1.018308938056483e-06
109.33333333 , 3.351990376664358e-03 , 1.018640503763167e-06
109.50000000 , 3.349969955832535e-03 , 1.019213335428413e-06
109.66666667 , 3.351000798632108e-03 , 1.020617960066743e-06
109.83333333 , 3.348707193983070e-03 , 1.020833169929702e-06
110.00000000 , 3.347207083076691e-03 , 1.021770948473683e-06
110.16666667 , 3.349810345960196e-03 , 1.023270946296215e-06
110.33333333 , 3.347820169576207e-03 , 1.023910037900345e-06
110.50000000 , 3.348025003238512e-03 , 1.025105430931728e-06
110.66666667 , 3.346325713701610e-03 , 1.025254427963851e-06
110.83333333 , 3.345570402247956e-03 , 1.025885996366467e-06
111.00000000 , 3.345421385038671e-03 , 1.027442841055984e-06
111.16666667 , 3.345514820157292e-03 , 1.028262799444770e-06
111.33333333 , 3.344573151914283e-03 , 1.029349676325407e-06
111.50000000 , 3.343938214372721e-03 , 1.030263168339878e-06
111.66666667 , 3.341870059760934e-03 , 1.030507150549427e-06
111.83333333 , 3.343274183814591e-03 , 1.032407349811186e-06
112.00000000 , 3.341449809784868e-03 , 1.032764998052325e-06
112.16666667 , 3.340845722285086e-03 , 1.033813454687337e-06
112.33333333 , 3.341243103570504e-03 , 1.034972625016028e-06
112.50000000 , 3.338023156877779e-03 , 1.035316609843042e-06
112.66666667 , 3.338973666957841e-03 , 1.036578155739590e-06
112.83333333 , 3.339688014967119e-03 , 1.037922591852274e-06
113.00000000 , 3.337234943044378e-03 , 1.038307925014511e-06
113.16666667 , 3.339889530405193e-03 , 1.040132698097259e-06
113.33333333 , 3.337193633907464e-03 , 1.040568067947949e-06
113.50000000 , 3.337786583970887e-03 , 1.042002056408596e-06
113.66666667 , 3.334541443533599e-03 , 1.042350799942998e-06
113.83333333 , 3.335832934828452e-03 , 1.043853454003020e-06
114.00000000 , 3.334782451094366e-03 , 1.044591787909210e-06
114.16666667 , 3.334763782242353e-03 , 1.045975096616158e-06
114.33333333 , 3.333103639187749e-03 , 1.046673975100535e-06
114.50000000 , 3.335476846882483e-03 , 1.048503825912780e-06
114.66666667 , 3.334801526410164e-03 , 1.049670345338961e-06
114.83333333 , 3.334176096664860e-03 , 1.050500945162647e-06
115.00000000 , 3.332214294674087e-03 , 1.051139443835986e-06
115.16666667 , 3.330817690173171e-03 , 1.052188315845598e-06
115.33333333 , 3.330911846271147e-03 , 1.053267808225899e-06
115.50000000 , 3.330848821808592e-03 , 1.054479575319295e-06
115.66666667 , 3.330913988689862e-03 , 1.056001240731759e-06
115.83333333 , 3.329102245731272e-03 , 1.056584936127882e-06
116.00000000 , 3.329387442238187e-03 , 1.057796428145404e-06
116.16666667 , 3.325916722061848e-03 , 1.058488319055867e-06
116.33333333 , 3.327785135339817e-03 , 1.060029738245279e-06
116.50000000 , 3.327808687109398e-03 , 1.061374470735996e-06
116.66666667 , 3.327905418271958e-03 , 1.062542105413244e-06
116.83333333 , 3.326825456126956e-03 , 1.063616644515442e-06
117.00000000 , 3.327750784363881e-03 , 1.064811052053744e-06
117.16666667 , 3.328545700669794e-03 , 1.066652174766420e-06
117.33333333 , 3.326519356042194e-03 , 1.067032778278460e-06
117.50000000 , 3.326261363249631e-03 , 1.068675071591379e-06
117.66666667 , 3.326772423578089e-03 , 1.070093555718005e-06
117.83333333 , 3.325494461365810e-03 , 1.070674742090468e-06
118.00000000 , 3.325799398908048e-03 , 1.072444690377203e-06
118.16666667 , 3.327350297878755e-03 , 1.074229674272733e-06
118.33333333 , 3.327028104906572e-03 , 1.075004896262016e-06
118.50000000 , 3.324655226763804e-03 , 1.076179324377099e-06
118.66666667 , 3.326490254778170e-03 , 1.077500208335487e-06
118.83333333 , 3.324126428843792e-03 , 1.078734517156437e-06
119.00000000 , 3.324100155724230e-03 , 1.079669535136657e-06
119.16666667 , 3.323771600643128e-03 , 1.081378123205516e-06
119.33333333 , 3.323767684294972e-03 , 1.082404364636753e-06
119.50000000 , 3.322978117384545e-03 , 1.083439111250000e-06
119.66666667 , 3.324868159004117e-03 , 1.085160068464961e-06
119.83333333 , 3.322287446565312e-03 , 1.086017872430218e-06
120.00000000 , 3.322403188505437e-03 , 1.087703640565207e-06
120.16666667 , 3.323786951749536e-03 , 1.089075446509975e-06
120.33333333 , 3.321827283922368e-03 , 1.090573762450228e-06
120.50000000 , 3.322639951783596e-03 , 1.091760659088204e-06
120.66666667 , 3.322997315359696e-03 , 1.093244292166199e-06
120.83333333 , 3.320329504704682e-03 , 1.093901082956587e-06
121.00000000 , 3.323643805436002e-03 , 1.096578500010576e-06
121.16666667 , 3.321931177160964e-03 , 1.097188541607987e-06
121.33333333 , 3.322552687421405e-03 , 1.098919723871213e-06
121.50000000 , 3.320946863596115e-03 , 1.099498678259433e-06
121.66666667 , 3.321835503800038e-03 , 1.101252285620750e-06
121.83333333 , 3.320939589315341e-03 , 1.102285205642900e-06
122.00000000 , 3.322848094528313e-03 , 1.104276077422907e-06
122.16666667 , 3.321475929629378e-03 , 1.105628714601365e-06
122.33333333 , 3.323438714739716e-03 , 1.107358941245991e-06
122.50000000 , 3.321947756587470e-03 , 1.108379632060731e-06
122.66666667 , 3.321052345293599e-03 , 1.109687587953928e-06
122.83333333 , 3.321127798639471e-03 , 1.111262543049256e-06
123.00000000 , 3.321615135635753e-03 , 1.112792572994670e-06
123.16666667 , 3.321522522805147e-03 , 1.114123222446301e-06
123.33333333 , 3.321470964689914e-03 , 1.115753729680655e-06
123.50000000 , 3.322975139779966e-03 , 1.117386174146095e-06
123.66666667 , 3.322732770513879e-03 , 1.118939270626104e-06
123.83333333 , 3.322770277355619e-03 , 1.120131283517611e-06
124.00000000 , 3.321448307055355e-03 , 1.121479787874877e-06
124.16666667 , 3.323067248163461e-03 , 1.123364381048094e-06
124.33333333 , 3.323003493473813e-03 , 1.124713931712765e-06
124.50000000 , 3.325685796647495e-03 , 1.127063198199812e-06
124.66666667 , 3.325026356243516e-03 , 1.127774374138378e-06
124.83333333 , 3.324042374465557e-03 , 1.129332015147842e-06
125.00000000 , 3.323744252446424e-03 , 1.130999211124955e-06
125.16666667 , 3.323974305679604e-03 , 1.132509859927035e-06
125.33333333 , 3.324910926294094e-03 , 1.134292147810125e-06
125.50000000 , 3.324522715697426e-03 , 1.135593844249027e-06
125.66666667 , 3.325198825247927e-03 , 1.137179540646551e-06
125.83333333 , 3.324559535617358e-03 , 1.138698203561081e-06
126.00000000 , 3.327791602285731e-03 , 1.140918633516183e-06
126.16666667 , 3.326430977640335e-03 , 1.142303666727516e-06
126.33333333 , 3.325450005239042e-03 , 1.143217179308969e-06
126.50000000 , 3.327948052954154e-03 , 1.145615094506064e-06
126.66666667 , 3.327655807068775e-03 , 1.147278785535882e-06
126.83333333 , 3.328553698381942e-03 , 1.148956580173259e-06
127.00000000 , 3.327345131098456e-03 , 1.149953808703804e-06
127.16666667 , 3.326775023252710e-03 , 1.151236698491587e-06
127.33333333 , 3.328229402874912e-03 , 1.153608352714509e-06
127.50000000 , 3.329844946735936e-03 , 1.155507537556921e-06
127.66666667 , 3.331135126744782e-03 , 1.157744255574556e-06
127.83333333 , 3.331154185155554e-03 , 1.158893322880745e-06
128.00000000 , 3.332174455037429e-03 , 1.161061749464698e-06
128.16666667 , 3.331367339478247e-03 , 1.162156020273341e-06
128.33333333 , 3.330130142362948e-03 , 1.163266397418659e-06
128.50000000 , 3.332731243655544e-03 , 1.165699216758960e-06
128.66666667 , 3.331138790802298e-03 , 1.167006651849648e-06
128.83333333 , 3.332607462752119e-03 , 1.168665641652475e-06
129.00000000 , 3.333044106147499e-03 , 1.170170031659534e-06
129.16666667 , 3.333417609741879e-03 , 1.172406762252041e-06
129.33333333 , 3.337021229282463e-03 , 1.174631206258032e-06
129.50000000 , 3.334356013364805e-03 , 1.175697792124936e-06
129.66666667 , 3.338291535955135e-03 , 1.178211299622048e-06
129.83333333 , 3.336662620783803e-03 , 1.179654630236063e-06
