x_l , NLO , dNLO
316.00000000 , 1.835426063873073e-05 , 1.853499322075291e-08
317.01000000 , 2.401755859678606e-05 , 2.133353177634570e-08
318.02000000 , 2.436382489654009e-05 , 2.165812924683016e-08
319.03000000 , 2.474931283122189e-05 , 2.199556943601458e-08
320.04000000 , 2.505801773565060e-05 , 2.228100922885606e-08
321.05000000 , 2.535240335402544e-05 , 2.255511564312082e-08
322.06000000 , 2.571132801381199e-05 , 2.287424168630959e-08
323.07000000 , 2.604003290261374e-05 , 2.316684513107569e-08
324.08000000 , 2.635201734509611e-05 , 2.345050939395692e-08
325.09000000 , 2.665597048578549e-05 , 2.373108793413188e-08
326.10000000 , 2.696783474560544e-05 , 2.400835902717010e-08
327.11000000 , 2.729250922756150e-05 , 2.429819565425187e-08
328.12000000 , 2.762975326149984e-05 , 2.457935463823108e-08
329.13000000 , 2.791583427859863e-05 , 2.484431893132681e-08
330.14000000 , 2.821717142272360e-05 , 2.512065049223065e-08
331.15000000 , 2.847604638740228e-05 , 2.535587264702671e-08
332.16000000 , 2.873645213210358e-05 , 2.559482457418883e-08
333.17000000 , 2.909854770565877e-05 , 2.588658142300084e-08
334.18000000 , 2.931710653197578e-05 , 2.610262655482642e-08
335.19000000 , 2.968447134399060e-05 , 2.639615206533485e-08
336.20000000 , 2.994617464566998e-05 , 2.663567556876725e-08
337.21000000 , 3.019517634224930e-05 , 2.686852841945137e-08
338.22000000 , 3.052060432152958e-05 , 2.712844169637004e-08
339.23000000 , 3.075537846629116e-05 , 2.735874718550234e-08
340.24000000 , 3.102957083294733e-05 , 2.759830644379588e-08
341.25000000 , 3.132992453290089e-05 , 2.783724936763010e-08
342.26000000 , 3.158680016075214e-05 , 2.806743973388100e-08
343.27000000 , 3.184433905509985e-05 , 2.828707606291979e-08
344.28000000 , 3.210016372210457e-05 , 2.850372362861974e-08
345.29000000 , 3.240152803043670e-05 , 2.875692764763366e-08
346.30000000 , 3.259926609832156e-05 , 2.893860157073482e-08
347.31000000 , 3.289768438113083e-05 , 2.918334963676913e-08
348.32000000 , 3.313415536551238e-05 , 2.938574543125884e-08
349.33000000 , 3.339444078076046e-05 , 2.960716694321923e-08
350.34000000 , 3.363862004173441e-05 , 2.981583704789782e-08
351.35000000 , 3.397442076769305e-05 , 3.008549579397006e-08
352.36000000 , 3.419775819262670e-05 , 3.028623018840689e-08
353.37000000 , 3.446541077638524e-05 , 3.048798814824386e-08
354.38000000 , 3.466940047320989e-05 , 3.067454163452487e-08
355.39000000 , 3.498490070082296e-05 , 3.092217635790044e-08
356.40000000 , 3.524109082884153e-05 , 3.111801978061451e-08
357.41000000 , 3.541390710206751e-05 , 3.129236115069423e-08
358.42000000 , 3.561261143683688e-05 , 3.146779042352606e-08
359.43000000 , 3.592437872078512e-05 , 3.171203181789888e-08
360.44000000 , 3.613636163515927e-05 , 3.188683421666127e-08
361.45000000 , 3.636447475232467e-05 , 3.207852793446420e-08
362.46000000 , 3.663710180255728e-05 , 3.230103128925210e-08
363.47000000 , 3.685182528482410e-05 , 3.247417615353839e-08
364.48000000 , 3.717380588319173e-05 , 3.269599702422695e-08
365.49000000 , 3.737865493740976e-05 , 3.287147163473615e-08
366.50000000 , 3.761564060888201e-05 , 3.306829830846031e-08
367.51000000 , 3.788136891745894e-05 , 3.327171049473377e-08
368.52000000 , 3.807447438215619e-05 , 3.344530106924693e-08
369.53000000 , 3.827076012936854e-05 , 3.359814373256394e-08
370.54000000 , 3.854717324766788e-05 , 3.380606548682013e-08
371.55000000 , 3.885616078315518e-05 , 3.404314954278684e-08
372.56000000 , 3.907255882656390e-05 , 3.421301957640603e-08
373.57000000 , 3.926284536314810e-05 , 3.436391238683090e-08
374.58000000 , 3.950214877920885e-05 , 3.454737058586944e-08
375.59000000 , 3.978390016498124e-05 , 3.476449358793744e-08
376.60000000 , 4.000956715661506e-05 , 3.493055118965512e-08
377.61000000 , 4.021748090803542e-05 , 3.509763481450853e-08
378.62000000 , 4.043692363891900e-05 , 3.526889921648938e-08
379.63000000 , 4.063710521165847e-05 , 3.541740673169037e-08
380.64000000 , 4.093535683383063e-05 , 3.564305718240183e-08
381.65000000 , 4.117519481262848e-05 , 3.580556332671341e-08
382.66000000 , 4.139838903163931e-05 , 3.599190781516572e-08
383.67000000 , 4.168243068384397e-05 , 3.618583174169021e-08
384.68000000 , 4.191234477681850e-05 , 3.638305257489095e-08
385.69000000 , 4.221496316709613e-05 , 3.655908510951797e-08
386.70000000 , 4.233117054661065e-05 , 3.669250611041361e-08
387.71000000 , 4.254433876560242e-05 , 3.683062856207152e-08
388.72000000 , 4.284688315082764e-05 , 3.704563972493995e-08
389.73000000 , 4.314817285653630e-05 , 3.726135437609082e-08
390.74000000 , 4.337209325423621e-05 , 3.743090996994553e-08
391.75000000 , 4.356203763944909e-05 , 3.756359917127944e-08
392.76000000 , 4.380736841284565e-05 , 3.774423842469283e-08
393.77000000 , 4.407238234068286e-05 , 3.793679057394707e-08
394.78000000 , 4.432516110109625e-05 , 3.810147113757329e-08
395.79000000 , 4.459574509591938e-05 , 3.830588190174784e-08
396.80000000 , 4.484623326980085e-05 , 3.848652748878878e-08
397.81000000 , 4.509655283238414e-05 , 3.863183993509917e-08
398.82000000 , 4.536490578260466e-05 , 3.881805468695658e-08
399.83000000 , 4.556810401486131e-05 , 3.896694313859952e-08
400.84000000 , 4.582682168732658e-05 , 3.914875035803763e-08
401.85000000 , 4.608475737340639e-05 , 3.930715547824759e-08
402.86000000 , 4.633949483587749e-05 , 3.950288386532452e-08
403.87000000 , 4.658294844432450e-05 , 3.966146281532516e-08
404.88000000 , 4.682529364770413e-05 , 3.983050511198909e-08
405.89000000 , 4.713074906019968e-05 , 4.003065384914125e-08
406.90000000 , 4.736561894363606e-05 , 4.019412661408170e-08
407.91000000 , 4.752434055724248e-05 , 4.029126681384940e-08
408.92000000 , 4.789331416772581e-05 , 4.054023104203800e-08
409.93000000 , 4.821222031764645e-05 , 4.073423849616668e-08
410.94000000 , 4.840586240991711e-05 , 4.087796751249795e-08
411.95000000 , 4.858375646382614e-05 , 4.100599858369096e-08
412.96000000 , 4.889728771709071e-05 , 4.123053161674059e-08
413.97000000 , 4.920669594034754e-05 , 4.142095074296321e-08
414.98000000 , 4.941561575078994e-05 , 4.155711172909763e-08
415.99000000 , 4.975780123737308e-05 , 4.176031867492174e-08
417.00000000 , 4.991080546855196e-05 , 4.188777298240063e-08
418.01000000 , 5.028631415226891e-05 , 4.210526350819923e-08
419.02000000 , 5.055677111258301e-05 , 4.228778519173783e-08
420.03000000 , 5.077321190819824e-05 , 4.242853697925255e-08
421.04000000 , 5.102880785194007e-05 , 4.259715950672852e-08
422.05000000 , 5.121965237907387e-05 , 4.272868944658657e-08
423.06000000 , 5.157961683713966e-05 , 4.293109320062841e-08
424.07000000 , 5.175212913496335e-05 , 4.306838040390081e-08
425.08000000 , 5.214911158114517e-05 , 4.331470200574880e-08
426.09000000 , 5.235927821269608e-05 , 4.343605282560443e-08
427.10000000 , 5.274321668762865e-05 , 4.369181172595554e-08
428.11000000 , 5.296115073214801e-05 , 4.380972040164977e-08
429.12000000 , 5.325795896730762e-05 , 4.398992647012345e-08
430.13000000 , 5.355576626281654e-05 , 4.418206244670979e-08
431.14000000 , 5.380280743044543e-05 , 4.433615233418892e-08
432.15000000 , 5.421745192718321e-05 , 4.456545804837548e-08
433.16000000 , 5.440501693445958e-05 , 4.469904693066266e-08
434.17000000 , 5.475276191693353e-05 , 4.491106411030760e-08
435.18000000 , 5.501946768175703e-05 , 4.508677535497737e-08
436.19000000 , 5.535754494171829e-05 , 4.527983050885815e-08
437.20000000 , 5.557342004436303e-05 , 4.539845216155083e-08
438.21000000 , 5.603732646187961e-05 , 4.564450990934765e-08
439.22000000 , 5.623915667673596e-05 , 4.580556827279240e-08
440.23000000 , 5.668063930642754e-05 , 4.602518233257362e-08
441.24000000 , 5.694513293556889e-05 , 4.617433420973462e-08
442.25000000 , 5.728192822953078e-05 , 4.639446574843521e-08
443.26000000 , 5.760774379102350e-05 , 4.657891523326723e-08
444.27000000 , 5.791401878573181e-05 , 4.674066017876197e-08
445.28000000 , 5.827840336424024e-05 , 4.694533663515270e-08
446.29000000 , 5.865160934297504e-05 , 4.718493058253350e-08
447.30000000 , 5.909061340487375e-05 , 4.739944971700585e-08
448.31000000 , 5.945401206247064e-05 , 4.760013544860862e-08
449.32000000 , 5.974567031719923e-05 , 4.774266291929444e-08
450.33000000 , 6.018032270021403e-05 , 4.800946632954181e-08
451.34000000 , 6.053952786942857e-05 , 4.819596027625196e-08
452.35000000 , 6.082142303089305e-05 , 4.835500367950883e-08
453.36000000 , 6.130352217295981e-05 , 4.858997101728994e-08
454.37000000 , 6.164737920321207e-05 , 4.878508877678041e-08
455.38000000 , 6.205088061893002e-05 , 4.901481679929274e-08
456.39000000 , 6.249647028918554e-05 , 4.923494489611253e-08
457.40000000 , 6.286802707075778e-05 , 4.942505808224078e-08
458.41000000 , 6.342551373244140e-05 , 4.970977064718019e-08
459.42000000 , 6.369429393029536e-05 , 4.985950185786466e-08
460.43000000 , 6.418160128757941e-05 , 5.007944827350874e-08
461.44000000 , 6.452908545705611e-05 , 5.028187601059886e-08
462.45000000 , 6.497832733921522e-05 , 5.052984648712304e-08
463.46000000 , 6.543819494987565e-05 , 5.073948316143406e-08
464.47000000 , 6.588548743440443e-05 , 5.099744347496681e-08
465.48000000 , 6.637342391217311e-05 , 5.124555149105001e-08
466.49000000 , 6.678014635549223e-05 , 5.143828315929980e-08
467.50000000 , 6.732757648627265e-05 , 5.169757089189913e-08
468.51000000 , 6.774611214662655e-05 , 5.189135626222941e-08
469.52000000 , 6.820859738035658e-05 , 5.212529645350887e-08
470.53000000 , 6.867690200687230e-05 , 5.237375391053230e-08
471.54000000 , 6.917125857195704e-05 , 5.261060987165870e-08
472.55000000 , 6.957633052652897e-05 , 5.280383593442010e-08
473.56000000 , 7.009193609764759e-05 , 5.304892267645800e-08
474.57000000 , 7.060483993540252e-05 , 5.329373769256823e-08
475.58000000 , 7.107211860968765e-05 , 5.350662427706850e-08
476.59000000 , 7.165322773995669e-05 , 5.378110439731139e-08
477.60000000 , 7.217301546670709e-05 , 5.401445458606466e-08
478.61000000 , 7.272551321802935e-05 , 5.434214204191011e-08
479.62000000 , 7.313131402131672e-05 , 5.445836739403282e-08
480.63000000 , 7.367696378991038e-05 , 5.473162692190517e-08
481.64000000 , 7.429971016133803e-05 , 5.501633641338418e-08
482.65000000 , 7.486859178706746e-05 , 5.528100077865557e-08
483.66000000 , 7.544605420291102e-05 , 5.551439112412325e-08
484.67000000 , 7.603046304243914e-05 , 5.582680255030424e-08
485.68000000 , 7.649204607001675e-05 , 5.601389586780252e-08
486.69000000 , 7.722025341808324e-05 , 5.635626796585404e-08
487.70000000 , 7.776379245606432e-05 , 5.660504127857722e-08
488.71000000 , 7.828152765755031e-05 , 5.682060479409832e-08
489.72000000 , 7.880970625520090e-05 , 5.704040110304481e-08
490.73000000 , 7.954401335529321e-05 , 5.740465231937390e-08
491.74000000 , 8.012953001326879e-05 , 5.761673232208377e-08
492.75000000 , 8.071366894489923e-05 , 5.785215544596452e-08
493.76000000 , 8.133974754782345e-05 , 5.813818413597560e-08
494.77000000 , 8.206764611808843e-05 , 5.844479018238968e-08
495.78000000 , 8.269397405242027e-05 , 5.876765751949024e-08
496.79000000 , 8.329245500319521e-05 , 5.899148165376767e-08
497.80000000 , 8.393394310559703e-05 , 5.925944166424755e-08
498.81000000 , 8.463433438378439e-05 , 5.955773493442878e-08
499.82000000 , 8.548350714072189e-05 , 5.990715123129559e-08
500.83000000 , 8.600255609031054e-05 , 6.014537985482758e-08
501.84000000 , 8.667765972946862e-05 , 6.040013706547046e-08
502.85000000 , 8.732984800193953e-05 , 6.067604187631179e-08
503.86000000 , 8.811380151213650e-05 , 6.097106184677579e-08
504.87000000 , 8.889351767030328e-05 , 6.132790037538571e-08
505.88000000 , 8.959200526267039e-05 , 6.157643405330950e-08
506.89000000 , 9.047013327499899e-05 , 6.193081414926982e-08
507.90000000 , 9.110039099016493e-05 , 6.216985937252046e-08
508.91000000 , 9.186509790967287e-05 , 6.248584508300780e-08
509.92000000 , 9.273411393643401e-05 , 6.283062091425319e-08
510.93000000 , 9.353981195632366e-05 , 6.314567202011375e-08
511.94000000 , 9.427166572725515e-05 , 6.339490411282022e-08
512.95000000 , 9.523046648309169e-05 , 6.377945233397504e-08
513.96000000 , 9.607442128802961e-05 , 6.412446585859594e-08
514.97000000 , 9.675562399339212e-05 , 6.436437888889107e-08
515.98000000 , 9.768445825779957e-05 , 6.470637333760515e-08
516.99000000 , 9.860958356463526e-05 , 6.509419033787800e-08
518.00000000 , 9.942123130335122e-05 , 6.539399038601903e-08
519.01000000 , 1.004334526180178e-04 , 6.576557064009427e-08
520.02000000 , 1.012613586192728e-04 , 6.606412226991891e-08
521.03000000 , 1.023115547950791e-04 , 6.647954870366985e-08
522.04000000 , 1.030710106703977e-04 , 6.674004073771554e-08
523.05000000 , 1.040436190542514e-04 , 6.710832919559254e-08
524.06000000 , 1.050232222648121e-04 , 6.746558776423419e-08
525.07000000 , 1.058742607875109e-04 , 6.776369384500897e-08
526.08000000 , 1.068353169439905e-04 , 6.812345827494592e-08
527.09000000 , 1.079090809750839e-04 , 6.850753834686094e-08
528.10000000 , 1.089243240729266e-04 , 6.889885362832452e-08
529.11000000 , 1.098368542176538e-04 , 6.917914643369907e-08
530.12000000 , 1.108768832866162e-04 , 6.958239076684183e-08
531.13000000 , 1.118609889061066e-04 , 6.992628918929538e-08
532.14000000 , 1.129416881294839e-04 , 7.031541853754051e-08
533.15000000 , 1.137325014975659e-04 , 7.056606923540074e-08
534.16000000 , 1.150773951371627e-04 , 7.108259005004354e-08
535.17000000 , 1.160440661986214e-04 , 7.143449922922367e-08
536.18000000 , 1.169805628716293e-04 , 7.172338016096514e-08
537.19000000 , 1.181646130904320e-04 , 7.216689490008974e-08
538.20000000 , 1.191375493708390e-04 , 7.250087717175818e-08
539.21000000 , 1.202557909542066e-04 , 7.289290309136125e-08
540.22000000 , 1.213990337901750e-04 , 7.327513585991611e-08
541.23000000 , 1.224016843840542e-04 , 7.364342260024348e-08
542.24000000 , 1.234639903351470e-04 , 7.398758777725237e-08
543.25000000 , 1.248038196953465e-04 , 7.444907060371337e-08
544.26000000 , 1.258502727818022e-04 , 7.479043226826193e-08
545.27000000 , 1.270032649899059e-04 , 7.522013591794081e-08
546.28000000 , 1.282320374508200e-04 , 7.560772887486240e-08
547.29000000 , 1.294673816779333e-04 , 7.600915454759288e-08
548.30000000 , 1.306009757642852e-04 , 7.640602982957810e-08
549.31000000 , 1.315452311165103e-04 , 7.667007156041184e-08
550.32000000 , 1.328865681662045e-04 , 7.715198785740843e-08
551.33000000 , 1.342173413849382e-04 , 7.758501614717074e-08
552.34000000 , 1.354412635022792e-04 , 7.800688837200632e-08
553.35000000 , 1.367136455327294e-04 , 7.840573704649158e-08
554.36000000 , 1.379966574524320e-04 , 7.886268774239861e-08
555.37000000 , 1.390898199902682e-04 , 7.917341527534597e-08
556.38000000 , 1.402906602578802e-04 , 7.960848972530945e-08
557.39000000 , 1.419163694975378e-04 , 8.011866916455064e-08
558.40000000 , 1.430983105263212e-04 , 8.048161713905914e-08
559.41000000 , 1.442629553312697e-04 , 8.088730764403162e-08
560.42000000 , 1.457268757366710e-04 , 8.129636387400930e-08
561.43000000 , 1.469644072070594e-04 , 8.170051848369627e-08
562.44000000 , 1.483833467343446e-04 , 8.217971458244538e-08
563.45000000 , 1.495338806600843e-04 , 8.250626748257041e-08
564.46000000 , 1.509871847971645e-04 , 8.299772309979180e-08
565.47000000 , 1.523542860313969e-04 , 8.342263537687286e-08
566.48000000 , 1.538805207793086e-04 , 8.387681466821626e-08
567.49000000 , 1.551851500897435e-04 , 8.431414353645090e-08
568.50000000 , 1.566432721054689e-04 , 8.473140889465396e-08
569.51000000 , 1.580845681181988e-04 , 8.518619712992639e-08
570.52000000 , 1.596844801466112e-04 , 8.566171933046653e-08
571.53000000 , 1.610890026910916e-04 , 8.611773165581479e-08
572.54000000 , 1.624800816327868e-04 , 8.651121648221741e-08
573.55000000 , 1.640365245473269e-04 , 8.698521234470974e-08
574.56000000 , 1.656295924915150e-04 , 8.749552972440972e-08
575.57000000 , 1.669677641080955e-04 , 8.786572075776854e-08
576.58000000 , 1.685606816585209e-04 , 8.834365751092597e-08
577.59000000 , 1.702377965958502e-04 , 8.882999072211896e-08
578.60000000 , 1.717434816748442e-04 , 8.923353398409647e-08
579.61000000 , 1.734796935011072e-04 , 8.976168106422115e-08
580.62000000 , 1.749196850053599e-04 , 9.018064934585762e-08
581.63000000 , 1.764304466010016e-04 , 9.059341714767785e-08
582.64000000 , 1.781918155001640e-04 , 9.113505091378567e-08
583.65000000 , 1.799514355702062e-04 , 9.166815062092912e-08
584.66000000 , 1.816452784207588e-04 , 9.211826923925093e-08
585.67000000 , 1.831565914973041e-04 , 9.255581894009770e-08
586.68000000 , 1.849139552483014e-04 , 9.304536502511876e-08
587.69000000 , 1.867440176261250e-04 , 9.355748731452918e-08
588.70000000 , 1.885819948598473e-04 , 9.408050948939701e-08
589.71000000 , 1.904437373918672e-04 , 9.459467508602655e-08
590.72000000 , 1.921121333711573e-04 , 9.505322019696158e-08
591.73000000 , 1.940595025230087e-04 , 9.558183739355695e-08
592.74000000 , 1.958244324635354e-04 , 9.610259492916591e-08
593.75000000 , 1.976463702971472e-04 , 9.655109143413447e-08
594.76000000 , 1.995451642044386e-04 , 9.709572972380402e-08
595.77000000 , 2.015143943861670e-04 , 9.762961772438804e-08
596.78000000 , 2.036938448290622e-04 , 9.824557491269847e-08
597.79000000 , 2.055477204335512e-04 , 9.870930623415837e-08
598.80000000 , 2.075157753799035e-04 , 9.920683461827730e-08
599.81000000 , 2.095549676290955e-04 , 9.978004971012282e-08
600.82000000 , 2.117187753169790e-04 , 1.003648819695017e-07
601.83000000 , 2.139842144352233e-04 , 1.009799230958650e-07
602.84000000 , 2.159330297333637e-04 , 1.014266323485434e-07
603.85000000 , 2.182166455626994e-04 , 1.020289239263404e-07
604.86000000 , 2.201627998738199e-04 , 1.025337406472034e-07
605.87000000 , 2.223312240156214e-04 , 1.030651546064114e-07
606.88000000 , 2.247834352438656e-04 , 1.037024584376214e-07
607.89000000 , 2.270133098255325e-04 , 1.043094647411505e-07
608.90000000 , 2.293034866736406e-04 , 1.048250843250743e-07
609.91000000 , 2.316143046544611e-04 , 1.054051946295034e-07
610.92000000 , 2.340858883055057e-04 , 1.060349034802505e-07
611.93000000 , 2.362699398609743e-04 , 1.065200943393030e-07
612.94000000 , 2.385423556174877e-04 , 1.070875236461618e-07
613.95000000 , 2.409588539870961e-04 , 1.076732359793351e-07
614.96000000 , 2.433432568152075e-04 , 1.082038417034200e-07
615.97000000 , 2.457270225869733e-04 , 1.087886227870127e-07
616.98000000 , 2.482659763377546e-04 , 1.094594490654976e-07
617.99000000 , 2.505490455376327e-04 , 1.098637083807334e-07
619.00000000 , 2.530186937227538e-04 , 1.105104106302502e-07
620.01000000 , 2.554871457205903e-04 , 1.110787122593232e-07
621.02000000 , 2.578424438333575e-04 , 1.115369630961774e-07
622.03000000 , 2.602175998919541e-04 , 1.120690048101925e-07
623.04000000 , 2.629526122076138e-04 , 1.126710011802021e-07
624.05000000 , 2.651907723592564e-04 , 1.131666539690081e-07
625.06000000 , 2.678027062653392e-04 , 1.137024984158425e-07
626.07000000 , 2.702506151908600e-04 , 1.142142529292331e-07
627.08000000 , 2.730437733246403e-04 , 1.148700930963433e-07
628.09000000 , 2.751456263820595e-04 , 1.151828277961607e-07
629.10000000 , 2.777959638763252e-04 , 1.158328880225051e-07
630.11000000 , 2.803983470358609e-04 , 1.163606984253217e-07
631.12000000 , 2.829262615749616e-04 , 1.167963320499170e-07
632.13000000 , 2.855298561743361e-04 , 1.174123083792611e-07
633.14000000 , 2.877385474099826e-04 , 1.178326712335822e-07
634.15000000 , 2.901302625683822e-04 , 1.183491011486449e-07
635.16000000 , 2.924608391126539e-04 , 1.188193457488625e-07
636.17000000 , 2.946759008729836e-04 , 1.193269586799989e-07
637.18000000 , 2.969523283841484e-04 , 1.197905319333645e-07
638.19000000 , 2.990560788226911e-04 , 1.201927961979220e-07
639.20000000 , 3.009431216980457e-04 , 1.205795584040086e-07
640.21000000 , 3.033942203961129e-04 , 1.211610888157613e-07
641.22000000 , 3.056113314276760e-04 , 1.216569036795393e-07
642.23000000 , 3.076586251878824e-04 , 1.220666577721880e-07
643.24000000 , 3.097105234073179e-04 , 1.225367672962101e-07
644.25000000 , 3.117980512361389e-04 , 1.229655839096441e-07
645.26000000 , 3.139204855591041e-04 , 1.234398619535440e-07
646.27000000 , 3.158954248089726e-04 , 1.238298906452495e-07
647.28000000 , 3.178716760802316e-04 , 1.242615171683926e-07
648.29000000 , 3.198892968641714e-04 , 1.246864978212355e-07
649.30000000 , 3.218508228563613e-04 , 1.250865479684235e-07
650.31000000 , 3.240242071685266e-04 , 1.256115570460245e-07
651.32000000 , 3.261593290917986e-04 , 1.260932905864622e-07
652.33000000 , 3.277365494654657e-04 , 1.264007695073720e-07
653.34000000 , 3.299399412170348e-04 , 1.269072997910012e-07
654.35000000 , 3.319241490788140e-04 , 1.273809890920448e-07
655.36000000 , 3.338023534428113e-04 , 1.277522641218817e-07
656.37000000 , 3.360334086797479e-04 , 1.282583910007181e-07
657.38000000 , 3.379910321633196e-04 , 1.286860077596260e-07
658.39000000 , 3.398428456652955e-04 , 1.290898777240183e-07
659.40000000 , 3.418384212421705e-04 , 1.295331729149935e-07
660.41000000 , 3.440564696619239e-04 , 1.300844729287071e-07
661.42000000 , 3.456072212631492e-04 , 1.303243645721732e-07
662.43000000 , 3.478593823094749e-04 , 1.309083216038736e-07
663.44000000 , 3.497186944281001e-04 , 1.313140589320652e-07
664.45000000 , 3.514247946317042e-04 , 1.316661510080213e-07
665.46000000 , 3.535539928501979e-04 , 1.321444832952930e-07
666.47000000 , 3.552247265352871e-04 , 1.325539185112261e-07
667.48000000 , 3.572169951304308e-04 , 1.329465276851648e-07
668.49000000 , 3.592295936414367e-04 , 1.334177818971862e-07
669.50000000 , 3.616290984115692e-04 , 1.340043708387543e-07
670.51000000 , 3.634003145259852e-04 , 1.343220116360883e-07
671.52000000 , 3.654103840058592e-04 , 1.347445226359836e-07
672.53000000 , 3.672776450021471e-04 , 1.352204799484852e-07
673.54000000 , 3.695495881534137e-04 , 1.357501624116153e-07
674.55000000 , 3.715194509835946e-04 , 1.361784944924701e-07
675.56000000 , 3.736407579756974e-04 , 1.366158108262534e-07
676.57000000 , 3.755938630188197e-04 , 1.370420314731266e-07
677.58000000 , 3.776226297754170e-04 , 1.374801409334201e-07
678.59000000 , 3.797700641384794e-04 , 1.379217816989266e-07
679.60000000 , 3.820545879875012e-04 , 1.384702826595730e-07
680.61000000 , 3.840119400057531e-04 , 1.388388409915498e-07
681.62000000 , 3.860857234147157e-04 , 1.392572757727149e-07
682.63000000 , 3.881695411708510e-04 , 1.397652565464966e-07
683.64000000 , 3.903622694849845e-04 , 1.401776569949352e-07
684.65000000 , 3.926435634743779e-04 , 1.407155260874730e-07
685.66000000 , 3.949993585297616e-04 , 1.412298898804925e-07
686.67000000 , 3.973704560190911e-04 , 1.417096538788845e-07
687.68000000 , 3.993115066030027e-04 , 1.420898665818723e-07
688.69000000 , 4.014354556324831e-04 , 1.424881835562888e-07
689.70000000 , 4.039086586875861e-04 , 1.430771298640325e-07
690.71000000 , 4.058584845618207e-04 , 1.434689840608853e-07
691.72000000 , 4.084149850724289e-04 , 1.440036958553263e-07
692.73000000 , 4.105830745502696e-04 , 1.444620829319514e-07
693.74000000 , 4.128588689178609e-04 , 1.449428567106163e-07
694.75000000 , 4.151886123892969e-04 , 1.454075014518563e-07
695.76000000 , 4.173836751842955e-04 , 1.457919658693298e-07
696.77000000 , 4.197335880431267e-04 , 1.462706450223294e-07
697.78000000 , 4.221028580119949e-04 , 1.468040629914886e-07
698.79000000 , 4.246914780707294e-04 , 1.473632714049157e-07
699.80000000 , 4.269800997174056e-04 , 1.478187298829310e-07
700.81000000 , 4.295366003852494e-04 , 1.482746594338608e-07
701.82000000 , 4.317493506628339e-04 , 1.487464607751648e-07
702.83000000 , 4.343772449309543e-04 , 1.492854774760061e-07
703.84000000 , 4.366328004743424e-04 , 1.496957159496866e-07
704.85000000 , 4.392085445039112e-04 , 1.502950775775172e-07
705.86000000 , 4.415929322091981e-04 , 1.507255907454634e-07
706.87000000 , 4.441451865370957e-04 , 1.512178700482789e-07
707.88000000 , 4.468913252196112e-04 , 1.517777325711950e-07
708.89000000 , 4.491562474868007e-04 , 1.521801163708030e-07
709.90000000 , 4.518627449549621e-04 , 1.527879959996234e-07
710.91000000 , 4.543940024287474e-04 , 1.532953315554675e-07
711.92000000 , 4.570540634624171e-04 , 1.537487733175793e-07
712.93000000 , 4.599551666277879e-04 , 1.543532046555987e-07
713.94000000 , 4.624007588390394e-04 , 1.547827760417382e-07
714.95000000 , 4.650105666771984e-04 , 1.553039984472487e-07
715.96000000 , 4.677629857145809e-04 , 1.558527332316773e-07
716.97000000 , 4.705110768822740e-04 , 1.563438508479308e-07
717.98000000 , 4.729784736767935e-04 , 1.568248061103159e-07
718.99000000 , 4.756906789875970e-04 , 1.573860466421348e-07
720.00000000 , 4.784145974147124e-04 , 1.578578361483773e-07
721.01000000 , 4.816844645037147e-04 , 1.585085024363367e-07
722.02000000 , 4.837686553016331e-04 , 1.588596063187056e-07
723.03000000 , 4.868637788498985e-04 , 1.594868348498794e-07
724.04000000 , 4.895338070181889e-04 , 1.599868658634788e-07
725.05000000 , 4.924402574375937e-04 , 1.605321950789119e-07
726.06000000 , 4.952750590727242e-04 , 1.609842550422844e-07
727.07000000 , 4.983205559694555e-04 , 1.616195564347375e-07
728.08000000 , 5.010673923990523e-04 , 1.621493905024259e-07
729.09000000 , 5.039105834012974e-04 , 1.626092457771477e-07
730.10000000 , 5.070826170314411e-04 , 1.632033149712445e-07
731.11000000 , 5.099519462589887e-04 , 1.636988784051757e-07
732.12000000 , 5.130022100778124e-04 , 1.642790102384796e-07
733.13000000 , 5.158426144809957e-04 , 1.648208207225467e-07
734.14000000 , 5.189726150873611e-04 , 1.653994492404831e-07
735.15000000 , 5.222384314214066e-04 , 1.659866634215208e-07
736.16000000 , 5.248827266700923e-04 , 1.664179254706953e-07
737.17000000 , 5.282874404060330e-04 , 1.670240174099551e-07
738.18000000 , 5.312297020505858e-04 , 1.675280147113610e-07
739.19000000 , 5.343444505924221e-04 , 1.681117278705376e-07
740.20000000 , 5.374575026756493e-04 , 1.686741298121473e-07
741.21000000 , 5.407828891978637e-04 , 1.692438426057215e-07
742.22000000 , 5.443676219120808e-04 , 1.699199411486788e-07
743.23000000 , 5.472386404367827e-04 , 1.703567058449771e-07
744.24000000 , 5.504028338460792e-04 , 1.709301404666556e-07
745.25000000 , 5.539300008792439e-04 , 1.716002078686403e-07
746.26000000 , 5.571048465434259e-04 , 1.721173116945121e-07
747.27000000 , 5.606710456337430e-04 , 1.727297863983195e-07
748.28000000 , 5.637802118911709e-04 , 1.732213373022015e-07
749.29000000 , 5.673200731978068e-04 , 1.738429555078537e-07
750.30000000 , 5.704877110582776e-04 , 1.744133610022299e-07
751.31000000 , 5.740319247365919e-04 , 1.750663732223438e-07
752.32000000 , 5.774660809478635e-04 , 1.755857467603687e-07
753.33000000 , 5.811604435902442e-04 , 1.762751763780111e-07
754.34000000 , 5.845742170818845e-04 , 1.768582341843005e-07
755.35000000 , 5.881766385699741e-04 , 1.774309298601426e-07
756.36000000 , 5.916835200165436e-04 , 1.780346828831400e-07
757.37000000 , 5.953177528918501e-04 , 1.785829839329569e-07
758.38000000 , 5.987173141092385e-04 , 1.791392901870717e-07
759.39000000 , 6.025317899924016e-04 , 1.798126897861948e-07
760.40000000 , 6.062143201292099e-04 , 1.804184748773539e-07
761.41000000 , 6.099011491245209e-04 , 1.809824713866040e-07
762.42000000 , 6.138960155562481e-04 , 1.816980165835870e-07
763.43000000 , 6.177688867781188e-04 , 1.823731375126995e-07
764.44000000 , 6.212317617834870e-04 , 1.828798273498653e-07
765.45000000 , 6.247364372286104e-04 , 1.834421126221318e-07
766.46000000 , 6.290713507887044e-04 , 1.841383405408115e-07
767.47000000 , 6.329880924091789e-04 , 1.848089142127476e-07
768.48000000 , 6.369818031618870e-04 , 1.854084781007226e-07
769.49000000 , 6.407583796335512e-04 , 1.860543428108948e-07
770.50000000 , 6.449323982563674e-04 , 1.866718827031711e-07
771.51000000 , 6.489762265628451e-04 , 1.873272386940346e-07
772.52000000 , 6.526849332821129e-04 , 1.878983864634327e-07
773.53000000 , 6.568674423905325e-04 , 1.885932662841138e-07
774.54000000 , 6.609381191725171e-04 , 1.891997466838491e-07
775.55000000 , 6.651442501157283e-04 , 1.898114387864867e-07
776.56000000 , 6.695606334679025e-04 , 1.905898396480615e-07
777.57000000 , 6.737084180060193e-04 , 1.912166711534049e-07
778.58000000 , 6.778178533043277e-04 , 1.917854684264003e-07
779.59000000 , 6.821995474704241e-04 , 1.924435635431071e-07
780.60000000 , 6.865470138431467e-04 , 1.932136045604358e-07
781.61000000 , 6.907252901710188e-04 , 1.937967109572670e-07
782.62000000 , 6.954405175903053e-04 , 1.945685203204614e-07
783.63000000 , 6.998108384880338e-04 , 1.952215139254093e-07
784.64000000 , 7.042584598452181e-04 , 1.959090482997064e-07
785.65000000 , 7.087105066587290e-04 , 1.965488738247901e-07
786.66000000 , 7.134761557404734e-04 , 1.972383093706770e-07
787.67000000 , 7.183714065041195e-04 , 1.980734498011240e-07
788.68000000 , 7.227164341873438e-04 , 1.986295295630490e-07
789.69000000 , 7.272288257727464e-04 , 1.993169448317291e-07
790.70000000 , 7.318075508075367e-04 , 1.999688283400272e-07
791.71000000 , 7.368929698435278e-04 , 2.007264063797461e-07
792.72000000 , 7.417142958238641e-04 , 2.014295751113617e-07
793.73000000 , 7.465596674908157e-04 , 2.021443387799197e-07
794.74000000 , 7.514725671338656e-04 , 2.028698341261165e-07
795.75000000 , 7.563050302442236e-04 , 2.035419468696950e-07
796.76000000 , 7.616093412595468e-04 , 2.043922440687967e-07
797.77000000 , 7.665310356470590e-04 , 2.050180924977478e-07
798.78000000 , 7.719335568142990e-04 , 2.058548149379485e-07
799.79000000 , 7.765581464806275e-04 , 2.064699837822485e-07
800.80000000 , 7.818046914706676e-04 , 2.072782132410875e-07
801.81000000 , 7.872951757299083e-04 , 2.080481570836302e-07
802.82000000 , 7.924373150896967e-04 , 2.087274968857312e-07
803.83000000 , 7.975982844265627e-04 , 2.094617043756714e-07
804.84000000 , 8.031477779800501e-04 , 2.102281713664480e-07
805.85000000 , 8.082923107118337e-04 , 2.109063351627201e-07
806.86000000 , 8.140694720920870e-04 , 2.117057943832773e-07
807.87000000 , 8.194410749718216e-04 , 2.125132242041703e-07
808.88000000 , 8.248591102652717e-04 , 2.132146660677402e-07
809.89000000 , 8.308041985872715e-04 , 2.140738014270608e-07
810.90000000 , 8.361795914393487e-04 , 2.148341272556215e-07
811.91000000 , 8.421067731074471e-04 , 2.156197426366398e-07
812.92000000 , 8.477081316787444e-04 , 2.163164356158560e-07
813.93000000 , 8.537868105640717e-04 , 2.171883304627902e-07
814.94000000 , 8.596933661542459e-04 , 2.180659566405514e-07
815.95000000 , 8.654758465818640e-04 , 2.187857969346178e-07
816.96000000 , 8.718167062222402e-04 , 2.196975076434091e-07
817.97000000 , 8.776893049837418e-04 , 2.204526520580130e-07
818.98000000 , 8.836212713848908e-04 , 2.211446572742777e-07
819.99000000 , 8.901109117440233e-04 , 2.220485730586203e-07
821.00000000 , 8.961390940539627e-04 , 2.228143117428222e-07
822.01000000 , 9.025022859673812e-04 , 2.236487858836470e-07
823.02000000 , 9.090328216361099e-04 , 2.245166951622960e-07
824.03000000 , 9.152276981685771e-04 , 2.252932112497146e-07
825.04000000 , 9.214248114379777e-04 , 2.261062035582763e-07
826.05000000 , 9.285747943618535e-04 , 2.270477077482919e-07
827.06000000 , 9.351709589120254e-04 , 2.279192604049031e-07
828.07000000 , 9.418999158463905e-04 , 2.287808964271069e-07
829.08000000 , 9.487925005495625e-04 , 2.296411065097536e-07
830.09000000 , 9.553921085907199e-04 , 2.304806163123561e-07
831.10000000 , 9.627646273539214e-04 , 2.314516907091151e-07
832.11000000 , 9.695611373300203e-04 , 2.322923391521876e-07
833.12000000 , 9.765560239723539e-04 , 2.331357931358970e-07
834.13000000 , 9.835053336998006e-04 , 2.339489977276166e-07
835.14000000 , 9.907560737673698e-04 , 2.348889635313765e-07
836.15000000 , 9.981224528757728e-04 , 2.358167366782487e-07
837.16000000 , 1.005371775924415e-03 , 2.366311174210645e-07
838.17000000 , 1.013125051050625e-03 , 2.376341307660587e-07
839.18000000 , 1.020268593175334e-03 , 2.384900180297206e-07
840.19000000 , 1.028246149834075e-03 , 2.395127690928034e-07
841.20000000 , 1.035987943297334e-03 , 2.404282087973499e-07
842.21000000 , 1.043635840164149e-03 , 2.413208662352769e-07
843.22000000 , 1.051698352268849e-03 , 2.423584643412330e-07
844.23000000 , 1.059159897973046e-03 , 2.431269153121134e-07
845.24000000 , 1.067732617948118e-03 , 2.442062544342749e-07
846.25000000 , 1.075946712884180e-03 , 2.451836563704420e-07
847.26000000 , 1.083797602905936e-03 , 2.461640395587288e-07
848.27000000 , 1.091674910387451e-03 , 2.469999801420545e-07
849.28000000 , 1.100685757576120e-03 , 2.480752640323303e-07
850.29000000 , 1.109322824763900e-03 , 2.490845352185058e-07
851.30000000 , 1.117423505360868e-03 , 2.499521736100244e-07
852.31000000 , 1.126740459398497e-03 , 2.510919290524554e-07
853.32000000 , 1.135347243536979e-03 , 2.521176259663880e-07
854.33000000 , 1.144161500718180e-03 , 2.531033769616333e-07
855.34000000 , 1.153187774258176e-03 , 2.541720528441887e-07
856.35000000 , 1.162403628767134e-03 , 2.551971166880908e-07
857.36000000 , 1.171212584721095e-03 , 2.561268751091215e-07
858.37000000 , 1.180752627046698e-03 , 2.571934259063822e-07
859.38000000 , 1.190147047946405e-03 , 2.582377642735284e-07
860.39000000 , 1.199776187168549e-03 , 2.593363354279751e-07
861.40000000 , 1.210291792481684e-03 , 2.605624835545856e-07
862.41000000 , 1.219315139979708e-03 , 2.615269572354200e-07
863.42000000 , 1.229584415631787e-03 , 2.626694363384472e-07
864.43000000 , 1.239498250879085e-03 , 2.637252068110524e-07
865.44000000 , 1.249651879793265e-03 , 2.648251980219587e-07
866.45000000 , 1.259811264806747e-03 , 2.659215330830968e-07
867.46000000 , 1.270399530637481e-03 , 2.671232260428758e-07
868.47000000 , 1.280642123249285e-03 , 2.681033440757135e-07
869.48000000 , 1.292073130902572e-03 , 2.694140576261023e-07
870.49000000 , 1.302609279179732e-03 , 2.704841778973068e-07
871.50000000 , 1.313271294252187e-03 , 2.716291226009159e-07
872.51000000 , 1.324417073714264e-03 , 2.727931056728227e-07
873.52000000 , 1.336453548937833e-03 , 2.740296582038474e-07
874.53000000 , 1.347006432806245e-03 , 2.751235939236142e-07
875.54000000 , 1.359038439009180e-03 , 2.764800078110928e-07
876.55000000 , 1.370633577658590e-03 , 2.776551340212292e-07
877.56000000 , 1.382096280399216e-03 , 2.786812101129531e-07
878.57000000 , 1.394834076905796e-03 , 2.800762156687975e-07
879.58000000 , 1.406471270371609e-03 , 2.812467786907528e-07
880.59000000 , 1.419000326745093e-03 , 2.825217456197222e-07
881.60000000 , 1.431273516099178e-03 , 2.837495910827219e-07
882.61000000 , 1.444263616408625e-03 , 2.850991976233495e-07
883.62000000 , 1.457212167254808e-03 , 2.863883392440081e-07
884.63000000 , 1.469762341157938e-03 , 2.875243490455323e-07
885.64000000 , 1.483387489461863e-03 , 2.889155351213593e-07
886.65000000 , 1.496554258793601e-03 , 2.902079901106320e-07
887.66000000 , 1.510617104318494e-03 , 2.916113843267575e-07
888.67000000 , 1.524501219391581e-03 , 2.929635070203852e-07
889.68000000 , 1.538300671372144e-03 , 2.942511818119532e-07
890.69000000 , 1.552754944206857e-03 , 2.956676439004442e-07
891.70000000 , 1.566702525639317e-03 , 2.970064471034479e-07
892.71000000 , 1.581815566078479e-03 , 2.984933526576365e-07
893.72000000 , 1.595935061486612e-03 , 2.997238354989659e-07
894.73000000 , 1.610929220964925e-03 , 3.011383382577416e-07
895.74000000 , 1.627269999985690e-03 , 3.027472288897904e-07
896.75000000 , 1.642164245904667e-03 , 3.041423564845752e-07
897.76000000 , 1.658071098231579e-03 , 3.055599720193120e-07
898.77000000 , 1.674362713592237e-03 , 3.070723146177622e-07
899.78000000 , 1.691315014197335e-03 , 3.087257948543521e-07
900.79000000 , 1.706977279718621e-03 , 3.101188243469429e-07
901.80000000 , 1.723592985198608e-03 , 3.115442496355093e-07
902.81000000 , 1.740905403455300e-03 , 3.131559765916435e-07
903.82000000 , 1.758274321142982e-03 , 3.146879969263835e-07
904.83000000 , 1.775797639088562e-03 , 3.162543415995152e-07
905.84000000 , 1.793624098475496e-03 , 3.178808445912605e-07
906.85000000 , 1.812313119886692e-03 , 3.195394589752259e-07
907.86000000 , 1.830083821960106e-03 , 3.210296938229563e-07
908.87000000 , 1.848741375426705e-03 , 3.226071050625195e-07
909.88000000 , 1.867971645136956e-03 , 3.243213033230329e-07
910.89000000 , 1.888002081808101e-03 , 3.261134352352946e-07
911.90000000 , 1.907899312535990e-03 , 3.278079290764810e-07
912.91000000 , 1.927638920875856e-03 , 3.294662319324408e-07
913.92000000 , 1.948756988948933e-03 , 3.313117945328365e-07
914.93000000 , 1.969419523175708e-03 , 3.330132656546063e-07
915.94000000 , 1.990000917501262e-03 , 3.346388475730124e-07
916.95000000 , 2.011907593547367e-03 , 3.365555539836516e-07
917.96000000 , 2.034364586367613e-03 , 3.384220183604121e-07
918.97000000 , 2.055829257723054e-03 , 3.401414885726654e-07
919.98000000 , 2.078932658667360e-03 , 3.420232048403092e-07
920.99000000 , 2.006900028517372e-03 , 3.361141362092939e-07
