x_l , NLO , dNLO
0.00000000 , 0.000000000000000e+00 , 0.000000000000000e+00
0.83333333 , 0.000000000000000e+00 , 0.000000000000000e+00
1.66666667 , 0.000000000000000e+00 , 0.000000000000000e+00
2.50000000 , 0.000000000000000e+00 , 0.000000000000000e+00
3.33333333 , 0.000000000000000e+00 , 0.000000000000000e+00
4.16666667 , 0.000000000000000e+00 , 0.000000000000000e+00
5.00000000 , 0.000000000000000e+00 , 0.000000000000000e+00
5.83333333 , 0.000000000000000e+00 , 0.000000000000000e+00
6.66666667 , 0.000000000000000e+00 , 0.000000000000000e+00
7.50000000 , 0.000000000000000e+00 , 0.000000000000000e+00
8.33333333 , 0.000000000000000e+00 , 0.000000000000000e+00
9.16666667 , 0.000000000000000e+00 , 0.000000000000000e+00
10.00000000 , 0.000000000000000e+00 , 0.000000000000000e+00
10.83333333 , 0.000000000000000e+00 , 0.000000000000000e+00
11.66666667 , 0.000000000000000e+00 , 0.000000000000000e+00
12.50000000 , 0.000000000000000e+00 , 0.000000000000000e+00
13.33333333 , 0.000000000000000e+00 , 0.000000000000000e+00
14.16666667 , 0.000000000000000e+00 , 0.000000000000000e+00
15.00000000 , 0.000000000000000e+00 , 0.000000000000000e+00
15.83333333 , 0.000000000000000e+00 , 0.000000000000000e+00
16.66666667 , 0.000000000000000e+00 , 0.000000000000000e+00
17.50000000 , 0.000000000000000e+00 , 0.000000000000000e+00
18.33333333 , 0.000000000000000e+00 , 0.000000000000000e+00
19.16666667 , 0.000000000000000e+00 , 0.000000000000000e+00
20.00000000 , 0.000000000000000e+00 , 0.000000000000000e+00
20.83333333 , 0.000000000000000e+00 , 0.000000000000000e+00
21.66666667 , 0.000000000000000e+00 , 0.000000000000000e+00
22.50000000 , 0.000000000000000e+00 , 0.000000000000000e+00
23.33333333 , 0.000000000000000e+00 , 0.000000000000000e+00
24.16666667 , 0.000000000000000e+00 , 0.000000000000000e+00
25.00000000 , 0.000000000000000e+00 , 0.000000000000000e+00
25.83333333 , 0.000000000000000e+00 , 0.000000000000000e+00
26.66666667 , 0.000000000000000e+00 , 0.000000000000000e+00
27.50000000 , 0.000000000000000e+00 , 0.000000000000000e+00
28.33333333 , 0.000000000000000e+00 , 0.000000000000000e+00
29.16666667 , 0.000000000000000e+00 , 0.000000000000000e+00
30.00000000 , 0.000000000000000e+00 , 0.000000000000000e+00
30.83333333 , 0.000000000000000e+00 , 0.000000000000000e+00
31.66666667 , 0.000000000000000e+00 , 0.000000000000000e+00
32.50000000 , 0.000000000000000e+00 , 0.000000000000000e+00
33.33333333 , 0.000000000000000e+00 , 0.000000000000000e+00
34.16666667 , 0.000000000000000e+00 , 0.000000000000000e+00
35.00000000 , 0.000000000000000e+00 , 0.000000000000000e+00
35.83333333 , 0.000000000000000e+00 , 0.000000000000000e+00
36.66666667 , 0.000000000000000e+00 , 0.000000000000000e+00
37.50000000 , 0.000000000000000e+00 , 0.000000000000000e+00
38.33333333 , 0.000000000000000e+00 , 0.000000000000000e+00
39.16666667 , 0.000000000000000e+00 , 0.000000000000000e+00
40.00000000 , 0.000000000000000e+00 , 0.000000000000000e+00
40.83333333 , 0.000000000000000e+00 , 0.000000000000000e+00
41.66666667 , 0.000000000000000e+00 , 0.000000000000000e+00
42.50000000 , 0.000000000000000e+00 , 0.000000000000000e+00
43.33333333 , 0.000000000000000e+00 , 0.000000000000000e+00
44.16666667 , 0.000000000000000e+00 , 0.000000000000000e+00
45.00000000 , 0.000000000000000e+00 , 0.000000000000000e+00
45.83333333 , 0.000000000000000e+00 , 0.000000000000000e+00
46.66666667 , 0.000000000000000e+00 , 0.000000000000000e+00
47.50000000 , 0.000000000000000e+00 , 0.000000000000000e+00
48.33333333 , 0.000000000000000e+00 , 0.000000000000000e+00
49.16666667 , 0.000000000000000e+00 , 0.000000000000000e+00
50.00000000 , 0.000000000000000e+00 , 0.000000000000000e+00
50.83333333 , 0.000000000000000e+00 , 0.000000000000000e+00
51.66666667 , 0.000000000000000e+00 , 0.000000000000000e+00
52.50000000 , 0.000000000000000e+00 , 0.000000000000000e+00
53.33333333 , 0.000000000000000e+00 , 0.000000000000000e+00
54.16666667 , 0.000000000000000e+00 , 0.000000000000000e+00
55.00000000 , 0.000000000000000e+00 , 0.000000000000000e+00
55.83333333 , 0.000000000000000e+00 , 0.000000000000000e+00
56.66666667 , 0.000000000000000e+00 , 0.000000000000000e+00
57.50000000 , 0.000000000000000e+00 , 0.000000000000000e+00
58.33333333 , 0.000000000000000e+00 , 0.000000000000000e+00
59.16666667 , 0.000000000000000e+00 , 0.000000000000000e+00
60.00000000 , 0.000000000000000e+00 , 0.000000000000000e+00
60.83333333 , 0.000000000000000e+00 , 0.000000000000000e+00
61.66666667 , 0.000000000000000e+00 , 0.000000000000000e+00
62.50000000 , 0.000000000000000e+00 , 0.000000000000000e+00
63.33333333 , 0.000000000000000e+00 , 0.000000000000000e+00
64.16666667 , 0.000000000000000e+00 , 0.000000000000000e+00
65.00000000 , 0.000000000000000e+00 , 0.000000000000000e+00
65.83333333 , 0.000000000000000e+00 , 0.000000000000000e+00
66.66666667 , 0.000000000000000e+00 , 0.000000000000000e+00
67.50000000 , 0.000000000000000e+00 , 0.000000000000000e+00
68.33333333 , 0.000000000000000e+00 , 0.000000000000000e+00
69.16666667 , 0.000000000000000e+00 , 0.000000000000000e+00
70.00000000 , 0.000000000000000e+00 , 0.000000000000000e+00
70.83333333 , 0.000000000000000e+00 , 0.000000000000000e+00
71.66666667 , 0.000000000000000e+00 , 0.000000000000000e+00
72.50000000 , 0.000000000000000e+00 , 0.000000000000000e+00
73.33333333 , 0.000000000000000e+00 , 0.000000000000000e+00
74.16666667 , 0.000000000000000e+00 , 0.000000000000000e+00
75.00000000 , 0.000000000000000e+00 , 0.000000000000000e+00
75.83333333 , 0.000000000000000e+00 , 0.000000000000000e+00
76.66666667 , 0.000000000000000e+00 , 0.000000000000000e+00
77.50000000 , 0.000000000000000e+00 , 0.000000000000000e+00
78.33333333 , 0.000000000000000e+00 , 0.000000000000000e+00
79.16666667 , 0.000000000000000e+00 , 0.000000000000000e+00
80.00000000 , 0.000000000000000e+00 , 0.000000000000000e+00
80.83333333 , 0.000000000000000e+00 , 0.000000000000000e+00
81.66666667 , 0.000000000000000e+00 , 0.000000000000000e+00
82.50000000 , 0.000000000000000e+00 , 0.000000000000000e+00
83.33333333 , 0.000000000000000e+00 , 0.000000000000000e+00
84.16666667 , 0.000000000000000e+00 , 0.000000000000000e+00
85.00000000 , 0.000000000000000e+00 , 0.000000000000000e+00
85.83333333 , 0.000000000000000e+00 , 0.000000000000000e+00
86.66666667 , 0.000000000000000e+00 , 0.000000000000000e+00
87.50000000 , 0.000000000000000e+00 , 0.000000000000000e+00
88.33333333 , 0.000000000000000e+00 , 0.000000000000000e+00
89.16666667 , 0.000000000000000e+00 , 0.000000000000000e+00
90.00000000 , 0.000000000000000e+00 , 0.000000000000000e+00
90.83333333 , 0.000000000000000e+00 , 0.000000000000000e+00
91.66666667 , 0.000000000000000e+00 , 0.000000000000000e+00
92.50000000 , 0.000000000000000e+00 , 0.000000000000000e+00
93.33333333 , 0.000000000000000e+00 , 0.000000000000000e+00
94.16666667 , 0.000000000000000e+00 , 0.000000000000000e+00
95.00000000 , 0.000000000000000e+00 , 0.000000000000000e+00
95.83333333 , 0.000000000000000e+00 , 0.000000000000000e+00
96.66666667 , 0.000000000000000e+00 , 0.000000000000000e+00
97.50000000 , 0.000000000000000e+00 , 0.000000000000000e+00
98.33333333 , 0.000000000000000e+00 , 0.000000000000000e+00
99.16666667 , 0.000000000000000e+00 , 0.000000000000000e+00
100.00000000 , 0.000000000000000e+00 , 0.000000000000000e+00
100.83333333 , 0.000000000000000e+00 , 0.000000000000000e+00
101.66666667 , 0.000000000000000e+00 , 0.000000000000000e+00
102.50000000 , 0.000000000000000e+00 , 0.000000000000000e+00
103.33333333 , 0.000000000000000e+00 , 0.000000000000000e+00
104.16666667 , 0.000000000000000e+00 , 0.000000000000000e+00
105.00000000 , 0.000000000000000e+00 , 0.000000000000000e+00
105.83333333 , 0.000000000000000e+00 , 0.000000000000000e+00
106.66666667 , 0.000000000000000e+00 , 0.000000000000000e+00
107.50000000 , 0.000000000000000e+00 , 0.000000000000000e+00
108.33333333 , 0.000000000000000e+00 , 0.000000000000000e+00
109.16666667 , 0.000000000000000e+00 , 0.000000000000000e+00
110.00000000 , 0.000000000000000e+00 , 0.000000000000000e+00
110.83333333 , 0.000000000000000e+00 , 0.000000000000000e+00
111.66666667 , 0.000000000000000e+00 , 0.000000000000000e+00
112.50000000 , 0.000000000000000e+00 , 0.000000000000000e+00
113.33333333 , 0.000000000000000e+00 , 0.000000000000000e+00
114.16666667 , 0.000000000000000e+00 , 0.000000000000000e+00
115.00000000 , 0.000000000000000e+00 , 0.000000000000000e+00
115.83333333 , 0.000000000000000e+00 , 0.000000000000000e+00
116.66666667 , 0.000000000000000e+00 , 0.000000000000000e+00
117.50000000 , 0.000000000000000e+00 , 0.000000000000000e+00
118.33333333 , 0.000000000000000e+00 , 0.000000000000000e+00
119.16666667 , 0.000000000000000e+00 , 0.000000000000000e+00
120.00000000 , 0.000000000000000e+00 , 0.000000000000000e+00
120.83333333 , 0.000000000000000e+00 , 0.000000000000000e+00
121.66666667 , 0.000000000000000e+00 , 0.000000000000000e+00
122.50000000 , 0.000000000000000e+00 , 0.000000000000000e+00
123.33333333 , 0.000000000000000e+00 , 0.000000000000000e+00
124.16666667 , 0.000000000000000e+00 , 0.000000000000000e+00
125.00000000 , 0.000000000000000e+00 , 0.000000000000000e+00
125.83333333 , 0.000000000000000e+00 , 0.000000000000000e+00
126.66666667 , 0.000000000000000e+00 , 0.000000000000000e+00
127.50000000 , 0.000000000000000e+00 , 0.000000000000000e+00
128.33333333 , 0.000000000000000e+00 , 0.000000000000000e+00
129.16666667 , 0.000000000000000e+00 , 0.000000000000000e+00
130.00000000 , 0.000000000000000e+00 , 0.000000000000000e+00
130.83333333 , 0.000000000000000e+00 , 0.000000000000000e+00
131.66666667 , 0.000000000000000e+00 , 0.000000000000000e+00
132.50000000 , 0.000000000000000e+00 , 0.000000000000000e+00
133.33333333 , 0.000000000000000e+00 , 0.000000000000000e+00
134.16666667 , 0.000000000000000e+00 , 0.000000000000000e+00
135.00000000 , 0.000000000000000e+00 , 0.000000000000000e+00
135.83333333 , 0.000000000000000e+00 , 0.000000000000000e+00
136.66666667 , 0.000000000000000e+00 , 0.000000000000000e+00
137.50000000 , 0.000000000000000e+00 , 0.000000000000000e+00
138.33333333 , 0.000000000000000e+00 , 0.000000000000000e+00
139.16666667 , 1.420872888397370e-01 , 2.915540461088453e-06
140.00000000 , 2.432122387812800e-02 , 1.303795751671571e-06
140.83333333 , 1.157725095134588e-02 , 8.999035013677712e-07
141.66666667 , 7.740058877506202e-03 , 7.359623007992719e-07
142.50000000 , 5.860467996760910e-03 , 6.405726402456511e-07
143.33333333 , 4.740108633275350e-03 , 5.762793306956868e-07
144.16666667 , 3.998658654657329e-03 , 5.295308281993247e-07
145.00000000 , 3.471262913757735e-03 , 4.937268439556341e-07
145.83333333 , 3.077878435352248e-03 , 4.650724195592620e-07
146.66666667 , 2.773273658964869e-03 , 4.417080803627305e-07
147.50000000 , 2.533975964666170e-03 , 4.225047668423400e-07
148.33333333 , 2.346685108159109e-03 , 4.070244219406403e-07
149.16666667 , 2.206669360652700e-03 , 3.952306696049866e-07
150.00000000 , 2.098302022973421e-03 , 3.860975843804056e-07
150.83333333 , 2.009286136523901e-03 , 3.783867817729108e-07
151.66666667 , 1.933746919994591e-03 , 3.716889918909539e-07
152.50000000 , 1.872301290230878e-03 , 3.661152763791276e-07
153.33333333 , 1.822167466041604e-03 , 3.615805099419303e-07
154.16666667 , 1.779292624265109e-03 , 3.575126474213948e-07
155.00000000 , 1.739900653463172e-03 , 3.535396808758416e-07
155.83333333 , 1.702111442418256e-03 , 3.494901258750731e-07
156.66666667 , 1.666947804249622e-03 , 3.455232445514556e-07
157.50000000 , 1.634316048013875e-03 , 3.416834073093808e-07
158.33333333 , 1.602424636437329e-03 , 3.377245337926871e-07
159.16666667 , 1.571727394815688e-03 , 3.338192769313490e-07
160.00000000 , 1.543253229393559e-03 , 3.300099284403619e-07
160.83333333 , 1.515926706946011e-03 , 3.263085147308328e-07
161.66666667 , 1.489191394379529e-03 , 3.225557890794736e-07
162.50000000 , 1.464092594158569e-03 , 3.189452093565177e-07
163.33333333 , 1.441191611839512e-03 , 3.157121948896811e-07
164.16666667 , 1.417260148408936e-03 , 3.120556880729794e-07
165.00000000 , 1.395982366003073e-03 , 3.088539715951477e-07
165.83333333 , 1.374575520111046e-03 , 3.056846331636083e-07
166.66666667 , 1.353439018443599e-03 , 3.023231419392545e-07
167.50000000 , 1.333913058161210e-03 , 2.991091079031618e-07
168.33333333 , 1.315251941258798e-03 , 2.962997424984709e-07
169.16666667 , 1.296754848078134e-03 , 2.932586199605767e-07
170.00000000 , 1.279079990738396e-03 , 2.904718350368325e-07
170.83333333 , 1.261894727025986e-03 , 2.876484835360910e-07
171.66666667 , 1.245226148457756e-03 , 2.849082634977886e-07
172.50000000 , 1.229403831770581e-03 , 2.823565034478914e-07
173.33333333 , 1.214268604396455e-03 , 2.799783411837291e-07
174.16666667 , 1.198902672502785e-03 , 2.774958279524106e-07
175.00000000 , 1.183646943129339e-03 , 2.751726996692147e-07
175.83333333 , 1.169270339260610e-03 , 2.730294660926250e-07
176.66666667 , 1.154434930559673e-03 , 2.708618185252547e-07
177.50000000 , 1.139764948236447e-03 , 2.688771715796898e-07
178.33333333 , 1.124996239545961e-03 , 2.668708849570229e-07
179.16666667 , 1.109718624887029e-03 , 2.648629743165058e-07
180.00000000 , 1.094927605407128e-03 , 2.630391983534740e-07
180.83333333 , 1.079369168464030e-03 , 2.611704629185207e-07
181.66666667 , 1.063775283795071e-03 , 2.592732138117833e-07
182.50000000 , 1.047493001093195e-03 , 2.573944822820052e-07
183.33333333 , 1.030608788287842e-03 , 2.553902008576718e-07
184.16666667 , 1.012331021599449e-03 , 2.531852732910790e-07
185.00000000 , 9.931342455206467e-04 , 2.508153458026426e-07
185.83333333 , 9.741023181216013e-04 , 2.483580303070530e-07
186.66666667 , 9.550215539091257e-04 , 2.458403159750770e-07
187.50000000 , 9.369721826293996e-04 , 2.435813491563918e-07
188.33333333 , 9.191599347923077e-04 , 2.413123446298549e-07
189.16666667 , 9.006699358891049e-04 , 2.388861691396567e-07
190.00000000 , 8.834779458341766e-04 , 2.367840834156568e-07
190.83333333 , 8.664729417550960e-04 , 2.343825552269975e-07
191.66666667 , 8.495415979870109e-04 , 2.321544115088109e-07
192.50000000 , 8.331892431022196e-04 , 2.300056635734269e-07
193.33333333 , 8.165086527503356e-04 , 2.276928293701436e-07
194.16666667 , 8.013809635328573e-04 , 2.257581391418323e-07
195.00000000 , 7.859730651494810e-04 , 2.237124003130947e-07
195.83333333 , 7.702158708423757e-04 , 2.214541651259531e-07
196.66666667 , 7.553519638092526e-04 , 2.194100605007161e-07
197.50000000 , 7.411780845587849e-04 , 2.175370510999455e-07
198.33333333 , 7.263616413947601e-04 , 2.154080484140175e-07
199.16666667 , 7.128756788216865e-04 , 2.135934187405106e-07
200.00000000 , 6.985120847173377e-04 , 2.114790433629487e-07
200.83333333 , 6.854405874092821e-04 , 2.096414316137273e-07
201.66666667 , 6.719468102315061e-04 , 2.077095638493650e-07
202.50000000 , 6.592077044643919e-04 , 2.059940972140648e-07
203.33333333 , 6.467394803426737e-04 , 2.041403733611466e-07
204.16666667 , 6.336951763397174e-04 , 2.022594994846958e-07
205.00000000 , 6.214915419295768e-04 , 2.003202957592655e-07
205.83333333 , 6.094423997331588e-04 , 1.985771927036580e-07
206.66666667 , 5.970924411282260e-04 , 1.966724134971731e-07
207.50000000 , 5.856199791434449e-04 , 1.949127672869352e-07
208.33333333 , 5.735828969829345e-04 , 1.929516518509394e-07
209.16666667 , 5.624715545492886e-04 , 1.912985907658005e-07
210.00000000 , 5.505614079393430e-04 , 1.894569245715814e-07
210.83333333 , 5.395908382582661e-04 , 1.875689694709810e-07
211.66666667 , 5.283938422552565e-04 , 1.858141394626506e-07
212.50000000 , 5.172053847512655e-04 , 1.839173051020046e-07
213.33333333 , 5.064550727114978e-04 , 1.820792047467148e-07
214.16666667 , 4.950768484384185e-04 , 1.800939193300755e-07
215.00000000 , 4.843302946113008e-04 , 1.782231425035124e-07
215.83333333 , 4.732573701445059e-04 , 1.761235847329660e-07
216.66666667 , 4.626963221324996e-04 , 1.742435306728379e-07
217.50000000 , 4.523425933890420e-04 , 1.722668717494451e-07
218.33333333 , 4.421150453124327e-04 , 1.703120143413659e-07
219.16666667 , 4.320203445843124e-04 , 1.684066939649512e-07
220.00000000 , 4.223651363073259e-04 , 1.665519634879794e-07
220.83333333 , 4.129491078096661e-04 , 1.647111139312814e-07
221.66666667 , 4.035155402530685e-04 , 1.627874257833736e-07
222.50000000 , 3.944767382194527e-04 , 1.609555934417692e-07
223.33333333 , 3.856537188875656e-04 , 1.591840364325516e-07
224.16666667 , 3.769311384247136e-04 , 1.574196387624251e-07
225.00000000 , 3.685014666608971e-04 , 1.555941804853238e-07
225.83333333 , 3.603172110007893e-04 , 1.539660508506691e-07
226.66666667 , 3.520358585559560e-04 , 1.521928930784366e-07
227.50000000 , 3.442089532916002e-04 , 1.503887514350025e-07
228.33333333 , 3.368423964062897e-04 , 1.489346646199857e-07
229.16666667 , 3.287597762566718e-04 , 1.469884911029400e-07
230.00000000 , 3.218363858319893e-04 , 1.456922031993755e-07
230.83333333 , 3.145814340134490e-04 , 1.439431589374344e-07
231.66666667 , 3.071016087925066e-04 , 1.421832434438064e-07
232.50000000 , 3.007193115065497e-04 , 1.408323393931608e-07
233.33333333 , 2.936169750639921e-04 , 1.390257740544754e-07
234.16666667 , 2.872284087780412e-04 , 1.375712627743082e-07
235.00000000 , 2.807346543528951e-04 , 1.360032430415162e-07
235.83333333 , 2.744826901651928e-04 , 1.345447270537983e-07
236.66666667 , 2.685583880301362e-04 , 1.332600859109208e-07
237.50000000 , 2.624412678965150e-04 , 1.316998525710195e-07
238.33333333 , 2.564979361637804e-04 , 1.301242578696966e-07
239.16666667 , 2.507147133547670e-04 , 1.286509443440859e-07
240.00000000 , 2.451129484096384e-04 , 1.272984907549894e-07
240.83333333 , 2.394515770498200e-04 , 1.256807404695679e-07
241.66666667 , 2.342162744101611e-04 , 1.244499508403211e-07
242.50000000 , 2.289093449216424e-04 , 1.230451897301116e-07
243.33333333 , 2.237040110162920e-04 , 1.216725775995743e-07
244.16666667 , 2.184029734726817e-04 , 1.201870085347448e-07
245.00000000 , 2.135289402649181e-04 , 1.188754655573606e-07
245.83333333 , 2.086310223361107e-04 , 1.175004667593616e-07
246.66666667 , 2.039762026172745e-04 , 1.162085044084375e-07
247.50000000 , 1.992961720133663e-04 , 1.149483684582193e-07
248.33333333 , 1.949654938731000e-04 , 1.136923211778213e-07
249.16666667 , 1.902732348862168e-04 , 1.123444964182649e-07
250.00000000 , 1.858222649323158e-04 , 1.110184827127136e-07
250.83333333 , 1.817858255977399e-04 , 1.098858693525552e-07
251.66666667 , 1.776327768406232e-04 , 1.086530913678830e-07
252.50000000 , 1.733870431832907e-04 , 1.073583286887265e-07
253.33333333 , 1.696778214175798e-04 , 1.062220856294869e-07
254.16666667 , 1.655864761185047e-04 , 1.049842153233543e-07
255.00000000 , 1.618400228404165e-04 , 1.037906434328836e-07
255.83333333 , 1.578854792748734e-04 , 1.024729620080701e-07
256.66666667 , 1.546252615083607e-04 , 1.015841613490637e-07
257.50000000 , 1.509433538333559e-04 , 1.003949271032866e-07
258.33333333 , 1.471912302472299e-04 , 9.911743958511894e-08
259.16666667 , 1.437908427990776e-04 , 9.792742714089058e-08
260.00000000 , 1.405535313743312e-04 , 9.698573703582835e-08
260.83333333 , 1.370520568714934e-04 , 9.565791787918212e-08
261.66666667 , 1.339148398986144e-04 , 9.463522274158976e-08
262.50000000 , 1.306599082353329e-04 , 9.341593542932735e-08
263.33333333 , 1.276126349146719e-04 , 9.239207920168003e-08
264.16666667 , 1.245671336053191e-04 , 9.130461802271572e-08
265.00000000 , 1.216648378783667e-04 , 9.025510658319859e-08
265.83333333 , 1.188464226757076e-04 , 8.925679356169383e-08
266.66666667 , 1.158969759633668e-04 , 8.806068154803767e-08
267.50000000 , 1.131477704308558e-04 , 8.711805370882134e-08
268.33333333 , 1.105202500497615e-04 , 8.618615483547713e-08
269.16666667 , 1.079026537524326e-04 , 8.514623224035054e-08
270.00000000 , 1.051858861656326e-04 , 8.405098514830860e-08
270.83333333 , 1.026885722208573e-04 , 8.309113976009350e-08
271.66666667 , 1.002021203353004e-04 , 8.202183382975858e-08
272.50000000 , 9.772875986705405e-05 , 8.114369226985332e-08
273.33333333 , 9.542020841784295e-05 , 8.024556516291837e-08
274.16666667 , 9.298782429879191e-05 , 7.920796387917375e-08
275.00000000 , 9.069391561790201e-05 , 7.814445880332951e-08
275.83333333 , 8.842202383458073e-05 , 7.719514832336224e-08
276.66666667 , 8.617375850199659e-05 , 7.625596840118467e-08
277.50000000 , 8.411039735360117e-05 , 7.533216144320511e-08
278.33333333 , 8.187135756213775e-05 , 7.429459015026171e-08
279.16666667 , 7.991190048436627e-05 , 7.346447635486001e-08
280.00000000 , 7.785673545499547e-05 , 7.250183540882941e-08
280.83333333 , 7.587484682964793e-05 , 7.155652374588021e-08
281.66666667 , 7.400493971986440e-05 , 7.081535968489874e-08
282.50000000 , 7.201581162470078e-05 , 6.964024511342594e-08
283.33333333 , 7.017602547831409e-05 , 6.898623020804133e-08
284.16666667 , 6.838395095985227e-05 , 6.810037912081163e-08
285.00000000 , 6.650939560907123e-05 , 6.713329216689966e-08
285.83333333 , 6.477813284426178e-05 , 6.625003010420971e-08
286.66666667 , 6.305962915441492e-05 , 6.534075664193491e-08
287.50000000 , 6.119643581694617e-05 , 6.422070479289559e-08
288.33333333 , 5.975298905936358e-05 , 6.364164966229849e-08
289.16666667 , 5.815523512564380e-05 , 6.282902299503937e-08
290.00000000 , 5.643602831342317e-05 , 6.187657922993298e-08
290.83333333 , 5.502989679642852e-05 , 6.112929649946953e-08
291.66666667 , 5.351509032624807e-05 , 6.033629898202250e-08
292.50000000 , 5.197549136172852e-05 , 5.929850716700547e-08
293.33333333 , 5.046379584181113e-05 , 5.845621980526413e-08
294.16666667 , 4.909749287143822e-05 , 5.772793092142169e-08
295.00000000 , 4.766755177875541e-05 , 5.676903857463246e-08
295.83333333 , 4.637618717458191e-05 , 5.602359936717085e-08
296.66666667 , 4.497836462251168e-05 , 5.521575982708766e-08
297.50000000 , 4.364907004368213e-05 , 5.435430429963617e-08
298.33333333 , 4.232060668559803e-05 , 5.346859093165937e-08
299.16666667 , 4.116695189647568e-05 , 5.286824294645755e-08
300.00000000 , 3.997284640792389e-05 , 5.206248474579083e-08
300.83333333 , 3.873751500360697e-05 , 5.122223677641368e-08
301.66666667 , 3.754153946965225e-05 , 5.039137373773162e-08
302.50000000 , 3.639556071384567e-05 , 4.958268250396222e-08
303.33333333 , 3.530407311617599e-05 , 4.891998922474980e-08
304.16666667 , 3.423047576860691e-05 , 4.817615080269267e-08
305.00000000 , 3.310096533251324e-05 , 4.723920272171646e-08
305.83333333 , 3.211067849364503e-05 , 4.664929542959446e-08
306.66666667 , 3.108426598525536e-05 , 4.583994635521599e-08
307.50000000 , 3.004126282920530e-05 , 4.502879129840029e-08
308.33333333 , 2.908013650445356e-05 , 4.421842062140698e-08
309.16666667 , 2.812465668539200e-05 , 4.339492403364866e-08
310.00000000 , 2.716491002968698e-05 , 4.267394164295396e-08
310.83333333 , 2.629271542802664e-05 , 4.195944009310587e-08
311.66666667 , 2.540029710651805e-05 , 4.126304213356931e-08
312.50000000 , 2.458828459810959e-05 , 4.057444141243709e-08
313.33333333 , 2.371579057428515e-05 , 3.993521176345107e-08
314.16666667 , 2.289007679041502e-05 , 3.910618231787537e-08
315.00000000 , 2.209289367889069e-05 , 3.839775876278602e-08
315.83333333 , 2.130696084676346e-05 , 3.773050330832114e-08
316.66666667 , 2.050408783052557e-05 , 3.687652069703921e-08
317.50000000 , 1.983606964788898e-05 , 3.638521716723715e-08
318.33333333 , 1.909268020638103e-05 , 3.563195149298472e-08
319.16666667 , 1.835682834601960e-05 , 3.489582354544183e-08
320.00000000 , 1.778686351863581e-05 , 3.441455179325093e-08
320.83333333 , 1.698594912300215e-05 , 3.342682211905178e-08
321.66666667 , 1.644616243238538e-05 , 3.299325354537993e-08
322.50000000 , 1.584818798737101e-05 , 3.230701175143674e-08
323.33333333 , 1.525188174145298e-05 , 3.171552852266905e-08
324.16666667 , 1.469091446504200e-05 , 3.119727614759927e-08
325.00000000 , 1.415403514835078e-05 , 3.054748121974829e-08
325.83333333 , 1.361439503615353e-05 , 3.000046417523320e-08
326.66666667 , 1.313501761696571e-05 , 2.946556341083739e-08
327.50000000 , 1.262723630879937e-05 , 2.880510483213074e-08
328.33333333 , 1.218695081000258e-05 , 2.826450197490903e-08
329.16666667 , 1.172094349888908e-05 , 2.775412648906050e-08
330.00000000 , 1.127689333715173e-05 , 2.706281410977039e-08
330.83333333 , 1.094950457297966e-05 , 2.697841370606412e-08
331.66666667 , 1.053614998954127e-05 , 2.629114918969947e-08
332.50000000 , 1.016810422839239e-05 , 2.592505038673569e-08
333.33333333 , 9.829546560944344e-06 , 2.550007799467015e-08
334.16666667 , 9.419320872939507e-06 , 2.497102386032553e-08
335.00000000 , 9.137691780979518e-06 , 2.463421428333004e-08
335.83333333 , 8.803038614002439e-06 , 2.412404960091170e-08
336.66666667 , 8.480078529985080e-06 , 2.363090859186149e-08
337.50000000 , 8.210070666291555e-06 , 2.328576642290397e-08
338.33333333 , 7.944177856674142e-06 , 2.279806192286048e-08
339.16666667 , 7.651105213686801e-06 , 2.234507462000136e-08
340.00000000 , 7.427104899666612e-06 , 2.208659363647075e-08
340.83333333 , 7.168271221552421e-06 , 2.165351300257176e-08
341.66666667 , 6.942981275394300e-06 , 2.121285038471209e-08
342.50000000 , 6.726964638076682e-06 , 2.096541215920463e-08
343.33333333 , 6.541811139301441e-06 , 2.078447856983220e-08
344.16666667 , 6.323042387989240e-06 , 2.030155203478313e-08
345.00000000 , 6.121797049580057e-06 , 1.993248912765076e-08
345.83333333 , 5.975280599001078e-06 , 1.980652767519696e-08
346.66666667 , 5.799232520442130e-06 , 1.954169928515689e-08
347.50000000 , 5.662315654628048e-06 , 1.928804259538533e-08
348.33333333 , 5.493976735896386e-06 , 1.906371976192270e-08
349.16666667 , 5.341658272845494e-06 , 1.875561325627939e-08
350.00000000 , 5.173696616621016e-06 , 1.841511056780932e-08
350.83333333 , 5.064774550913514e-06 , 1.844415846401256e-08
351.66666667 , 4.898194680724955e-06 , 1.790165866119357e-08
352.50000000 , 4.769634914384081e-06 , 1.773885025969843e-08
353.33333333 , 4.686267006769102e-06 , 1.763848647700060e-08
354.16666667 , 4.516809566686606e-06 , 1.734485572836642e-08
355.00000000 , 4.368765267210620e-06 , 1.676967289509650e-08
355.83333333 , 4.285955014505839e-06 , 1.680652274431753e-08
356.66666667 , 4.129808635268044e-06 , 1.632069519010715e-08
357.50000000 , 4.029013043135717e-06 , 1.625364174089010e-08
358.33333333 , 3.929754976064203e-06 , 1.606960832833987e-08
359.16666667 , 3.824783838828441e-06 , 1.579107385590470e-08
360.00000000 , 3.741500190636965e-06 , 1.573953914731825e-08
360.83333333 , 3.625261380121433e-06 , 1.542375518581598e-08
361.66666667 , 3.515435448838752e-06 , 1.523097505874012e-08
362.50000000 , 3.445574662393186e-06 , 1.526907030758988e-08
363.33333333 , 3.335907329629727e-06 , 1.475722016062523e-08
364.16666667 , 3.219906303000944e-06 , 1.447163664571509e-08
365.00000000 , 3.175450898016972e-06 , 1.464972750054796e-08
365.83333333 , 3.056479775768636e-06 , 1.414935302208087e-08
366.66666667 , 2.966410476111922e-06 , 1.400791390447204e-08
367.50000000 , 2.891060616526197e-06 , 1.389246779779418e-08
368.33333333 , 2.815830384170779e-06 , 1.364601582062495e-08
369.16666667 , 2.761412601343949e-06 , 1.355461209133603e-08
370.00000000 , 2.651607012136307e-06 , 1.326178242052054e-08
370.83333333 , 2.610127187844532e-06 , 1.344638370283862e-08
371.66666667 , 2.498325909113670e-06 , 1.282403276889290e-08
372.50000000 , 2.410993563849613e-06 , 1.251134413112873e-08
373.33333333 , 2.361063639765101e-06 , 1.244489324048639e-08
374.16666667 , 2.312939518754696e-06 , 1.238488530952371e-08
375.00000000 , 2.237692065594183e-06 , 1.230143600866123e-08
375.83333333 , 2.157907993278456e-06 , 1.187090048059694e-08
376.66666667 , 2.100590424879966e-06 , 1.175670352964858e-08
377.50000000 , 2.029613756547862e-06 , 1.159163454675440e-08
378.33333333 , 1.970740748728769e-06 , 1.140135635866260e-08
379.16666667 , 1.898505082486289e-06 , 1.115303894653004e-08
380.00000000 , 1.866802962270524e-06 , 1.115792829935396e-08
380.83333333 , 1.795653622440815e-06 , 1.071495855724291e-08
381.66666667 , 1.751233754942286e-06 , 1.075016244812755e-08
382.50000000 , 1.702195922380054e-06 , 1.071031232435066e-08
383.33333333 , 1.657510861844545e-06 , 1.061209102501248e-08
384.16666667 , 1.574588395667880e-06 , 1.011404806172965e-08
385.00000000 , 1.533405615604070e-06 , 9.996317776682554e-09
385.83333333 , 1.503600240920774e-06 , 1.009022104130047e-08
386.66666667 , 1.443441697326714e-06 , 9.776593070311285e-09
387.50000000 , 1.402790739131939e-06 , 9.737114113519048e-09
388.33333333 , 1.352949892103753e-06 , 9.477141573780960e-09
389.16666667 , 1.318761573916027e-06 , 9.382450780870903e-09
390.00000000 , 1.286327750049523e-06 , 9.378288900705463e-09
390.83333333 , 1.237100421905876e-06 , 9.101676196082361e-09
391.66666667 , 1.190560243893855e-06 , 8.868791325059165e-09
392.50000000 , 1.160778630637359e-06 , 8.755498621615192e-09
393.33333333 , 1.084846125462945e-06 , 8.264413754819494e-09
394.16666667 , 1.078293126493399e-06 , 8.479245447650062e-09
395.00000000 , 1.025892711340984e-06 , 8.042318086397772e-09
395.83333333 , 1.004081723395928e-06 , 8.151180840618118e-09
396.66666667 , 9.587598091327574e-07 , 7.863613848411645e-09
397.50000000 , 9.364420285937044e-07 , 7.812397247424918e-09
398.33333333 , 9.091992785412618e-07 , 7.762848915221744e-09
399.16666667 , 8.831298240534937e-07 , 7.749598321173457e-09
400.00000000 , 8.474697353283715e-07 , 7.525750628163482e-09
400.83333333 , 8.122930107115763e-07 , 7.334330186063630e-09
401.66666667 , 7.889845300886346e-07 , 7.284975919438911e-09
402.50000000 , 7.525568928973074e-07 , 7.084213552042387e-09
403.33333333 , 7.266763150705227e-07 , 6.990504267733942e-09
404.16666667 , 7.177147703540331e-07 , 6.945689084925350e-09
405.00000000 , 6.861054885486968e-07 , 6.793910438460635e-09
405.83333333 , 6.519804825400534e-07 , 6.618372335803691e-09
406.66666667 , 6.261068105131272e-07 , 6.441612465076753e-09
407.50000000 , 6.063121723621605e-07 , 6.385087527677573e-09
408.33333333 , 5.736492499761081e-07 , 6.097231231161774e-09
409.16666667 , 5.565783705114809e-07 , 6.030879998779530e-09
410.00000000 , 5.425442029668022e-07 , 6.003932664511117e-09
410.83333333 , 5.177302728474600e-07 , 5.939461950405255e-09
411.66666667 , 5.084406403585116e-07 , 5.944747981087594e-09
412.50000000 , 4.874942365648052e-07 , 5.855212127363804e-09
413.33333333 , 4.677201217331451e-07 , 5.676300734220999e-09
414.16666667 , 4.521735349064239e-07 , 5.750249444947554e-09
415.00000000 , 4.203569467726725e-07 , 5.327216635129192e-09
415.83333333 , 3.962568083397599e-07 , 5.065739167999729e-09
416.66666667 , 3.859895630642981e-07 , 5.076062832855423e-09
417.50000000 , 3.790198918534560e-07 , 5.102153133540846e-09
418.33333333 , 3.525618490551144e-07 , 4.862137463269420e-09
419.16666667 , 3.392262587367503e-07 , 4.666094117585640e-09
420.00000000 , 3.338128308096723e-07 , 4.871011758224511e-09
420.83333333 , 3.177513772860808e-07 , 4.679128386237579e-09
421.66666667 , 3.019731078943676e-07 , 4.610714488532846e-09
422.50000000 , 2.793191167470008e-07 , 4.124870675230151e-09
423.33333333 , 2.694286270056983e-07 , 4.311839204235223e-09
424.16666667 , 2.573603963081457e-07 , 4.189968917640120e-09
425.00000000 , 2.471466000274932e-07 , 4.155484122289564e-09
425.83333333 , 2.387021151446490e-07 , 4.204915441484022e-09
426.66666667 , 2.200370841030753e-07 , 3.762685335062637e-09
427.50000000 , 2.121162236992353e-07 , 3.846059047594517e-09
428.33333333 , 2.043432294434245e-07 , 3.806450133299581e-09
429.16666667 , 1.943044066345064e-07 , 3.829597582086100e-09
430.00000000 , 1.860333155179565e-07 , 3.704806820363618e-09
430.83333333 , 1.727267670798775e-07 , 3.530347384610657e-09
431.66666667 , 1.640066389406671e-07 , 3.242656352709676e-09
432.50000000 , 1.506727013362355e-07 , 3.117630158248880e-09
433.33333333 , 1.504530557752640e-07 , 3.356356863705031e-09
434.16666667 , 1.387640325561815e-07 , 3.048988184443271e-09
435.00000000 , 1.265087093455845e-07 , 2.750781251898705e-09
435.83333333 , 1.259361423821524e-07 , 3.003667561424542e-09
436.66666667 , 1.176218689450686e-07 , 2.948871995625474e-09
437.50000000 , 1.096142436323441e-07 , 2.733137756537960e-09
438.33333333 , 1.067026449955573e-07 , 2.920419890186148e-09
439.16666667 , 9.525834959709641e-08 , 2.529630893249984e-09
440.00000000 , 8.866008639931353e-08 , 2.434354983989732e-09
440.83333333 , 8.221119682043675e-08 , 2.132907225637891e-09
441.66666667 , 7.858298236878839e-08 , 2.271438298016260e-09
442.50000000 , 7.685374437972928e-08 , 2.510715623063400e-09
443.33333333 , 7.045026743185013e-08 , 2.293098076751883e-09
444.16666667 , 6.114179407480788e-08 , 1.806413687623844e-09
445.00000000 , 6.053338564507566e-08 , 2.081636218624656e-09
445.83333333 , 5.373871412885979e-08 , 1.811573046782144e-09
446.66666667 , 5.238227234202278e-08 , 1.894656727914850e-09
447.50000000 , 4.450751947411240e-08 , 1.553466996950683e-09
448.33333333 , 4.489409701475476e-08 , 1.840576171465752e-09
449.16666667 , 4.013486527668542e-08 , 1.718237960645188e-09
450.00000000 , 3.951573875440658e-08 , 1.707729296746073e-09
450.83333333 , 3.323380024063102e-08 , 1.427046618003867e-09
451.66666667 , 3.245883979217441e-08 , 1.501361003823114e-09
452.50000000 , 2.964657078810327e-08 , 1.502641270579733e-09
453.33333333 , 2.864896647439328e-08 , 1.632904555402960e-09
454.16666667 , 2.442350392969580e-08 , 1.258190551413160e-09
455.00000000 , 2.357537129019257e-08 , 1.405953790675967e-09
455.83333333 , 1.907579106129319e-08 , 9.588224025117082e-10
456.66666667 , 1.699130654530619e-08 , 1.016537896635912e-09
457.50000000 , 1.762347951903805e-08 , 1.174019694331267e-09
458.33333333 , 1.349698420798094e-08 , 8.666391166231770e-10
459.16666667 , 1.347280528119394e-08 , 9.775825779981780e-10
460.00000000 , 1.139617685920660e-08 , 9.291436014193497e-10
460.83333333 , 9.454345385420461e-09 , 6.680092875166890e-10
461.66666667 , 9.930328924077412e-09 , 8.629757077188007e-10
462.50000000 , 8.302371440700494e-09 , 8.045454520271541e-10
463.33333333 , 7.487612054782299e-09 , 7.889492487212785e-10
464.16666667 , 5.030699716178474e-09 , 3.926294771800892e-10
465.00000000 , 4.975723826173407e-09 , 5.464170134109186e-10
465.83333333 , 4.306349597815352e-09 , 5.237006046111764e-10
466.66666667 , 5.816691046080629e-09 , 9.443884453414501e-10
467.50000000 , 2.953667358955484e-09 , 3.592763072443924e-10
468.33333333 , 2.474509303301428e-09 , 4.558756463480534e-10
469.16666667 , 2.189853510922881e-09 , 3.977463621055441e-10
470.00000000 , 2.049750421589087e-09 , 2.315938015137268e-10
470.83333333 , 1.378337142965753e-09 , 2.231626858572891e-10
471.66666667 , 1.511289326917426e-09 , 4.443815168707167e-10
472.50000000 , 1.052167561121375e-09 , 1.546135773088599e-10
473.33333333 , 1.420525895515881e-09 , 4.121720762857395e-10
474.16666667 , 1.339856547284482e-09 , 4.764867368252082e-10
475.00000000 , 7.171248900940974e-10 , 2.895361668006510e-10
475.83333333 , 3.131049959322781e-09 , 2.668858659530328e-09
476.66666667 , 4.781366165256942e-10 , 2.060283744471681e-10
477.50000000 , 8.875054523920264e-10 , 3.653037821442975e-10
478.33333333 , 6.739839446647133e-08 , 6.723219862639360e-08
479.16666667 , 2.697104653617202e-10 , 1.407807999039935e-10
480.00000000 , 2.662509126303189e-11 , 1.144723225290846e-11
480.83333333 , 7.696686342206220e-12 , 3.109125183146142e-12
481.66666667 , 7.647535487292286e-12 , 5.407981657967021e-12
482.50000000 , 1.766645377465173e-11 , 1.483996218089711e-11
483.33333333 , 4.794348233133302e-12 , 4.272959776905491e-12
484.16666667 , 1.333762038887237e-13 , 1.333762038275297e-13
485.00000000 , 0.000000000000000e+00 , 0.000000000000000e+00
485.83333333 , 3.105288798769311e-14 , 3.105288795804366e-14
486.66666667 , 0.000000000000000e+00 , 0.000000000000000e+00
487.50000000 , 0.000000000000000e+00 , 0.000000000000000e+00
488.33333333 , 0.000000000000000e+00 , 0.000000000000000e+00
489.16666667 , 0.000000000000000e+00 , 0.000000000000000e+00
490.00000000 , 0.000000000000000e+00 , 0.000000000000000e+00
490.83333333 , 0.000000000000000e+00 , 0.000000000000000e+00
491.66666667 , 0.000000000000000e+00 , 0.000000000000000e+00
492.50000000 , 0.000000000000000e+00 , 0.000000000000000e+00
493.33333333 , 0.000000000000000e+00 , 0.000000000000000e+00
494.16666667 , 0.000000000000000e+00 , 0.000000000000000e+00
495.00000000 , 0.000000000000000e+00 , 0.000000000000000e+00
495.83333333 , 0.000000000000000e+00 , 0.000000000000000e+00
496.66666667 , 0.000000000000000e+00 , 0.000000000000000e+00
497.50000000 , 0.000000000000000e+00 , 0.000000000000000e+00
498.33333333 , 0.000000000000000e+00 , 0.000000000000000e+00
499.16666667 , 0.000000000000000e+00 , 0.000000000000000e+00
