x_l , NLO , dNLO
0.00000000 , 0.000000000000000e+00 , 0.000000000000000e+00
3.33333333 , 0.000000000000000e+00 , 0.000000000000000e+00
6.66666667 , 0.000000000000000e+00 , 0.000000000000000e+00
10.00000000 , 0.000000000000000e+00 , 0.000000000000000e+00
13.33333333 , 0.000000000000000e+00 , 0.000000000000000e+00
16.66666667 , 0.000000000000000e+00 , 0.000000000000000e+00
20.00000000 , 0.000000000000000e+00 , 0.000000000000000e+00
23.33333333 , 0.000000000000000e+00 , 0.000000000000000e+00
26.66666667 , 0.000000000000000e+00 , 0.000000000000000e+00
30.00000000 , 0.000000000000000e+00 , 0.000000000000000e+00
33.33333333 , 0.000000000000000e+00 , 0.000000000000000e+00
36.66666667 , 0.000000000000000e+00 , 0.000000000000000e+00
40.00000000 , 0.000000000000000e+00 , 0.000000000000000e+00
43.33333333 , 0.000000000000000e+00 , 0.000000000000000e+00
46.66666667 , 0.000000000000000e+00 , 0.000000000000000e+00
50.00000000 , 0.000000000000000e+00 , 0.000000000000000e+00
53.33333333 , 0.000000000000000e+00 , 0.000000000000000e+00
56.66666667 , 0.000000000000000e+00 , 0.000000000000000e+00
60.00000000 , 0.000000000000000e+00 , 0.000000000000000e+00
63.33333333 , 0.000000000000000e+00 , 0.000000000000000e+00
66.66666667 , 0.000000000000000e+00 , 0.000000000000000e+00
70.00000000 , 0.000000000000000e+00 , 0.000000000000000e+00
73.33333333 , 0.000000000000000e+00 , 0.000000000000000e+00
76.66666667 , 0.000000000000000e+00 , 0.000000000000000e+00
80.00000000 , 0.000000000000000e+00 , 0.000000000000000e+00
83.33333333 , 0.000000000000000e+00 , 0.000000000000000e+00
86.66666667 , 0.000000000000000e+00 , 0.000000000000000e+00
90.00000000 , 0.000000000000000e+00 , 0.000000000000000e+00
93.33333333 , 0.000000000000000e+00 , 0.000000000000000e+00
96.66666667 , 0.000000000000000e+00 , 0.000000000000000e+00
100.00000000 , 0.000000000000000e+00 , 0.000000000000000e+00
103.33333333 , 0.000000000000000e+00 , 0.000000000000000e+00
106.66666667 , 0.000000000000000e+00 , 0.000000000000000e+00
110.00000000 , 0.000000000000000e+00 , 0.000000000000000e+00
113.33333333 , 0.000000000000000e+00 , 0.000000000000000e+00
116.66666667 , 0.000000000000000e+00 , 0.000000000000000e+00
120.00000000 , 0.000000000000000e+00 , 0.000000000000000e+00
123.33333333 , 0.000000000000000e+00 , 0.000000000000000e+00
126.66666667 , 0.000000000000000e+00 , 0.000000000000000e+00
130.00000000 , 0.000000000000000e+00 , 0.000000000000000e+00
133.33333333 , 0.000000000000000e+00 , 0.000000000000000e+00
136.66666667 , 0.000000000000000e+00 , 0.000000000000000e+00
140.00000000 , 0.000000000000000e+00 , 0.000000000000000e+00
143.33333333 , 0.000000000000000e+00 , 0.000000000000000e+00
146.66666667 , 0.000000000000000e+00 , 0.000000000000000e+00
150.00000000 , 0.000000000000000e+00 , 0.000000000000000e+00
153.33333333 , 0.000000000000000e+00 , 0.000000000000000e+00
156.66666667 , 0.000000000000000e+00 , 0.000000000000000e+00
160.00000000 , 0.000000000000000e+00 , 0.000000000000000e+00
163.33333333 , 0.000000000000000e+00 , 0.000000000000000e+00
166.66666667 , 0.000000000000000e+00 , 0.000000000000000e+00
170.00000000 , 0.000000000000000e+00 , 0.000000000000000e+00
173.33333333 , 0.000000000000000e+00 , 0.000000000000000e+00
176.66666667 , 0.000000000000000e+00 , 0.000000000000000e+00
180.00000000 , 0.000000000000000e+00 , 0.000000000000000e+00
183.33333333 , 0.000000000000000e+00 , 0.000000000000000e+00
186.66666667 , 0.000000000000000e+00 , 0.000000000000000e+00
190.00000000 , 0.000000000000000e+00 , 0.000000000000000e+00
193.33333333 , 0.000000000000000e+00 , 0.000000000000000e+00
196.66666667 , 0.000000000000000e+00 , 0.000000000000000e+00
200.00000000 , 0.000000000000000e+00 , 0.000000000000000e+00
203.33333333 , 0.000000000000000e+00 , 0.000000000000000e+00
206.66666667 , 0.000000000000000e+00 , 0.000000000000000e+00
210.00000000 , 0.000000000000000e+00 , 0.000000000000000e+00
213.33333333 , 0.000000000000000e+00 , 0.000000000000000e+00
216.66666667 , 0.000000000000000e+00 , 0.000000000000000e+00
220.00000000 , 0.000000000000000e+00 , 0.000000000000000e+00
223.33333333 , 0.000000000000000e+00 , 0.000000000000000e+00
226.66666667 , 0.000000000000000e+00 , 0.000000000000000e+00
230.00000000 , 0.000000000000000e+00 , 0.000000000000000e+00
233.33333333 , 0.000000000000000e+00 , 0.000000000000000e+00
236.66666667 , 0.000000000000000e+00 , 0.000000000000000e+00
240.00000000 , 0.000000000000000e+00 , 0.000000000000000e+00
243.33333333 , 0.000000000000000e+00 , 0.000000000000000e+00
246.66666667 , 0.000000000000000e+00 , 0.000000000000000e+00
250.00000000 , 0.000000000000000e+00 , 0.000000000000000e+00
253.33333333 , 0.000000000000000e+00 , 0.000000000000000e+00
256.66666667 , 0.000000000000000e+00 , 0.000000000000000e+00
260.00000000 , 0.000000000000000e+00 , 0.000000000000000e+00
263.33333333 , 0.000000000000000e+00 , 0.000000000000000e+00
266.66666667 , 0.000000000000000e+00 , 0.000000000000000e+00
270.00000000 , 0.000000000000000e+00 , 0.000000000000000e+00
273.33333333 , 0.000000000000000e+00 , 0.000000000000000e+00
276.66666667 , 0.000000000000000e+00 , 0.000000000000000e+00
280.00000000 , 0.000000000000000e+00 , 0.000000000000000e+00
283.33333333 , 0.000000000000000e+00 , 0.000000000000000e+00
286.66666667 , 0.000000000000000e+00 , 0.000000000000000e+00
290.00000000 , 0.000000000000000e+00 , 0.000000000000000e+00
293.33333333 , 0.000000000000000e+00 , 0.000000000000000e+00
296.66666667 , 0.000000000000000e+00 , 0.000000000000000e+00
300.00000000 , 0.000000000000000e+00 , 0.000000000000000e+00
303.33333333 , 0.000000000000000e+00 , 0.000000000000000e+00
306.66666667 , 0.000000000000000e+00 , 0.000000000000000e+00
310.00000000 , 0.000000000000000e+00 , 0.000000000000000e+00
313.33333333 , 0.000000000000000e+00 , 0.000000000000000e+00
316.66666667 , 0.000000000000000e+00 , 0.000000000000000e+00
320.00000000 , 5.846461019865871e-13 , 5.846461013801663e-13
323.33333333 , 4.443707507870857e-11 , 1.148698875927491e-11
326.66666667 , 1.864788451104098e-10 , 1.043983954099695e-10
330.00000000 , 1.342780634376793e-10 , 1.333632567056851e-11
333.33333333 , 1.715334335180523e-10 , 1.377348272323116e-11
336.66666667 , 2.115682243608284e-10 , 1.095530381689629e-11
340.00000000 , 3.154680775503532e-10 , 1.432203855121672e-11
343.33333333 , 4.521626504394927e-10 , 2.338546058894944e-11
346.66666667 , 5.884852856953632e-10 , 2.506995269694041e-11
350.00000000 , 7.579166743142373e-10 , 2.835454930704743e-11
353.33333333 , 9.748413432462119e-10 , 3.309920538690174e-11
356.66666667 , 1.228689825194680e-09 , 4.115760650890614e-11
360.00000000 , 1.477563403832410e-09 , 4.475439630077437e-11
363.33333333 , 1.921383215392349e-09 , 5.635706702929467e-11
366.66666667 , 2.352554333677039e-09 , 6.570696855137671e-11
370.00000000 , 2.805977555089213e-09 , 6.852156271405171e-11
373.33333333 , 3.482342356823665e-09 , 7.996300627245995e-11
376.66666667 , 4.186629665005770e-09 , 9.249755523687131e-11
380.00000000 , 5.019370048280837e-09 , 1.046965656320181e-10
383.33333333 , 5.665634062996360e-09 , 1.139351874577343e-10
386.66666667 , 6.635152235418373e-09 , 1.222244458817343e-10
390.00000000 , 7.677566222407176e-09 , 1.357856057019463e-10
393.33333333 , 8.576018538731761e-09 , 1.470568337434604e-10
396.66666667 , 1.004738957483006e-08 , 1.615769261724702e-10
400.00000000 , 1.169395921571820e-08 , 1.842679444824168e-10
403.33333333 , 1.309855160469243e-08 , 1.938651488948232e-10
406.66666667 , 1.434085789540979e-08 , 2.060365415796167e-10
410.00000000 , 1.653898987106294e-08 , 2.218856983842743e-10
413.33333333 , 1.835302411952695e-08 , 2.395793169307956e-10
416.66666667 , 2.075278388058439e-08 , 2.598959503688847e-10
420.00000000 , 2.336270163181379e-08 , 2.838525718982491e-10
423.33333333 , 2.553532417116390e-08 , 2.944059940044454e-10
426.66666667 , 2.915690307884044e-08 , 3.266326963094993e-10
430.00000000 , 3.212046266018276e-08 , 3.460179468572847e-10
433.33333333 , 3.566093900595534e-08 , 3.700668610885855e-10
436.66666667 , 3.966900593291368e-08 , 3.936793323111865e-10
440.00000000 , 4.353669055441267e-08 , 4.203172642075209e-10
443.33333333 , 4.796770147108716e-08 , 4.370319564035177e-10
446.66666667 , 5.266733111779607e-08 , 4.714992640427211e-10
450.00000000 , 5.810664864323788e-08 , 4.978063604512182e-10
453.33333333 , 6.384607066865901e-08 , 5.232879427623014e-10
456.66666667 , 7.055676030577306e-08 , 5.625373521505857e-10
460.00000000 , 7.802904639652794e-08 , 6.015440586552481e-10
463.33333333 , 8.388724957496843e-08 , 6.173484633253184e-10
466.66666667 , 9.387946317931779e-08 , 6.597029669065626e-10
470.00000000 , 1.019848139990198e-07 , 6.989280594406796e-10
473.33333333 , 1.131278106230024e-07 , 7.442662892024590e-10
476.66666667 , 1.231693587297351e-07 , 7.811440880777107e-10
480.00000000 , 1.346833955161742e-07 , 8.273055333758423e-10
483.33333333 , 1.479298050503478e-07 , 8.749051825540154e-10
486.66666667 , 1.610559275910675e-07 , 9.194538450547083e-10
490.00000000 , 1.794751396898135e-07 , 9.821276773688015e-10
493.33333333 , 1.967016468070724e-07 , 1.031421105072590e-09
496.66666667 , 2.152020251185809e-07 , 1.090642704009563e-09
500.00000000 , 2.359365357180403e-07 , 1.156470936505707e-09
503.33333333 , 2.581620759941758e-07 , 1.200732850193625e-09
506.66666667 , 2.858899053741788e-07 , 1.283442057047705e-09
510.00000000 , 3.142237067631321e-07 , 1.349232465300975e-09
513.33333333 , 3.453762583252194e-07 , 1.430223624075248e-09
516.66666667 , 3.850496203943842e-07 , 1.527742473677197e-09
520.00000000 , 4.217830491976557e-07 , 1.606047135826998e-09
523.33333333 , 4.733101790990211e-07 , 1.729654708434135e-09
526.66666667 , 5.270092380000290e-07 , 1.825877621753480e-09
530.00000000 , 5.957583813475846e-07 , 1.941841607550238e-09
533.33333333 , 6.989500169890345e-07 , 2.137577050170687e-09
536.66666667 , 8.370227444530481e-07 , 2.351675274342606e-09
540.00000000 , 1.003069020428310e-06 , 2.582987819907745e-09
543.33333333 , 1.204047382763744e-06 , 2.851994487261948e-09
546.66666667 , 1.436378843450764e-06 , 3.112887895038425e-09
550.00000000 , 1.699099921648694e-06 , 3.419968637102014e-09
553.33333333 , 2.004252280954920e-06 , 3.750076798427316e-09
556.66666667 , 2.323281133649736e-06 , 4.059823025214006e-09
560.00000000 , 2.685659371875905e-06 , 4.415829923729698e-09
563.33333333 , 3.075003260062024e-06 , 4.759222046995916e-09
566.66666667 , 3.496380667393558e-06 , 5.138523370357786e-09
570.00000000 , 3.930760032746413e-06 , 5.476508724929237e-09
573.33333333 , 4.388882335800790e-06 , 5.836454531723355e-09
576.66666667 , 4.876042223065990e-06 , 6.196939057144081e-09
580.00000000 , 5.363693534227981e-06 , 6.557758493742798e-09
583.33333333 , 5.911094061900268e-06 , 6.929362015734071e-09
586.66666667 , 6.437785109553619e-06 , 7.270736529325494e-09
590.00000000 , 7.006776854095165e-06 , 7.641726342751803e-09
593.33333333 , 7.603472297281460e-06 , 8.007158846203868e-09
596.66666667 , 8.188670937169723e-06 , 8.361565629606390e-09
600.00000000 , 8.821396624186391e-06 , 8.740633573101929e-09
603.33333333 , 9.459188098492212e-06 , 9.106885093722650e-09
606.66666667 , 1.013582550320252e-05 , 9.485896486545022e-09
610.00000000 , 1.082076295311581e-05 , 9.859717645603709e-09
613.33333333 , 1.150155075357118e-05 , 1.022661667960501e-08
616.66666667 , 1.219526890181800e-05 , 1.058488837473993e-08
620.00000000 , 1.292292993151241e-05 , 1.094863063580489e-08
623.33333333 , 1.367873201933896e-05 , 1.132305657760242e-08
626.66666667 , 1.442551621039406e-05 , 1.169433436980190e-08
630.00000000 , 1.523440495764947e-05 , 1.209165223196709e-08
633.33333333 , 1.601141910292092e-05 , 1.245222363055877e-08
636.66666667 , 1.684683239387725e-05 , 1.285221116201134e-08
640.00000000 , 1.769473514220395e-05 , 1.323435509448928e-08
643.33333333 , 1.852226686573812e-05 , 1.359583270445034e-08
646.66666667 , 1.937015186827283e-05 , 1.397275786015936e-08
650.00000000 , 2.031673436207343e-05 , 1.439464452400521e-08
653.33333333 , 2.120250016418530e-05 , 1.476844399695469e-08
656.66666667 , 2.210407539750791e-05 , 1.514872096979591e-08
660.00000000 , 2.307191928318680e-05 , 1.554943167803698e-08
663.33333333 , 2.404385863361484e-05 , 1.594284948258065e-08
666.66666667 , 2.502911007105518e-05 , 1.634274694521382e-08
670.00000000 , 2.601127361151310e-05 , 1.673867618100363e-08
673.33333333 , 2.706010765044340e-05 , 1.715584027523064e-08
676.66666667 , 2.811426971447888e-05 , 1.756057568893754e-08
680.00000000 , 2.917753886478638e-05 , 1.797164178845330e-08
683.33333333 , 3.026153721920731e-05 , 1.837632227565439e-08
686.66666667 , 3.138268832055381e-05 , 1.879116847705250e-08
690.00000000 , 3.253930534801732e-05 , 1.922864219607835e-08
693.33333333 , 3.369703059808199e-05 , 1.964494012526832e-08
696.66666667 , 3.492221756189711e-05 , 2.010444000092867e-08
700.00000000 , 3.613719379458789e-05 , 2.052540094462778e-08
703.33333333 , 3.736333879527585e-05 , 2.095357100254561e-08
706.66666667 , 3.862119136067682e-05 , 2.136591161127642e-08
710.00000000 , 3.992914034882977e-05 , 2.183561781573219e-08
713.33333333 , 4.132984189880925e-05 , 2.231628978577217e-08
716.66666667 , 4.270743885897267e-05 , 2.278414738856921e-08
720.00000000 , 4.406550767112909e-05 , 2.321998184611400e-08
723.33333333 , 4.552806333827783e-05 , 2.371313204015365e-08
726.66666667 , 4.699593734558899e-05 , 2.416616911598767e-08
730.00000000 , 4.845505159517085e-05 , 2.463300456844168e-08
733.33333333 , 5.003427148243190e-05 , 2.513607891919826e-08
736.66666667 , 5.158695376551690e-05 , 2.561144968399507e-08
740.00000000 , 5.322761914585992e-05 , 2.610366787186244e-08
743.33333333 , 5.492511659308921e-05 , 2.662883587127137e-08
746.66666667 , 5.660172250305613e-05 , 2.714303576347134e-08
750.00000000 , 5.836649243112633e-05 , 2.764326103400418e-08
753.33333333 , 6.017698512340855e-05 , 2.819063100283687e-08
756.66666667 , 6.205141514104267e-05 , 2.871902563484324e-08
760.00000000 , 6.392791401319927e-05 , 2.925781857893504e-08
763.33333333 , 6.589821292075436e-05 , 2.982078199880358e-08
766.66666667 , 6.793335176381774e-05 , 3.036687987357196e-08
770.00000000 , 6.995512526319038e-05 , 3.091179537732004e-08
773.33333333 , 7.213798698607507e-05 , 3.150115985620171e-08
776.66666667 , 7.431627132628274e-05 , 3.208860989596783e-08
780.00000000 , 7.656215625997440e-05 , 3.265816818063415e-08
783.33333333 , 7.895815805190481e-05 , 3.329758691872241e-08
786.66666667 , 8.131044942180163e-05 , 3.390013525715678e-08
790.00000000 , 8.383869365438884e-05 , 3.453682363923190e-08
793.33333333 , 8.634143456302777e-05 , 3.515836710289804e-08
796.66666667 , 8.897769736851938e-05 , 3.579190974151637e-08
800.00000000 , 9.175236442793222e-05 , 3.648551442884106e-08
803.33333333 , 9.447425646069252e-05 , 3.710166746069892e-08
806.66666667 , 9.740902858689063e-05 , 3.779723164523572e-08
810.00000000 , 1.003373603413256e-04 , 3.845724275385878e-08
813.33333333 , 1.034842457742874e-04 , 3.916917108943830e-08
816.66666667 , 1.067133631074015e-04 , 3.990197352261901e-08
820.00000000 , 1.100501492439492e-04 , 4.064802923803350e-08
823.33333333 , 1.134417405187872e-04 , 4.136060112865216e-08
826.66666667 , 1.170620170898353e-04 , 4.214277686603037e-08
830.00000000 , 1.208305202678356e-04 , 4.292751249932264e-08
833.33333333 , 1.247429355084823e-04 , 4.373655512769286e-08
836.66666667 , 1.286822416175487e-04 , 4.453816610529179e-08
840.00000000 , 1.328863825402492e-04 , 4.537503457040344e-08
843.33333333 , 1.371980718534327e-04 , 4.622483635317980e-08
846.66666667 , 1.418019841265019e-04 , 4.710285962303078e-08
850.00000000 , 1.464283657596377e-04 , 4.796254985145251e-08
853.33333333 , 1.514293057545462e-04 , 4.889923997348362e-08
856.66666667 , 1.566635144626948e-04 , 4.989741345353418e-08
860.00000000 , 1.619346995756872e-04 , 5.081414142800152e-08
863.33333333 , 1.676107334128000e-04 , 5.182564907032638e-08
866.66666667 , 1.733645896994772e-04 , 5.279839345248362e-08
870.00000000 , 1.796900643163353e-04 , 5.391107389832039e-08
873.33333333 , 1.859613325447182e-04 , 5.491925086976706e-08
876.66666667 , 1.928983097459886e-04 , 5.608061206286853e-08
880.00000000 , 1.999988624782825e-04 , 5.724388173794823e-08
883.33333333 , 2.075191965879069e-04 , 5.840552679860172e-08
886.66666667 , 2.154801700662165e-04 , 5.965529656308526e-08
890.00000000 , 2.238038404662513e-04 , 6.090395090859390e-08
893.33333333 , 2.326919679519287e-04 , 6.221652782513263e-08
896.66666667 , 2.420386381665869e-04 , 6.360313787860435e-08
900.00000000 , 2.520494086626619e-04 , 6.502507355745355e-08
903.33333333 , 2.625126778432380e-04 , 6.649708544119444e-08
906.66666667 , 2.737157652190324e-04 , 6.799219872206133e-08
910.00000000 , 2.857813363588071e-04 , 6.960977863948272e-08
913.33333333 , 2.985078092613466e-04 , 7.124795907517002e-08
916.66666667 , 3.120265962733779e-04 , 7.296623986775266e-08
920.00000000 , 3.267048575200615e-04 , 7.480259578812253e-08
923.33333333 , 3.425437460476671e-04 , 7.672161768147688e-08
926.66666667 , 3.594513274768194e-04 , 7.870379777759449e-08
930.00000000 , 3.776417239984617e-04 , 8.077106757613436e-08
933.33333333 , 3.974785650355042e-04 , 8.298533371958725e-08
936.66666667 , 4.190250930405270e-04 , 8.531646265054471e-08
940.00000000 , 4.404100045872623e-04 , 8.760017546977612e-08
943.33333333 , 4.452382006037696e-04 , 8.809005162675593e-08
946.66666667 , 4.472908121965085e-04 , 8.829926734381928e-08
950.00000000 , 4.527404782488266e-04 , 8.880423903875083e-08
953.33333333 , 4.609884241348693e-04 , 8.953107302128367e-08
956.66666667 , 4.726945419249430e-04 , 9.059448718235665e-08
960.00000000 , 4.878783593055237e-04 , 9.194968535062077e-08
963.33333333 , 5.067438337356113e-04 , 9.359467674621471e-08
966.66666667 , 5.298175005747192e-04 , 9.552201537845338e-08
970.00000000 , 5.546816539191258e-04 , 9.763009918357644e-08
973.33333333 , 5.780300549063964e-04 , 9.974218449192768e-08
976.66666667 , 6.056186585897482e-04 , 1.022242326652902e-07
980.00000000 , 6.391523536924249e-04 , 1.050774815345555e-07
983.33333333 , 6.806248562983339e-04 , 1.085310930177439e-07
986.66666667 , 7.322915195809636e-04 , 1.126859621587331e-07
990.00000000 , 7.975128405502977e-04 , 1.176774687564337e-07
993.33333333 , 8.814385374491786e-04 , 1.238304727506565e-07
996.66666667 , 9.925837722380203e-04 , 1.314448255751298e-07
1000.00000000 , 1.145947607484308e-03 , 1.413002772201831e-07
1003.33333333 , 1.370463729045352e-03 , 1.546291496181671e-07
1006.66666667 , 1.726790005677369e-03 , 1.736229486866782e-07
1010.00000000 , 2.379738170337064e-03 , 2.038894443713332e-07
1013.33333333 , 3.979932564392200e-03 , 2.637503162458219e-07
1016.66666667 , 2.566838152511782e-02 , 6.602804166705000e-07
1020.00000000 , 2.259843345329249e-02 , 5.667709753892616e-07
1023.33333333 , 0.000000000000000e+00 , 0.000000000000000e+00
1026.66666667 , 0.000000000000000e+00 , 0.000000000000000e+00
1030.00000000 , 0.000000000000000e+00 , 0.000000000000000e+00
1033.33333333 , 0.000000000000000e+00 , 0.000000000000000e+00
1036.66666667 , 0.000000000000000e+00 , 0.000000000000000e+00
1040.00000000 , 0.000000000000000e+00 , 0.000000000000000e+00
1043.33333333 , 0.000000000000000e+00 , 0.000000000000000e+00
1046.66666667 , 0.000000000000000e+00 , 0.000000000000000e+00
1050.00000000 , 0.000000000000000e+00 , 0.000000000000000e+00
1053.33333333 , 0.000000000000000e+00 , 0.000000000000000e+00
1056.66666667 , 0.000000000000000e+00 , 0.000000000000000e+00
1060.00000000 , 0.000000000000000e+00 , 0.000000000000000e+00
1063.33333333 , 0.000000000000000e+00 , 0.000000000000000e+00
1066.66666667 , 0.000000000000000e+00 , 0.000000000000000e+00
1070.00000000 , 0.000000000000000e+00 , 0.000000000000000e+00
1073.33333333 , 0.000000000000000e+00 , 0.000000000000000e+00
1076.66666667 , 0.000000000000000e+00 , 0.000000000000000e+00
1080.00000000 , 0.000000000000000e+00 , 0.000000000000000e+00
1083.33333333 , 0.000000000000000e+00 , 0.000000000000000e+00
1086.66666667 , 0.000000000000000e+00 , 0.000000000000000e+00
1090.00000000 , 0.000000000000000e+00 , 0.000000000000000e+00
1093.33333333 , 0.000000000000000e+00 , 0.000000000000000e+00
1096.66666667 , 0.000000000000000e+00 , 0.000000000000000e+00
1100.00000000 , 0.000000000000000e+00 , 0.000000000000000e+00
1103.33333333 , 0.000000000000000e+00 , 0.000000000000000e+00
1106.66666667 , 0.000000000000000e+00 , 0.000000000000000e+00
1110.00000000 , 0.000000000000000e+00 , 0.000000000000000e+00
1113.33333333 , 0.000000000000000e+00 , 0.000000000000000e+00
1116.66666667 , 0.000000000000000e+00 , 0.000000000000000e+00
1120.00000000 , 0.000000000000000e+00 , 0.000000000000000e+00
1123.33333333 , 0.000000000000000e+00 , 0.000000000000000e+00
1126.66666667 , 0.000000000000000e+00 , 0.000000000000000e+00
1130.00000000 , 0.000000000000000e+00 , 0.000000000000000e+00
1133.33333333 , 0.000000000000000e+00 , 0.000000000000000e+00
1136.66666667 , 0.000000000000000e+00 , 0.000000000000000e+00
1140.00000000 , 0.000000000000000e+00 , 0.000000000000000e+00
1143.33333333 , 0.000000000000000e+00 , 0.000000000000000e+00
1146.66666667 , 0.000000000000000e+00 , 0.000000000000000e+00
1150.00000000 , 0.000000000000000e+00 , 0.000000000000000e+00
1153.33333333 , 0.000000000000000e+00 , 0.000000000000000e+00
1156.66666667 , 0.000000000000000e+00 , 0.000000000000000e+00
1160.00000000 , 0.000000000000000e+00 , 0.000000000000000e+00
1163.33333333 , 0.000000000000000e+00 , 0.000000000000000e+00
1166.66666667 , 0.000000000000000e+00 , 0.000000000000000e+00
1170.00000000 , 0.000000000000000e+00 , 0.000000000000000e+00
1173.33333333 , 0.000000000000000e+00 , 0.000000000000000e+00
1176.66666667 , 0.000000000000000e+00 , 0.000000000000000e+00
1180.00000000 , 0.000000000000000e+00 , 0.000000000000000e+00
1183.33333333 , 0.000000000000000e+00 , 0.000000000000000e+00
1186.66666667 , 0.000000000000000e+00 , 0.000000000000000e+00
1190.00000000 , 0.000000000000000e+00 , 0.000000000000000e+00
1193.33333333 , 0.000000000000000e+00 , 0.000000000000000e+00
1196.66666667 , 0.000000000000000e+00 , 0.000000000000000e+00
1200.00000000 , 0.000000000000000e+00 , 0.000000000000000e+00
1203.33333333 , 0.000000000000000e+00 , 0.000000000000000e+00
1206.66666667 , 0.000000000000000e+00 , 0.000000000000000e+00
1210.00000000 , 0.000000000000000e+00 , 0.000000000000000e+00
1213.33333333 , 0.000000000000000e+00 , 0.000000000000000e+00
1216.66666667 , 0.000000000000000e+00 , 0.000000000000000e+00
1220.00000000 , 0.000000000000000e+00 , 0.000000000000000e+00
1223.33333333 , 0.000000000000000e+00 , 0.000000000000000e+00
1226.66666667 , 0.000000000000000e+00 , 0.000000000000000e+00
1230.00000000 , 0.000000000000000e+00 , 0.000000000000000e+00
1233.33333333 , 0.000000000000000e+00 , 0.000000000000000e+00
1236.66666667 , 0.000000000000000e+00 , 0.000000000000000e+00
1240.00000000 , 0.000000000000000e+00 , 0.000000000000000e+00
1243.33333333 , 0.000000000000000e+00 , 0.000000000000000e+00
1246.66666667 , 0.000000000000000e+00 , 0.000000000000000e+00
1250.00000000 , 0.000000000000000e+00 , 0.000000000000000e+00
1253.33333333 , 0.000000000000000e+00 , 0.000000000000000e+00
1256.66666667 , 0.000000000000000e+00 , 0.000000000000000e+00
1260.00000000 , 0.000000000000000e+00 , 0.000000000000000e+00
1263.33333333 , 0.000000000000000e+00 , 0.000000000000000e+00
1266.66666667 , 0.000000000000000e+00 , 0.000000000000000e+00
1270.00000000 , 0.000000000000000e+00 , 0.000000000000000e+00
1273.33333333 , 0.000000000000000e+00 , 0.000000000000000e+00
1276.66666667 , 0.000000000000000e+00 , 0.000000000000000e+00
1280.00000000 , 0.000000000000000e+00 , 0.000000000000000e+00
1283.33333333 , 0.000000000000000e+00 , 0.000000000000000e+00
1286.66666667 , 0.000000000000000e+00 , 0.000000000000000e+00
1290.00000000 , 0.000000000000000e+00 , 0.000000000000000e+00
1293.33333333 , 0.000000000000000e+00 , 0.000000000000000e+00
1296.66666667 , 0.000000000000000e+00 , 0.000000000000000e+00
1300.00000000 , 0.000000000000000e+00 , 0.000000000000000e+00
1303.33333333 , 0.000000000000000e+00 , 0.000000000000000e+00
1306.66666667 , 0.000000000000000e+00 , 0.000000000000000e+00
1310.00000000 , 0.000000000000000e+00 , 0.000000000000000e+00
1313.33333333 , 0.000000000000000e+00 , 0.000000000000000e+00
1316.66666667 , 0.000000000000000e+00 , 0.000000000000000e+00
1320.00000000 , 0.000000000000000e+00 , 0.000000000000000e+00
1323.33333333 , 0.000000000000000e+00 , 0.000000000000000e+00
1326.66666667 , 0.000000000000000e+00 , 0.000000000000000e+00
1330.00000000 , 0.000000000000000e+00 , 0.000000000000000e+00
1333.33333333 , 0.000000000000000e+00 , 0.000000000000000e+00
1336.66666667 , 0.000000000000000e+00 , 0.000000000000000e+00
1340.00000000 , 0.000000000000000e+00 , 0.000000000000000e+00
1343.33333333 , 0.000000000000000e+00 , 0.000000000000000e+00
1346.66666667 , 0.000000000000000e+00 , 0.000000000000000e+00
1350.00000000 , 0.000000000000000e+00 , 0.000000000000000e+00
1353.33333333 , 0.000000000000000e+00 , 0.000000000000000e+00
1356.66666667 , 0.000000000000000e+00 , 0.000000000000000e+00
1360.00000000 , 0.000000000000000e+00 , 0.000000000000000e+00
1363.33333333 , 0.000000000000000e+00 , 0.000000000000000e+00
1366.66666667 , 0.000000000000000e+00 , 0.000000000000000e+00
1370.00000000 , 0.000000000000000e+00 , 0.000000000000000e+00
1373.33333333 , 0.000000000000000e+00 , 0.000000000000000e+00
1376.66666667 , 0.000000000000000e+00 , 0.000000000000000e+00
1380.00000000 , 0.000000000000000e+00 , 0.000000000000000e+00
1383.33333333 , 0.000000000000000e+00 , 0.000000000000000e+00
1386.66666667 , 0.000000000000000e+00 , 0.000000000000000e+00
1390.00000000 , 0.000000000000000e+00 , 0.000000000000000e+00
1393.33333333 , 0.000000000000000e+00 , 0.000000000000000e+00
1396.66666667 , 0.000000000000000e+00 , 0.000000000000000e+00
1400.00000000 , 0.000000000000000e+00 , 0.000000000000000e+00
1403.33333333 , 0.000000000000000e+00 , 0.000000000000000e+00
1406.66666667 , 0.000000000000000e+00 , 0.000000000000000e+00
1410.00000000 , 0.000000000000000e+00 , 0.000000000000000e+00
1413.33333333 , 0.000000000000000e+00 , 0.000000000000000e+00
1416.66666667 , 0.000000000000000e+00 , 0.000000000000000e+00
1420.00000000 , 0.000000000000000e+00 , 0.000000000000000e+00
1423.33333333 , 0.000000000000000e+00 , 0.000000000000000e+00
1426.66666667 , 0.000000000000000e+00 , 0.000000000000000e+00
1430.00000000 , 0.000000000000000e+00 , 0.000000000000000e+00
1433.33333333 , 0.000000000000000e+00 , 0.000000000000000e+00
1436.66666667 , 0.000000000000000e+00 , 0.000000000000000e+00
1440.00000000 , 0.000000000000000e+00 , 0.000000000000000e+00
1443.33333333 , 0.000000000000000e+00 , 0.000000000000000e+00
1446.66666667 , 0.000000000000000e+00 , 0.000000000000000e+00
1450.00000000 , 0.000000000000000e+00 , 0.000000000000000e+00
1453.33333333 , 0.000000000000000e+00 , 0.000000000000000e+00
1456.66666667 , 0.000000000000000e+00 , 0.000000000000000e+00
1460.00000000 , 0.000000000000000e+00 , 0.000000000000000e+00
1463.33333333 , 0.000000000000000e+00 , 0.000000000000000e+00
1466.66666667 , 0.000000000000000e+00 , 0.000000000000000e+00
1470.00000000 , 0.000000000000000e+00 , 0.000000000000000e+00
1473.33333333 , 0.000000000000000e+00 , 0.000000000000000e+00
1476.66666667 , 0.000000000000000e+00 , 0.000000000000000e+00
1480.00000000 , 0.000000000000000e+00 , 0.000000000000000e+00
1483.33333333 , 0.000000000000000e+00 , 0.000000000000000e+00
1486.66666667 , 0.000000000000000e+00 , 0.000000000000000e+00
1490.00000000 , 0.000000000000000e+00 , 0.000000000000000e+00
1493.33333333 , 0.000000000000000e+00 , 0.000000000000000e+00
1496.66666667 , 0.000000000000000e+00 , 0.000000000000000e+00
1500.00000000 , 0.000000000000000e+00 , 0.000000000000000e+00
1503.33333333 , 0.000000000000000e+00 , 0.000000000000000e+00
1506.66666667 , 0.000000000000000e+00 , 0.000000000000000e+00
1510.00000000 , 0.000000000000000e+00 , 0.000000000000000e+00
1513.33333333 , 0.000000000000000e+00 , 0.000000000000000e+00
1516.66666667 , 0.000000000000000e+00 , 0.000000000000000e+00
1520.00000000 , 0.000000000000000e+00 , 0.000000000000000e+00
1523.33333333 , 0.000000000000000e+00 , 0.000000000000000e+00
1526.66666667 , 0.000000000000000e+00 , 0.000000000000000e+00
1530.00000000 , 0.000000000000000e+00 , 0.000000000000000e+00
1533.33333333 , 0.000000000000000e+00 , 0.000000000000000e+00
1536.66666667 , 0.000000000000000e+00 , 0.000000000000000e+00
1540.00000000 , 0.000000000000000e+00 , 0.000000000000000e+00
1543.33333333 , 0.000000000000000e+00 , 0.000000000000000e+00
1546.66666667 , 0.000000000000000e+00 , 0.000000000000000e+00
1550.00000000 , 0.000000000000000e+00 , 0.000000000000000e+00
1553.33333333 , 0.000000000000000e+00 , 0.000000000000000e+00
1556.66666667 , 0.000000000000000e+00 , 0.000000000000000e+00
1560.00000000 , 0.000000000000000e+00 , 0.000000000000000e+00
1563.33333333 , 0.000000000000000e+00 , 0.000000000000000e+00
1566.66666667 , 0.000000000000000e+00 , 0.000000000000000e+00
1570.00000000 , 0.000000000000000e+00 , 0.000000000000000e+00
1573.33333333 , 0.000000000000000e+00 , 0.000000000000000e+00
1576.66666667 , 0.000000000000000e+00 , 0.000000000000000e+00
1580.00000000 , 0.000000000000000e+00 , 0.000000000000000e+00
1583.33333333 , 0.000000000000000e+00 , 0.000000000000000e+00
1586.66666667 , 0.000000000000000e+00 , 0.000000000000000e+00
1590.00000000 , 0.000000000000000e+00 , 0.000000000000000e+00
1593.33333333 , 0.000000000000000e+00 , 0.000000000000000e+00
1596.66666667 , 0.000000000000000e+00 , 0.000000000000000e+00
1600.00000000 , 0.000000000000000e+00 , 0.000000000000000e+00
1603.33333333 , 0.000000000000000e+00 , 0.000000000000000e+00
1606.66666667 , 0.000000000000000e+00 , 0.000000000000000e+00
1610.00000000 , 0.000000000000000e+00 , 0.000000000000000e+00
1613.33333333 , 0.000000000000000e+00 , 0.000000000000000e+00
1616.66666667 , 0.000000000000000e+00 , 0.000000000000000e+00
1620.00000000 , 0.000000000000000e+00 , 0.000000000000000e+00
1623.33333333 , 0.000000000000000e+00 , 0.000000000000000e+00
1626.66666667 , 0.000000000000000e+00 , 0.000000000000000e+00
1630.00000000 , 0.000000000000000e+00 , 0.000000000000000e+00
1633.33333333 , 0.000000000000000e+00 , 0.000000000000000e+00
1636.66666667 , 0.000000000000000e+00 , 0.000000000000000e+00
1640.00000000 , 0.000000000000000e+00 , 0.000000000000000e+00
1643.33333333 , 0.000000000000000e+00 , 0.000000000000000e+00
1646.66666667 , 0.000000000000000e+00 , 0.000000000000000e+00
1650.00000000 , 0.000000000000000e+00 , 0.000000000000000e+00
1653.33333333 , 0.000000000000000e+00 , 0.000000000000000e+00
1656.66666667 , 0.000000000000000e+00 , 0.000000000000000e+00
1660.00000000 , 0.000000000000000e+00 , 0.000000000000000e+00
1663.33333333 , 0.000000000000000e+00 , 0.000000000000000e+00
1666.66666667 , 0.000000000000000e+00 , 0.000000000000000e+00
1670.00000000 , 0.000000000000000e+00 , 0.000000000000000e+00
1673.33333333 , 0.000000000000000e+00 , 0.000000000000000e+00
1676.66666667 , 0.000000000000000e+00 , 0.000000000000000e+00
1680.00000000 , 0.000000000000000e+00 , 0.000000000000000e+00
1683.33333333 , 0.000000000000000e+00 , 0.000000000000000e+00
1686.66666667 , 0.000000000000000e+00 , 0.000000000000000e+00
1690.00000000 , 0.000000000000000e+00 , 0.000000000000000e+00
1693.33333333 , 0.000000000000000e+00 , 0.000000000000000e+00
1696.66666667 , 0.000000000000000e+00 , 0.000000000000000e+00
1700.00000000 , 0.000000000000000e+00 , 0.000000000000000e+00
1703.33333333 , 0.000000000000000e+00 , 0.000000000000000e+00
1706.66666667 , 0.000000000000000e+00 , 0.000000000000000e+00
1710.00000000 , 0.000000000000000e+00 , 0.000000000000000e+00
1713.33333333 , 0.000000000000000e+00 , 0.000000000000000e+00
1716.66666667 , 0.000000000000000e+00 , 0.000000000000000e+00
1720.00000000 , 0.000000000000000e+00 , 0.000000000000000e+00
1723.33333333 , 0.000000000000000e+00 , 0.000000000000000e+00
1726.66666667 , 0.000000000000000e+00 , 0.000000000000000e+00
1730.00000000 , 0.000000000000000e+00 , 0.000000000000000e+00
1733.33333333 , 0.000000000000000e+00 , 0.000000000000000e+00
1736.66666667 , 0.000000000000000e+00 , 0.000000000000000e+00
1740.00000000 , 0.000000000000000e+00 , 0.000000000000000e+00
1743.33333333 , 0.000000000000000e+00 , 0.000000000000000e+00
1746.66666667 , 0.000000000000000e+00 , 0.000000000000000e+00
1750.00000000 , 0.000000000000000e+00 , 0.000000000000000e+00
1753.33333333 , 0.000000000000000e+00 , 0.000000000000000e+00
1756.66666667 , 0.000000000000000e+00 , 0.000000000000000e+00
1760.00000000 , 0.000000000000000e+00 , 0.000000000000000e+00
1763.33333333 , 0.000000000000000e+00 , 0.000000000000000e+00
1766.66666667 , 0.000000000000000e+00 , 0.000000000000000e+00
1770.00000000 , 0.000000000000000e+00 , 0.000000000000000e+00
1773.33333333 , 0.000000000000000e+00 , 0.000000000000000e+00
1776.66666667 , 0.000000000000000e+00 , 0.000000000000000e+00
1780.00000000 , 0.000000000000000e+00 , 0.000000000000000e+00
1783.33333333 , 0.000000000000000e+00 , 0.000000000000000e+00
1786.66666667 , 0.000000000000000e+00 , 0.000000000000000e+00
1790.00000000 , 0.000000000000000e+00 , 0.000000000000000e+00
1793.33333333 , 0.000000000000000e+00 , 0.000000000000000e+00
1796.66666667 , 0.000000000000000e+00 , 0.000000000000000e+00
1800.00000000 , 0.000000000000000e+00 , 0.000000000000000e+00
1803.33333333 , 0.000000000000000e+00 , 0.000000000000000e+00
1806.66666667 , 0.000000000000000e+00 , 0.000000000000000e+00
1810.00000000 , 0.000000000000000e+00 , 0.000000000000000e+00
1813.33333333 , 0.000000000000000e+00 , 0.000000000000000e+00
1816.66666667 , 0.000000000000000e+00 , 0.000000000000000e+00
1820.00000000 , 0.000000000000000e+00 , 0.000000000000000e+00
1823.33333333 , 0.000000000000000e+00 , 0.000000000000000e+00
1826.66666667 , 0.000000000000000e+00 , 0.000000000000000e+00
1830.00000000 , 0.000000000000000e+00 , 0.000000000000000e+00
1833.33333333 , 0.000000000000000e+00 , 0.000000000000000e+00
1836.66666667 , 0.000000000000000e+00 , 0.000000000000000e+00
1840.00000000 , 0.000000000000000e+00 , 0.000000000000000e+00
1843.33333333 , 0.000000000000000e+00 , 0.000000000000000e+00
1846.66666667 , 0.000000000000000e+00 , 0.000000000000000e+00
1850.00000000 , 0.000000000000000e+00 , 0.000000000000000e+00
1853.33333333 , 0.000000000000000e+00 , 0.000000000000000e+00
1856.66666667 , 0.000000000000000e+00 , 0.000000000000000e+00
1860.00000000 , 0.000000000000000e+00 , 0.000000000000000e+00
1863.33333333 , 0.000000000000000e+00 , 0.000000000000000e+00
1866.66666667 , 0.000000000000000e+00 , 0.000000000000000e+00
1870.00000000 , 0.000000000000000e+00 , 0.000000000000000e+00
1873.33333333 , 0.000000000000000e+00 , 0.000000000000000e+00
1876.66666667 , 0.000000000000000e+00 , 0.000000000000000e+00
1880.00000000 , 0.000000000000000e+00 , 0.000000000000000e+00
1883.33333333 , 0.000000000000000e+00 , 0.000000000000000e+00
1886.66666667 , 0.000000000000000e+00 , 0.000000000000000e+00
1890.00000000 , 0.000000000000000e+00 , 0.000000000000000e+00
1893.33333333 , 0.000000000000000e+00 , 0.000000000000000e+00
1896.66666667 , 0.000000000000000e+00 , 0.000000000000000e+00
1900.00000000 , 0.000000000000000e+00 , 0.000000000000000e+00
1903.33333333 , 0.000000000000000e+00 , 0.000000000000000e+00
1906.66666667 , 0.000000000000000e+00 , 0.000000000000000e+00
1910.00000000 , 0.000000000000000e+00 , 0.000000000000000e+00
1913.33333333 , 0.000000000000000e+00 , 0.000000000000000e+00
1916.66666667 , 0.000000000000000e+00 , 0.000000000000000e+00
1920.00000000 , 0.000000000000000e+00 , 0.000000000000000e+00
1923.33333333 , 0.000000000000000e+00 , 0.000000000000000e+00
1926.66666667 , 0.000000000000000e+00 , 0.000000000000000e+00
1930.00000000 , 0.000000000000000e+00 , 0.000000000000000e+00
1933.33333333 , 0.000000000000000e+00 , 0.000000000000000e+00
1936.66666667 , 0.000000000000000e+00 , 0.000000000000000e+00
1940.00000000 , 0.000000000000000e+00 , 0.000000000000000e+00
1943.33333333 , 0.000000000000000e+00 , 0.000000000000000e+00
1946.66666667 , 0.000000000000000e+00 , 0.000000000000000e+00
1950.00000000 , 0.000000000000000e+00 , 0.000000000000000e+00
1953.33333333 , 0.000000000000000e+00 , 0.000000000000000e+00
1956.66666667 , 0.000000000000000e+00 , 0.000000000000000e+00
1960.00000000 , 0.000000000000000e+00 , 0.000000000000000e+00
1963.33333333 , 0.000000000000000e+00 , 0.000000000000000e+00
1966.66666667 , 0.000000000000000e+00 , 0.000000000000000e+00
1970.00000000 , 0.000000000000000e+00 , 0.000000000000000e+00
1973.33333333 , 0.000000000000000e+00 , 0.000000000000000e+00
1976.66666667 , 0.000000000000000e+00 , 0.000000000000000e+00
1980.00000000 , 0.000000000000000e+00 , 0.000000000000000e+00
1983.33333333 , 0.000000000000000e+00 , 0.000000000000000e+00
1986.66666667 , 0.000000000000000e+00 , 0.000000000000000e+00
1990.00000000 , 0.000000000000000e+00 , 0.000000000000000e+00
1993.33333333 , 0.000000000000000e+00 , 0.000000000000000e+00
1996.66666667 , 0.000000000000000e+00 , 0.000000000000000e+00
